p1_rainB_lowsm_dschg.asc
ncols     22
nrows     62
xllcorner      0.00000000
yllcorner      0.00000000
cellsize      0.50000000
nodata_value -9999
0.0000E+00 0.0000E+00 0.0000E+00 0.0000E+00 0.0000E+00 0.0000E+00 0.0000E+00 0.0000E+00 0.0000E+00 0.0000E+00 0.0000E+00 0.0000E+00 0.0000E+00 0.0000E+00 0.0000E+00 0.0000E+00 0.0000E+00 0.0000E+00 0.0000E+00 0.0000E+00 0.0000E+00 0.0000E+00
0.0000E+00 0.1772E-02 0.1320E-02 0.1018E-02 0.8941E-03 0.1066E-02 0.9601E-03 0.1893E-02 0.1398E-02 0.1042E-02 0.1014E-02 0.1019E-02 0.9152E-03 0.9900E-03 0.9001E-03 0.1127E-02 0.7016E-03 0.9507E-03 0.7828E-03 0.1636E-02 0.2882E-02 0.0000E+00
0.0000E+00 0.3786E-02 0.2312E-02 0.1960E-02 0.1891E-02 0.2302E-02 0.1052E-02 0.3155E-02 0.2513E-02 0.2102E-02 0.2517E-02 0.2193E-02 0.2863E-02 0.2236E-02 0.1749E-02 0.2158E-02 0.1784E-02 0.2183E-02 0.2915E-02 0.2583E-02 0.3063E-02 0.0000E+00
0.0000E+00 0.4626E-02 0.4930E-02 0.2789E-02 0.3251E-02 0.3456E-02 0.1673E-02 0.4142E-02 0.3294E-02 0.3037E-02 0.3168E-02 0.2713E-02 0.3510E-02 0.3023E-02 0.3038E-02 0.3235E-02 0.2591E-02 0.3090E-02 0.4048E-02 0.4355E-02 0.4400E-02 0.0000E+00
0.0000E+00 0.5735E-02 0.5780E-02 0.4189E-02 0.4231E-02 0.4781E-02 0.2716E-02 0.4958E-02 0.4397E-02 0.4236E-02 0.4291E-02 0.3387E-02 0.4510E-02 0.4438E-02 0.3718E-02 0.4137E-02 0.3651E-02 0.4149E-02 0.6118E-02 0.6556E-02 0.4669E-02 0.0000E+00
0.0000E+00 0.6528E-02 0.6718E-02 0.5245E-02 0.5320E-02 0.5695E-02 0.3755E-02 0.6105E-02 0.5242E-02 0.5230E-02 0.5351E-02 0.4497E-02 0.4663E-02 0.5507E-02 0.4707E-02 0.5980E-02 0.4664E-02 0.4681E-02 0.6302E-02 0.7282E-02 0.5852E-02 0.0000E+00
0.0000E+00 0.7630E-02 0.7936E-02 0.6172E-02 0.6392E-02 0.6874E-02 0.4954E-02 0.6626E-02 0.6293E-02 0.6160E-02 0.6581E-02 0.5549E-02 0.5771E-02 0.6061E-02 0.5612E-02 0.7554E-02 0.6345E-02 0.5643E-02 0.7239E-02 0.7781E-02 0.6668E-02 0.0000E+00
0.0000E+00 0.8535E-02 0.8693E-02 0.7430E-02 0.7209E-02 0.8313E-02 0.6113E-02 0.7661E-02 0.7056E-02 0.7084E-02 0.7506E-02 0.6372E-02 0.6650E-02 0.6858E-02 0.6581E-02 0.8488E-02 0.7511E-02 0.5822E-02 0.9421E-02 0.8882E-02 0.7503E-02 0.0000E+00
0.0000E+00 0.9817E-02 0.1084E-01 0.8461E-02 0.9148E-02 0.9767E-02 0.7369E-02 0.8689E-02 0.8039E-02 0.7825E-02 0.8191E-02 0.7211E-02 0.7547E-02 0.7954E-02 0.7797E-02 0.9200E-02 0.8553E-02 0.7125E-02 0.1068E-01 0.9624E-02 0.8861E-02 0.0000E+00
0.0000E+00 0.1054E-01 0.1129E-01 0.9346E-02 0.1015E-01 0.1036E-01 0.8386E-02 0.9719E-02 0.8904E-02 0.8733E-02 0.9042E-02 0.7684E-02 0.8349E-02 0.8824E-02 0.8699E-02 0.1020E-01 0.9414E-02 0.8424E-02 0.1190E-01 0.1084E-01 0.9333E-02 0.0000E+00
0.0000E+00 0.1211E-01 0.1222E-01 0.9818E-02 0.1171E-01 0.1149E-01 0.9246E-02 0.1013E-01 0.9967E-02 0.9509E-02 0.1013E-01 0.8774E-02 0.9431E-02 0.9789E-02 0.9741E-02 0.1164E-01 0.1021E-01 0.8943E-02 0.1331E-01 0.1213E-01 0.1006E-01 0.0000E+00
0.0000E+00 0.1243E-01 0.1322E-01 0.1044E-01 0.1252E-01 0.1218E-01 0.9859E-02 0.1052E-01 0.1109E-01 0.1041E-01 0.1083E-01 0.9706E-02 0.1029E-01 0.1095E-01 0.1063E-01 0.1314E-01 0.1135E-01 0.1004E-01 0.1405E-01 0.1338E-01 0.1094E-01 0.0000E+00
0.0000E+00 0.1315E-01 0.1626E-01 0.1233E-01 0.1361E-01 0.1317E-01 0.1044E-01 0.1117E-01 0.1183E-01 0.1227E-01 0.1219E-01 0.1055E-01 0.1135E-01 0.1229E-01 0.1127E-01 0.1372E-01 0.1224E-01 0.1086E-01 0.1478E-01 0.1406E-01 0.1149E-01 0.0000E+00
0.0000E+00 0.1425E-01 0.1683E-01 0.1320E-01 0.1481E-01 0.1376E-01 0.1134E-01 0.2517E-01 0.1308E-01 0.1273E-01 0.2535E-01 0.1143E-01 0.1189E-01 0.1321E-01 0.1216E-01 0.1454E-01 0.1324E-01 0.1176E-01 0.1602E-01 0.1464E-01 0.1236E-01 0.0000E+00
0.0000E+00 0.1560E-01 0.1693E-01 0.1439E-01 0.1719E-01 0.1598E-01 0.1257E-01 0.2545E-01 0.1115E-02 0.9358E-03 0.2574E-01 0.1225E-01 0.1288E-01 0.1402E-01 0.1299E-01 0.1478E-01 0.1396E-01 0.1235E-01 0.1720E-01 0.1566E-01 0.1332E-01 0.0000E+00
0.0000E+00 0.1623E-01 0.1775E-01 0.1554E-01 0.1775E-01 0.1656E-01 0.1351E-01 0.2600E-01 0.2482E-02 0.2186E-02 0.2641E-01 0.1297E-01 0.1408E-01 0.1481E-01 0.1342E-01 0.1547E-01 0.1456E-01 0.1325E-01 0.1822E-01 0.1640E-01 0.1420E-01 0.0000E+00
0.0000E+00 0.1692E-01 0.1945E-01 0.1600E-01 0.1882E-01 0.1752E-01 0.1505E-01 0.2654E-01 0.4037E-02 0.3819E-02 0.2786E-01 0.1364E-01 0.1455E-01 0.1509E-01 0.1435E-01 0.1583E-01 0.1578E-01 0.1380E-01 0.1885E-01 0.1694E-01 0.1506E-01 0.0000E+00
0.0000E+00 0.1870E-01 0.2081E-01 0.1802E-01 0.2157E-01 0.1854E-01 0.1642E-01 0.2714E-01 0.6348E-02 0.5236E-02 0.3080E-01 0.1386E-01 0.1587E-01 0.1577E-01 0.1498E-01 0.1677E-01 0.1710E-01 0.1513E-01 0.1937E-01 0.1743E-01 0.1591E-01 0.0000E+00
0.0000E+00 0.2046E-01 0.2122E-01 0.1845E-01 0.2486E-01 0.1956E-01 0.1801E-01 0.3535E-01 0.6708E-02 0.6976E-02 0.3053E-01 0.1442E-01 0.1630E-01 0.1612E-01 0.1573E-01 0.1720E-01 0.1888E-01 0.1774E-01 0.2129E-01 0.1755E-01 0.1605E-01 0.0000E+00
0.0000E+00 0.2144E-01 0.2236E-01 0.1927E-01 0.2689E-01 0.2183E-01 0.1887E-01 0.3738E-01 0.1212E-02 0.9432E-02 0.3243E-01 0.1510E-01 0.1753E-01 0.1760E-01 0.1799E-01 0.1799E-01 0.2215E-01 0.2098E-01 0.2161E-01 0.1835E-01 0.1717E-01 0.0000E+00
0.0000E+00 0.2290E-01 0.2303E-01 0.2016E-01 0.2700E-01 0.5124E-01 0.5896E-01 0.3874E-01 0.2707E-02 0.1174E-01 0.3414E-01 0.1543E-01 0.1815E-01 0.1839E-01 0.3802E-01 0.1983E-01 0.2179E-01 0.2094E-01 0.2224E-01 0.1984E-01 0.1965E-01 0.0000E+00
0.0000E+00 0.2374E-01 0.2347E-01 0.2092E-01 0.1351E-02 0.1120E+00 0.6048E-01 0.1311E-02 0.3586E-02 0.1279E-01 0.3507E-01 0.3522E-01 0.1922E-01 0.1886E-01 0.3801E-01 0.6620E-03 0.2362E-01 0.4391E-01 0.2406E-01 0.2094E-01 0.2156E-01 0.0000E+00
0.0000E+00 0.2379E-01 0.2393E-01 0.2163E-01 0.2799E-02 0.1138E+00 0.1084E-02 0.9011E-03 0.4764E-02 0.1339E-01 0.3555E-01 0.3554E-01 0.8087E-03 0.2028E-01 0.3834E-01 0.1638E-02 0.1580E-02 0.4528E-01 0.2589E-01 0.2129E-01 0.2264E-01 0.0000E+00
0.0000E+00 0.2501E-01 0.2504E-01 0.2671E-01 0.3868E-02 0.1134E+00 0.2288E-02 0.2205E-02 0.5735E-02 0.1406E-01 0.3562E-01 0.3614E-01 0.1081E-02 0.2049E-01 0.3851E-01 0.2216E-02 0.2717E-02 0.4581E-01 0.2721E-01 0.4627E-01 0.2316E-01 0.0000E+00
0.0000E+00 0.2662E-01 0.2673E-01 0.2822E-01 0.9529E-03 0.1128E+00 0.2651E-02 0.9792E-02 0.6732E-02 0.1458E-01 0.3592E-01 0.3640E-01 0.1840E-02 0.2098E-01 0.3878E-01 0.3431E-02 0.3903E-02 0.4693E-01 0.2722E-01 0.4735E-01 0.1238E-02 0.0000E+00
0.0000E+00 0.2695E-01 0.2766E-01 0.2815E-01 0.2438E-02 0.1133E+00 0.3739E-02 0.1034E-01 0.9120E-03 0.1525E-01 0.3601E-01 0.3696E-01 0.2959E-02 0.2170E-01 0.3877E-01 0.4007E-02 0.5237E-02 0.4714E-01 0.2802E-01 0.4763E-01 0.2413E-02 0.0000E+00
0.0000E+00 0.2739E-01 0.2915E-01 0.2984E-01 0.2442E-02 0.1171E+00 0.1205E+00 0.1117E-01 0.1935E-02 0.1612E-01 0.3606E-01 0.3681E-01 0.3837E-02 0.2267E-01 0.3860E-01 0.5558E-02 0.6364E-02 0.4746E-01 0.2909E-01 0.4823E-01 0.3591E-02 0.0000E+00
0.0000E+00 0.5763E-01 0.2923E-01 0.3033E-01 0.1047E-02 0.2576E-02 0.1536E+00 0.3168E-01 0.1983E-01 0.1696E-01 0.3580E-01 0.3781E-01 0.5127E-02 0.2289E-01 0.3858E-01 0.6299E-02 0.7317E-02 0.4748E-01 0.1245E+00 0.4812E-01 0.4570E-02 0.0000E+00
0.0000E+00 0.6108E-01 0.1122E-02 0.3248E-01 0.2712E-02 0.1872E-02 0.1544E+00 0.1091E-02 0.1332E-02 0.1124E-02 0.3634E-01 0.3836E-01 0.8257E-02 0.2394E-01 0.3887E-01 0.7281E-02 0.8170E-02 0.1263E-02 0.1244E+00 0.1488E-02 0.5863E-02 0.0000E+00
0.0000E+00 0.6077E-01 0.8949E-03 0.3256E-01 0.3979E-02 0.2956E-02 0.1559E+00 0.1103E-02 0.2543E-02 0.2154E-02 0.3656E-01 0.3865E-01 0.1016E-01 0.2507E-01 0.3958E-01 0.1013E-01 0.9508E-02 0.2186E-02 0.1245E+00 0.2451E-02 0.6980E-02 0.0000E+00
0.0000E+00 0.6148E-01 0.1938E-02 0.3285E-01 0.4600E-02 0.4162E-02 0.1571E+00 0.2284E-02 0.3510E-02 0.3981E-02 0.3693E-01 0.3891E-01 0.1048E-01 0.2558E-01 0.4019E-01 0.1318E-01 0.1127E-01 0.3293E-02 0.1243E+00 0.3631E-02 0.8164E-02 0.0000E+00
0.0000E+00 0.6164E-01 0.2940E-02 0.3357E-01 0.6475E-02 0.7021E-02 0.1585E+00 0.3389E-02 0.5364E-02 0.5600E-02 0.3758E-01 0.3987E-01 0.1138E-01 0.2671E-01 0.4012E-01 0.5295E-01 0.1307E-01 0.4738E-02 0.1243E+00 0.1365E-01 0.9044E-02 0.0000E+00
0.0000E+00 0.6155E-01 0.3828E-02 0.3440E-01 0.7199E-02 0.8130E-02 0.1580E+00 0.4475E-02 0.6992E-02 0.6403E-02 0.3857E-01 0.7977E-01 0.3931E-01 0.2803E-01 0.6195E-03 0.5319E-01 0.1529E-01 0.5774E-02 0.1245E+00 0.1437E-01 0.1252E-02 0.0000E+00
0.0000E+00 0.6184E-01 0.4731E-02 0.3535E-01 0.8203E-02 0.9084E-02 0.1576E+00 0.5951E-02 0.9737E-02 0.8188E-02 0.3932E-01 0.7958E-01 0.6743E-03 0.1095E-02 0.1186E-02 0.5304E-01 0.1541E-01 0.6412E-02 0.1244E+00 0.1531E-01 0.3245E-02 0.0000E+00
0.0000E+00 0.6251E-01 0.5775E-02 0.3504E-01 0.1062E-01 0.1007E-01 0.1567E+00 0.7370E-02 0.1172E-01 0.9217E-02 0.3946E-01 0.7972E-01 0.2339E-02 0.2255E-02 0.2084E-02 0.5267E-01 0.1578E-01 0.7660E-02 0.1245E+00 0.1523E-01 0.4529E-02 0.0000E+00
0.0000E+00 0.6309E-01 0.6478E-02 0.3531E-01 0.1263E-01 0.1089E-01 0.1570E+00 0.2071E-01 0.1296E-01 0.1064E-01 0.3974E-01 0.7980E-01 0.4095E-02 0.3907E-02 0.3182E-02 0.6852E-01 0.1597E-01 0.8751E-02 0.1245E+00 0.1605E-01 0.5600E-02 0.0000E+00
0.0000E+00 0.7006E-01 0.7347E-02 0.3577E-01 0.1383E-01 0.1184E-01 0.1789E+00 0.2121E-01 0.1462E-02 0.1235E-01 0.5188E-01 0.8043E-01 0.6489E-02 0.6034E-02 0.3182E-02 0.6925E-01 0.8061E-03 0.9594E-02 0.1243E+00 0.1653E-01 0.6275E-02 0.0000E+00
0.0000E+00 0.7048E-01 0.7441E-03 0.3580E-01 0.1443E-01 0.1283E-01 0.1793E+00 0.1011E-02 0.2274E-02 0.1361E-02 0.5197E-01 0.8104E-01 0.6936E-02 0.7717E-02 0.4873E-02 0.6899E-01 0.1854E-02 0.1009E-01 0.1239E+00 0.1842E-01 0.7844E-02 0.0000E+00
0.0000E+00 0.7044E-01 0.1331E-02 0.3604E-01 0.1494E-01 0.1466E-01 0.1805E+00 0.2247E-02 0.3730E-02 0.2612E-02 0.5241E-01 0.8149E-01 0.8080E-02 0.8697E-02 0.5215E-02 0.6889E-01 0.2940E-02 0.1094E-01 0.1235E+00 0.1962E-01 0.9681E-02 0.0000E+00
0.0000E+00 0.7075E-01 0.2600E-02 0.5261E-01 0.1673E-01 0.1621E-01 0.1822E+00 0.3742E-02 0.4535E-02 0.3409E-02 0.5230E-01 0.8203E-01 0.9420E-02 0.9273E-02 0.6367E-02 0.7105E-01 0.3931E-02 0.1182E-01 0.1238E+00 0.2006E-01 0.1167E-01 0.0000E+00
0.0000E+00 0.7101E-01 0.5553E-01 0.5278E-01 0.1073E-02 0.1646E-01 0.1819E+00 0.4374E-02 0.5574E-02 0.5601E-01 0.5201E-01 0.8276E-01 0.1049E+00 0.9460E-01 0.8581E-01 0.7962E-01 0.6645E-02 0.1392E-01 0.1243E+00 0.2158E-01 0.1261E-01 0.0000E+00
0.0000E+00 0.7067E-01 0.5713E-01 0.1389E-02 0.2160E-02 0.1775E-01 0.1895E+00 0.5312E-02 0.6596E-02 0.5662E-01 0.1866E-02 0.8218E-01 0.1053E+00 0.1004E-02 0.1639E-02 0.8761E-03 0.7370E-03 0.1617E-01 0.1248E+00 0.2172E-01 0.1376E-01 0.0000E+00
0.0000E+00 0.7064E-01 0.5722E-01 0.2543E-02 0.3855E-02 0.1902E-01 0.1896E+00 0.9670E-03 0.7722E-02 0.5578E-01 0.3025E-02 0.8219E-01 0.1045E+00 0.1750E-02 0.2627E-02 0.2301E-02 0.2297E-02 0.1839E-01 0.1246E+00 0.2265E-01 0.1486E-01 0.0000E+00
0.0000E+00 0.7108E-01 0.5686E-01 0.5292E-02 0.4659E-02 0.1950E-01 0.1888E+00 0.2735E-02 0.8066E-02 0.5608E-01 0.5040E-02 0.8319E-01 0.1067E+00 0.4823E-02 0.3253E-02 0.3134E-02 0.3840E-02 0.2056E-01 0.1250E+00 0.2332E-01 0.1544E-01 0.0000E+00
0.0000E+00 0.7048E-01 0.5723E-01 0.6595E-02 0.7660E-02 0.2073E-01 0.1893E+00 0.3681E-02 0.8359E-02 0.5642E-01 0.6493E-02 0.8556E-01 0.1078E+00 0.7384E-02 0.4682E-02 0.4170E-02 0.5008E-02 0.2055E-01 0.1247E+00 0.4025E-01 0.1641E-01 0.0000E+00
0.0000E+00 0.7083E-01 0.5775E-01 0.7508E-02 0.9802E-02 0.2160E-01 0.1889E+00 0.1349E-01 0.8986E-02 0.5618E-01 0.7354E-02 0.8822E-01 0.1066E+00 0.9496E-02 0.6056E-02 0.5618E-02 0.6050E-02 0.2183E-01 0.1246E+00 0.4188E-01 0.9939E-03 0.0000E+00
0.0000E+00 0.7156E-01 0.5838E-01 0.8369E-02 0.1063E-01 0.2260E-01 0.2020E+00 0.1414E-01 0.1064E-02 0.5608E-01 0.9722E-01 0.8976E-01 0.1057E+00 0.1183E-01 0.7438E-02 0.7222E-02 0.1476E-01 0.2219E-01 0.1238E+00 0.4430E-01 0.1826E-02 0.0000E+00
0.0000E+00 0.7128E-01 0.5963E-01 0.1108E-01 0.1279E-01 0.2335E-01 0.2022E+00 0.1143E-02 0.1663E-02 0.5611E-01 0.9583E-01 0.1123E-02 0.1050E+00 0.1304E-01 0.7973E-02 0.1124E-02 0.1647E-01 0.1621E+00 0.1232E+00 0.4473E-01 0.9992E-03 0.0000E+00
0.0000E+00 0.7139E-01 0.5999E-01 0.1333E-01 0.1410E-01 0.2427E-01 0.2027E+00 0.9915E-03 0.2858E-02 0.5605E-01 0.9564E-01 0.2539E-02 0.1046E+00 0.1577E-01 0.8902E-02 0.3079E-02 0.1206E-02 0.1614E+00 0.1250E-02 0.4512E-01 0.2463E-02 0.0000E+00
0.0000E+00 0.7098E-01 0.6102E-01 0.1403E-01 0.1653E-01 0.2708E-01 0.2043E+00 0.2166E-02 0.4897E-02 0.5695E-01 0.1007E+00 0.3677E-02 0.1039E+00 0.1567E-01 0.1161E-01 0.3656E-02 0.2814E-02 0.1603E+00 0.4077E-02 0.4551E-01 0.4028E-02 0.0000E+00
0.0000E+00 0.7068E-01 0.6114E-01 0.1540E-01 0.1738E-01 0.2712E-01 0.2043E+00 0.3245E-02 0.5489E-02 0.5698E-01 0.1004E+00 0.1076E-02 0.1045E+00 0.1849E-01 0.1469E-01 0.4503E-02 0.4230E-02 0.1612E+00 0.5661E-02 0.5197E-01 0.5514E-02 0.0000E+00
0.0000E+00 0.7286E-01 0.6443E-01 0.1881E-01 0.2075E-01 0.3126E-01 0.2052E+00 0.4495E-02 0.7277E-02 0.5740E-01 0.1003E+00 0.2162E-02 0.1045E+00 0.1808E-01 0.1711E-01 0.8099E-02 0.5884E-02 0.1661E+00 0.6612E-02 0.5291E-01 0.8681E-03 0.0000E+00
0.0000E+00 0.7252E-01 0.6401E-01 0.2133E-01 0.2417E-01 0.3391E-01 0.2042E+00 0.5703E-02 0.8444E-02 0.5695E-01 0.9991E-01 0.3089E-02 0.1040E+00 0.1852E-01 0.1968E-01 0.1816E+00 0.1713E+00 0.1660E+00 0.1230E-02 0.5318E-01 0.3115E-02 0.0000E+00
0.0000E+00 0.7128E-01 0.6305E-01 0.2051E-01 0.2691E-01 0.3386E-01 0.2030E+00 0.6971E-02 0.9483E-02 0.5846E-01 0.1011E+00 0.5217E-02 0.1048E+00 0.4120E-01 0.1910E-01 0.1839E+00 0.1647E-02 0.2036E-02 0.2489E-02 0.5357E-01 0.3714E-02 0.0000E+00
0.0000E+00 0.7226E-01 0.6281E-01 0.2072E-01 0.2795E-01 0.3413E-01 0.2035E+00 0.8454E-02 0.1030E-01 0.6073E-01 0.1103E+00 0.7366E-02 0.1049E+00 0.4251E-01 0.2043E-02 0.1858E+00 0.3180E-02 0.3657E-02 0.3286E-02 0.5379E-01 0.5134E-02 0.0000E+00
0.0000E+00 0.7216E-01 0.6279E-01 0.2147E-01 0.2714E-01 0.3428E-01 0.2033E+00 0.9278E-02 0.1192E-01 0.6448E-01 0.1108E+00 0.7286E-03 0.1061E+00 0.4264E-01 0.3042E-02 0.1843E+00 0.4666E-02 0.4462E-02 0.4765E-02 0.5387E-01 0.6766E-02 0.0000E+00
0.0000E+00 0.7203E-01 0.6293E-01 0.2170E-01 0.2728E-01 0.3465E-01 0.2025E+00 0.1007E-01 0.1242E-01 0.6799E-01 0.1092E+00 0.2374E-02 0.1068E+00 0.4219E-01 0.4215E-02 0.1834E+00 0.5526E-02 0.4379E-02 0.5820E-02 0.6246E-01 0.7848E-02 0.0000E+00
0.0000E+00 0.7207E-01 0.6356E-01 0.5266E-01 0.2999E-01 0.3487E-01 0.2020E+00 0.1106E-01 0.1315E-01 0.7049E-01 0.1083E+00 0.3226E-02 0.1075E+00 0.4404E-01 0.1884E+00 0.1836E+00 0.6570E-02 0.4690E-02 0.6886E-02 0.6428E-01 0.1557E-02 0.0000E+00
0.0000E+00 0.7153E-01 0.6431E-01 0.5292E-01 0.2142E-02 0.3537E-01 0.2014E+00 0.1205E-01 0.1414E-01 0.6915E-01 0.1084E+00 0.4304E-02 0.1066E+00 0.4506E-01 0.1859E+00 0.1120E-02 0.7453E-02 0.5491E-02 0.7633E-02 0.6450E-01 0.1253E-02 0.0000E+00
0.0000E+00 0.7140E-01 0.6430E-01 0.5300E-01 0.4736E-02 0.2354E+00 0.2006E+00 0.1277E-01 0.1516E-01 0.6803E-01 0.1081E+00 0.5443E-02 0.1060E+00 0.4485E-01 0.1861E+00 0.2328E-02 0.8245E-02 0.6815E-02 0.8588E-02 0.6461E-01 0.2336E-02 0.0000E+00
0.0000E+00 0.7110E-01 0.6458E-01 0.5774E-01 0.5441E-02 0.2361E+00 0.1107E-02 0.1326E-01 0.1884E+00 0.1748E+00 0.1073E+00 0.1552E+00 0.1503E+00 0.4539E-01 0.1995E+00 0.1238E-01 0.9103E-02 0.1827E-01 0.1029E-01 0.6808E-01 0.3620E-02 0.0000E+00
0.0000E+00 0.0000E+00 0.0000E+00 0.0000E+00 0.0000E+00 0.0000E+00 0.0000E+00 0.0000E+00 0.0000E+00 0.0000E+00 0.0000E+00 0.0000E+00 0.0000E+00 0.0000E+00 0.0000E+00 0.0000E+00 0.0000E+00 0.0000E+00 0.0000E+00 0.0000E+00 0.0000E+00 0.0000E+00
