p1_rainD_lowsm_sedtr.asc
ncols     22
nrows     62
xllcorner      0.00000000
yllcorner      0.00000000
cellsize      0.50000000
nodata_value -9999
0.0000E+00 0.0000E+00 0.0000E+00 0.0000E+00 0.0000E+00 0.0000E+00 0.0000E+00 0.0000E+00 0.0000E+00 0.0000E+00 0.0000E+00 0.0000E+00 0.0000E+00 0.0000E+00 0.0000E+00 0.0000E+00 0.0000E+00 0.0000E+00 0.0000E+00 0.0000E+00 0.0000E+00 0.0000E+00
0.0000E+00 0.1132E-02 0.1857E-03 0.4774E-05 0.5861E-06 0.1504E-03 0.4511E-05 0.3474E-04 0.6740E-03 0.3051E-04 0.9445E-05 0.5639E-04 0.2728E-05 0.1701E-04 0.1480E-05 0.6326E-06 0.3648E-06 0.7212E-05 0.7978E-06 0.9848E-03 0.1704E-02 0.0000E+00
0.0000E+00 0.4835E-02 0.8570E-04 0.4440E-04 0.6780E-04 0.4969E-03 0.8464E-04 0.8038E-03 0.4392E-03 0.1672E-03 0.1082E-02 0.2590E-03 0.1383E-02 0.2827E-03 -.1759E-06 0.4391E-04 0.5436E-04 0.1374E-03 0.2328E-02 0.3304E-03 0.4976E-03 0.0000E+00
0.0000E+00 0.2023E-02 0.3752E-02 0.1495E-04 0.1264E-02 0.7609E-03 -.3296E-06 0.2081E-03 0.1464E-03 0.1304E-03 0.2216E-03 0.2396E-05 0.3824E-03 0.6350E-04 0.7078E-03 0.3758E-03 0.5386E-04 0.9795E-04 0.1160E-02 0.1612E-02 0.1278E-02 0.0000E+00
0.0000E+00 0.2078E-02 0.7613E-02 0.1576E-02 0.1532E-02 0.3420E-02 0.3434E-03 0.5158E-03 0.9038E-03 0.5031E-03 0.1674E-03 0.6099E-07 0.1240E-02 0.6326E-03 0.9631E-04 0.2986E-03 0.1283E-03 0.4773E-04 0.7518E-03 0.2530E-02 0.2808E-03 0.0000E+00
0.0000E+00 0.1981E-02 0.4357E-02 0.2949E-02 0.6541E-03 0.1956E-02 0.1096E-02 0.1583E-02 0.2784E-03 0.9034E-03 0.7869E-03 0.8658E-04 -.1665E-06 0.6547E-03 0.6164E-04 0.1906E-02 0.8120E-04 0.4831E-05 0.8849E-03 0.1540E-02 0.1559E-02 0.0000E+00
0.0000E+00 0.2911E-02 0.8568E-02 0.1544E-02 0.3250E-02 0.2582E-02 0.2510E-02 0.2688E-03 0.1003E-02 0.3894E-03 0.9997E-03 0.3589E-03 0.2110E-03 0.2259E-03 0.6203E-04 0.2371E-02 0.3091E-03 0.4995E-04 0.5942E-03 0.9724E-03 0.2998E-03 0.0000E+00
0.0000E+00 0.1074E-02 0.4448E-02 0.1290E-02 0.9489E-03 0.1709E-02 0.1663E-02 0.5387E-03 0.3077E-03 0.1752E-03 0.3278E-02 0.4031E-03 0.5158E-04 0.3141E-03 0.1625E-03 0.3293E-02 0.2955E-03 -.4038E-07 0.2033E-02 0.7845E-03 0.1375E-03 0.0000E+00
0.0000E+00 0.3370E-02 0.3843E-02 0.6876E-03 0.3355E-02 0.1161E-02 0.6325E-03 0.9892E-03 0.3730E-03 0.5579E-04 0.7826E-03 0.2054E-03 0.8802E-04 0.9135E-04 0.1320E-03 0.1838E-02 0.8960E-03 0.8090E-04 0.1081E-02 0.5208E-03 0.1229E-02 0.0000E+00
0.0000E+00 0.1489E-02 0.3682E-02 0.1420E-02 0.3542E-02 0.6935E-03 0.1402E-02 0.4762E-03 0.1436E-02 0.6811E-03 0.4981E-03 0.3977E-04 0.6448E-03 0.6236E-03 0.5133E-03 0.1966E-02 0.5831E-03 0.2656E-03 0.9192E-03 0.1429E-02 0.3254E-03 0.0000E+00
0.0000E+00 0.7733E-03 0.2373E-02 0.4879E-03 0.2837E-02 0.3410E-02 0.1159E-02 0.1389E-03 0.7208E-03 0.1523E-03 0.1647E-02 0.6929E-04 0.3485E-03 0.2473E-03 0.3435E-03 0.2507E-02 0.2719E-03 0.2539E-03 0.4693E-02 0.1492E-02 0.1590E-03 0.0000E+00
0.0000E+00 0.3235E-03 0.1430E-02 0.1016E-03 0.1471E-02 0.9362E-03 0.8364E-03 0.1093E-04 0.3905E-03 0.5461E-03 0.7742E-03 0.3642E-04 0.1475E-03 0.1730E-02 0.6774E-03 0.9379E-03 0.1173E-02 0.3140E-03 0.1587E-02 0.8506E-03 0.2310E-03 0.0000E+00
0.0000E+00 0.7011E-03 0.8005E-02 0.1362E-02 0.4158E-02 0.1611E-02 0.2367E-03 0.1250E-05 0.3092E-03 0.1967E-02 0.1505E-02 0.9965E-04 0.2521E-03 0.1375E-02 0.3058E-03 0.6185E-03 0.3533E-03 0.1087E-03 0.9683E-03 0.5320E-03 0.6828E-04 0.0000E+00
0.0000E+00 0.2670E-03 0.1911E-02 0.1106E-02 0.3041E-02 0.4662E-03 0.1470E-02 0.1539E-02 0.2721E-03 0.6097E-03 0.5015E-03 0.2609E-03 0.1789E-03 0.1834E-02 0.8559E-03 0.4105E-03 0.2136E-02 0.8311E-03 0.1708E-02 0.7132E-03 0.2203E-03 0.0000E+00
0.0000E+00 0.2170E-02 0.7677E-03 0.3710E-02 0.5993E-02 0.2013E-02 0.2003E-02 0.4468E-03 0.5529E-04 0.7702E-05 0.2797E-02 0.6481E-03 0.7111E-03 0.7304E-03 0.5978E-03 0.1675E-03 0.2506E-02 0.3871E-03 0.2893E-02 0.4091E-03 0.1274E-02 0.0000E+00
0.0000E+00 0.3418E-02 0.1565E-02 0.4051E-02 0.4948E-02 0.2757E-02 0.9740E-03 0.3031E-03 0.3503E-02 0.1150E-02 0.4223E-02 0.6385E-03 0.6930E-03 0.4587E-03 0.1706E-03 0.5204E-04 0.9432E-03 0.4096E-03 0.1827E-02 0.3000E-03 0.9882E-03 0.0000E+00
0.0000E+00 0.1227E-02 0.1141E-01 0.2195E-02 0.7791E-02 0.2132E-02 0.5168E-02 0.7020E-03 0.3922E-02 0.3529E-02 0.5249E-02 0.3025E-03 0.3737E-03 0.4271E-03 0.1661E-02 0.1478E-04 0.8272E-03 0.2135E-03 0.1394E-02 0.1233E-03 0.1024E-02 0.0000E+00
0.0000E+00 0.4366E-02 0.3391E-02 0.1513E-02 0.5364E-02 0.1081E-02 0.3265E-02 0.2205E-03 0.2623E-02 0.2600E-02 0.5276E-02 0.5573E-04 0.1933E-02 0.5099E-03 0.6120E-03 0.1922E-02 0.1620E-02 0.1735E-02 0.1830E-02 0.4392E-03 0.1743E-02 0.0000E+00
0.0000E+00 0.8627E-02 0.3619E-02 0.1292E-02 0.1423E-01 0.6880E-02 0.3564E-02 0.2874E-02 0.1596E-02 0.1568E-02 0.2256E-02 0.8476E-05 0.1337E-02 0.1689E-03 0.6500E-03 0.5973E-03 0.2927E-02 0.2445E-02 0.3979E-02 0.4984E-04 0.6848E-03 0.0000E+00
0.0000E+00 0.3346E-02 0.5535E-02 0.1396E-02 0.3752E-02 0.7094E-02 0.6047E-02 0.1653E-02 0.5360E-04 0.5795E-02 0.2966E-02 0.7073E-04 0.1715E-02 0.2537E-03 0.4807E-03 0.3581E-03 0.7308E-02 0.8129E-02 0.2764E-02 0.2811E-03 0.3694E-02 0.0000E+00
0.0000E+00 0.6876E-02 0.3927E-02 0.8768E-03 0.2390E-02 0.1028E-01 0.4642E-02 0.5068E-02 0.4087E-03 0.6591E-02 0.4750E-02 0.5810E-05 0.5949E-03 0.3048E-03 0.2650E-03 0.1377E-03 0.2241E-02 0.3288E-02 0.3643E-02 0.1740E-02 0.3343E-02 0.0000E+00
0.0000E+00 0.4464E-02 0.2400E-02 0.3060E-02 0.7376E-03 0.9429E-02 0.3168E-02 0.4003E-03 0.6859E-03 0.2874E-02 0.2296E-02 0.3060E-03 0.3817E-03 0.5335E-03 0.4755E-03 -.1268E-06 0.2860E-02 0.4280E-02 0.1917E-02 0.2736E-02 0.2506E-02 0.0000E+00
0.0000E+00 0.2464E-02 0.1766E-02 0.2144E-02 0.1620E-02 0.8397E-02 0.6155E-04 0.2681E-05 0.2004E-02 0.4423E-02 0.3026E-02 0.1700E-03 -.1568E-07 0.1309E-02 0.6315E-03 0.3646E-02 0.1415E-02 0.1043E-01 0.4059E-02 0.1341E-02 0.1822E-02 0.0000E+00
0.0000E+00 0.5189E-02 0.1513E-02 0.1412E-02 0.7933E-03 0.9009E-02 0.1090E-03 0.5586E-03 0.8141E-03 0.4868E-02 0.3119E-02 0.1145E-02 0.6879E-07 0.5849E-03 0.7462E-03 0.5056E-03 0.1723E-02 0.7085E-02 0.1267E-02 0.1909E-02 0.4027E-02 0.0000E+00
0.0000E+00 0.2971E-02 0.4058E-02 0.1577E-02 0.1208E-04 0.1162E-01 -.2764E-06 0.4730E-03 0.3800E-03 0.1939E-02 0.1125E-02 0.3853E-03 0.2196E-06 0.4690E-03 0.2960E-03 0.2526E-03 0.8066E-03 0.3584E-02 0.4804E-03 0.1102E-02 0.1437E-03 0.0000E+00
0.0000E+00 0.1638E-02 0.5965E-02 0.7446E-03 0.9844E-03 0.1597E-01 0.1019E-02 0.7578E-03 0.2342E-05 0.1643E-02 0.7251E-03 0.2064E-03 0.1076E-03 0.2710E-03 0.8971E-04 0.5866E-04 0.1547E-02 0.4337E-02 0.3810E-02 0.2823E-02 0.4221E-03 0.0000E+00
0.0000E+00 0.1823E-02 0.2370E-02 0.2622E-02 -.2308E-06 0.5749E-02 0.5996E-02 0.7939E-03 0.7568E-04 0.9333E-03 0.4051E-03 0.2063E-03 0.2090E-03 0.1391E-03 0.6397E-04 0.1264E-02 0.1607E-02 0.6289E-02 0.7464E-02 0.5634E-02 0.5943E-03 0.0000E+00
0.0000E+00 0.1626E-02 0.1340E-02 0.1193E-02 0.3923E-04 0.1932E-02 0.2942E-02 0.1066E-02 0.2983E-02 0.2012E-02 0.1518E-03 0.1634E-02 0.5873E-03 0.1960E-03 0.2368E-04 0.3047E-03 0.1116E-02 0.1482E-02 0.3352E-02 0.2174E-02 0.3231E-03 0.0000E+00
0.0000E+00 0.5947E-03 0.9297E-05 0.2793E-02 0.1588E-02 0.8661E-03 0.2240E-02 0.3634E-04 0.6222E-03 0.3302E-03 0.7657E-03 0.5250E-03 0.2340E-02 0.2666E-02 0.1475E-03 0.3166E-03 0.6013E-03 0.5446E-03 0.4220E-02 0.8967E-03 0.1317E-02 0.0000E+00
0.0000E+00 0.1108E-02 0.6615E-06 0.8803E-03 0.6695E-03 0.4736E-03 0.1268E-01 0.4957E-03 0.1617E-02 0.3277E-03 0.1425E-02 0.1118E-02 0.4255E-02 0.4509E-02 0.2986E-02 0.7871E-02 0.1010E-02 0.8494E-03 0.3656E-02 0.3157E-03 0.2294E-02 0.0000E+00
0.0000E+00 0.1163E-01 0.7510E-04 0.6269E-02 0.9959E-03 0.1247E-02 0.1931E-01 0.4684E-03 0.5459E-03 0.7448E-03 0.1057E-02 0.5929E-02 0.7133E-02 0.3375E-02 0.1165E-02 0.6001E-02 0.1504E-02 0.2718E-03 0.3235E-02 0.7508E-03 0.8342E-03 0.0000E+00
0.0000E+00 0.1079E-01 0.1554E-03 0.3638E-02 0.1591E-02 0.5162E-02 0.1318E-01 0.3005E-03 0.3842E-02 0.1700E-02 0.1531E-02 0.2928E-02 0.6128E-02 0.2884E-02 0.5377E-03 0.1758E-02 0.8592E-03 0.9295E-03 0.3395E-02 0.1027E-02 0.8984E-03 0.0000E+00
0.0000E+00 0.4762E-02 0.1076E-03 0.9046E-02 0.6051E-03 0.2199E-02 0.6521E-02 0.2190E-03 0.3937E-02 0.1583E-02 0.1309E-02 0.5790E-02 0.4484E-02 0.2499E-02 -.5519E-07 0.1154E-02 0.1858E-03 0.2727E-03 0.2121E-02 0.8377E-03 0.3075E-03 0.0000E+00
0.0000E+00 0.4026E-02 0.3416E-04 0.6633E-02 0.8933E-03 0.2514E-02 0.4292E-02 0.9399E-03 0.3012E-02 0.1972E-02 0.1708E-02 0.4246E-02 0.6368E-07 0.1259E-03 0.6887E-03 0.3377E-02 0.6821E-03 0.1879E-03 0.1804E-02 0.3960E-03 0.9750E-03 0.0000E+00
0.0000E+00 0.6942E-02 0.6040E-03 0.2726E-02 0.3769E-02 0.1425E-02 0.3998E-02 0.2696E-02 0.3032E-02 0.1031E-02 0.9090E-03 0.7704E-02 0.2083E-02 0.2172E-03 0.9553E-04 0.1887E-02 0.1553E-02 0.1775E-02 0.1966E-02 0.1830E-03 0.9112E-03 0.0000E+00
0.0000E+00 0.6361E-02 0.9838E-04 0.1539E-02 0.2822E-02 0.3069E-02 0.1192E-01 0.1596E-02 0.1230E-02 0.9319E-03 0.3682E-02 0.7224E-02 0.2777E-02 0.1388E-02 0.5369E-04 0.1341E-02 0.5823E-03 0.1098E-02 0.9680E-03 0.1357E-03 0.1310E-02 0.0000E+00
0.0000E+00 0.3193E-02 0.8034E-04 0.2017E-02 0.2962E-02 0.1907E-02 0.1205E-01 0.1785E-02 0.4942E-03 0.2471E-02 0.2585E-02 0.6913E-02 0.3949E-02 0.4042E-02 -.3485E-06 0.5080E-02 -.2998E-06 0.2661E-02 0.1714E-02 0.6792E-04 0.7598E-03 0.0000E+00
0.0000E+00 0.1840E-02 -.4029E-07 0.1041E-02 0.1868E-02 0.1089E-02 0.1170E-01 0.7234E-04 0.2078E-03 0.2973E-03 0.2056E-02 0.4132E-02 0.1705E-02 0.2403E-02 0.1393E-02 0.3035E-02 0.1978E-03 0.8683E-03 0.7614E-03 0.2917E-02 0.6133E-02 0.0000E+00
0.0000E+00 0.1939E-02 0.1719E-02 0.9869E-03 0.1444E-02 0.4992E-02 0.1328E-01 0.2518E-03 0.3045E-02 0.3687E-02 0.7818E-02 0.2193E-02 0.3150E-02 0.1669E-02 0.1592E-03 0.3323E-02 0.2960E-03 0.1095E-02 0.1594E-02 0.3345E-02 0.4519E-02 0.0000E+00
0.0000E+00 0.2195E-02 0.1270E-02 0.1671E-02 0.4829E-02 0.2190E-02 0.1220E-01 0.5774E-03 0.7127E-03 0.9304E-03 0.2117E-02 0.3508E-02 0.5367E-02 0.2338E-02 0.6703E-03 0.2236E-02 0.1045E-03 0.5851E-03 0.3230E-02 0.2309E-02 0.6892E-02 0.0000E+00
0.0000E+00 0.1928E-02 0.1381E-02 0.9347E-03 0.4715E-04 0.1304E-02 0.7724E-02 0.1358E-03 0.4899E-03 0.2329E-02 0.1192E-02 0.2196E-02 0.6867E-02 0.2424E-02 0.2075E-02 0.5448E-03 0.4708E-03 0.9946E-03 0.1853E-02 0.4156E-02 0.2921E-02 0.0000E+00
0.0000E+00 0.8457E-03 0.8407E-02 0.8367E-03 0.2717E-03 0.8739E-02 0.1005E-01 0.1051E-03 0.2264E-03 0.8622E-03 0.1778E-02 0.1018E-02 0.5455E-02 0.7150E-05 0.1270E-02 -.5822E-07 0.5973E-07 0.4677E-02 0.2569E-02 0.1647E-02 0.4037E-02 0.0000E+00
0.0000E+00 0.6112E-03 0.4367E-02 0.4435E-03 0.7453E-03 0.2922E-02 0.1168E-01 0.9389E-04 0.2344E-03 0.6391E-03 0.9500E-03 0.1258E-02 0.4496E-02 0.4701E-06 0.2103E-02 0.2741E-02 0.2422E-02 0.1602E-01 0.1932E-02 0.2216E-02 0.4920E-02 0.0000E+00
0.0000E+00 0.1834E-02 0.2875E-02 0.5495E-02 0.4434E-03 0.2208E-02 0.7694E-02 0.3359E-02 0.8911E-04 0.4523E-02 0.3840E-02 0.6632E-02 0.1427E-01 0.2079E-02 0.4299E-03 0.5435E-03 0.3573E-02 0.1160E-01 0.6456E-02 0.1349E-02 0.2371E-02 0.0000E+00
0.0000E+00 0.4929E-03 0.5508E-02 0.2823E-02 0.6253E-02 0.3094E-02 0.4608E-02 0.1034E-02 -.2420E-06 0.2193E-02 0.3150E-02 0.9390E-02 0.1038E-01 0.3872E-02 0.1133E-02 0.3096E-03 0.2436E-02 0.5967E-02 0.3375E-02 0.3519E-02 0.2624E-02 0.0000E+00
0.0000E+00 0.1616E-02 0.4759E-02 0.3446E-02 0.4450E-02 0.3369E-02 0.1633E-01 0.5564E-03 -.2303E-07 0.1067E-02 0.2627E-02 0.5126E-02 0.5622E-02 0.5487E-02 0.9440E-03 0.1015E-02 0.1372E-02 0.8899E-02 0.2401E-02 0.2231E-02 0.4980E-04 0.0000E+00
0.0000E+00 0.3974E-02 0.6409E-02 0.4218E-02 0.5397E-02 0.5731E-02 0.1202E-01 0.4201E-03 0.1768E-03 0.6866E-03 0.4383E-02 0.1315E-02 0.4879E-02 0.1131E-01 0.8066E-03 0.7887E-03 0.1468E-02 0.4945E-02 0.9341E-03 0.2120E-02 0.3514E-02 0.0000E+00
0.0000E+00 0.2855E-02 0.7315E-02 0.4406E-02 0.7689E-02 0.2983E-02 0.6869E-02 0.5157E-03 -.2479E-06 0.1097E-02 0.3889E-02 0.1166E-03 0.4004E-02 0.1621E-01 0.5611E-03 0.7867E-04 0.9328E-03 0.6257E-02 0.6891E-03 0.1159E-02 0.2686E-04 0.0000E+00
0.0000E+00 0.1007E-02 0.2522E-02 0.3436E-02 0.6520E-02 0.1942E-02 0.6932E-02 0.1212E-03 0.4003E-03 0.7033E-03 0.6260E-02 0.2612E-02 0.5552E-02 0.1354E-01 0.4595E-03 0.3652E-02 0.5020E-03 0.9552E-02 0.7684E-03 0.5194E-02 0.1505E-02 0.0000E+00
0.0000E+00 0.5907E-03 0.4103E-02 0.2791E-02 0.8129E-02 0.4791E-02 0.9008E-02 0.2679E-03 0.2091E-02 0.3124E-02 0.4609E-02 0.7655E-03 0.2527E-02 0.8023E-02 0.5234E-02 0.8714E-03 0.3263E-02 0.6689E-02 0.5778E-02 0.3303E-02 0.1788E-02 0.0000E+00
0.0000E+00 0.1369E-02 0.4033E-02 0.3111E-02 0.5957E-02 0.1806E-02 0.1996E-01 0.1068E-03 0.9188E-03 0.2682E-02 0.6359E-02 0.1430E-03 0.5838E-02 0.1310E-01 0.6289E-02 0.4310E-03 0.2974E-02 0.8230E-02 0.3410E-02 0.3664E-02 0.2501E-02 0.0000E+00
0.0000E+00 0.8085E-02 0.6507E-02 0.7205E-02 0.1332E-01 0.1002E-01 0.1163E-01 0.1067E-02 0.2499E-02 0.1599E-02 0.8882E-02 0.1215E-02 0.1023E-01 0.7562E-02 0.8788E-02 0.6870E-02 0.2107E-02 0.2535E-02 0.1412E-02 0.2521E-02 -.2445E-07 0.0000E+00
0.0000E+00 0.3184E-02 0.2939E-02 0.6263E-02 0.1368E-01 0.9628E-02 0.1230E-01 0.2678E-02 0.1293E-02 0.8341E-03 0.6684E-02 0.4482E-03 0.5450E-02 0.8984E-02 0.5414E-02 0.8155E-02 0.4410E-02 0.3417E-02 0.4165E-03 0.2068E-02 0.1961E-02 0.0000E+00
0.0000E+00 0.1969E-02 0.1887E-02 0.2962E-02 0.1684E-01 0.3841E-02 0.7104E-02 0.1741E-02 0.4790E-02 0.9114E-02 0.1585E-01 0.3420E-02 0.6555E-02 0.1362E-01 0.3719E-02 0.1553E-01 0.9917E-03 0.6004E-02 0.1287E-02 0.5722E-02 0.6715E-03 0.0000E+00
0.0000E+00 0.2869E-02 0.1568E-02 0.3681E-02 0.1358E-01 0.1038E-01 0.9611E-02 0.6022E-02 0.3330E-02 0.1018E-01 0.7836E-02 0.1335E-02 0.4396E-02 0.1387E-01 0.1268E-02 0.1356E-01 0.1126E-02 0.3018E-02 0.1841E-03 0.2365E-02 0.2727E-02 0.0000E+00
0.0000E+00 0.1543E-02 0.1571E-02 0.9670E-02 0.7433E-02 0.1679E-01 0.1018E-01 0.1202E-02 0.2355E-02 0.1175E-01 0.8280E-02 0.5299E-08 0.8156E-02 0.1256E-01 0.1607E-02 0.8349E-02 0.4971E-02 0.1640E-02 0.2110E-02 0.1753E-02 0.1535E-02 0.0000E+00
0.0000E+00 0.2326E-02 0.4980E-02 0.3841E-02 0.5953E-02 0.1291E-01 0.1121E-01 0.1434E-02 0.1361E-02 0.1534E-01 0.5695E-02 0.1993E-02 0.3737E-02 0.7917E-02 0.9944E-03 0.1015E-01 0.1853E-02 0.5074E-04 0.1030E-02 0.2268E-02 0.1428E-02 0.0000E+00
0.0000E+00 0.3605E-02 0.7800E-02 0.1215E-01 0.2025E-01 0.9925E-02 0.1507E-01 0.1856E-02 0.1966E-02 0.1408E-01 0.3185E-02 0.5363E-03 0.5872E-02 0.1357E-01 0.1195E-01 0.1390E-01 0.1254E-02 -.3077E-06 0.7127E-03 0.1568E-02 0.1080E-02 0.0000E+00
0.0000E+00 0.1136E-02 0.3039E-02 0.8311E-02 0.3996E-02 0.7439E-02 0.7280E-02 0.3177E-02 0.1134E-02 0.9216E-02 0.6188E-02 0.1103E-02 0.3095E-02 0.1154E-01 0.8479E-02 0.7010E-04 0.1288E-02 0.3241E-06 0.4571E-03 0.7021E-02 0.2365E-03 0.0000E+00
0.0000E+00 0.1166E-02 0.1714E-02 0.1230E-01 0.8486E-02 0.9523E-02 0.5875E-02 0.1608E-02 0.3579E-02 0.1307E-01 0.1042E-01 0.2470E-02 0.9493E-02 0.7131E-02 0.1290E-01 0.1225E-02 0.6100E-03 0.2945E-03 0.3777E-03 0.2573E-02 0.1717E-02 0.0000E+00
0.0000E+00 0.3589E-03 0.1032E-02 0.8412E-02 0.3118E-02 0.7216E-02 0.9938E-04 0.5106E-03 0.1134E-01 0.1851E-01 0.7064E-02 0.6875E-02 0.7910E-02 0.5215E-02 0.9307E-02 0.1947E-02 0.1128E-02 0.9705E-03 0.8333E-03 0.2629E-02 0.1200E-02 0.0000E+00
0.0000E+00 0.0000E+00 0.0000E+00 0.0000E+00 0.0000E+00 0.0000E+00 0.0000E+00 0.0000E+00 0.0000E+00 0.0000E+00 0.0000E+00 0.0000E+00 0.0000E+00 0.0000E+00 0.0000E+00 0.0000E+00 0.0000E+00 0.0000E+00 0.0000E+00 0.0000E+00 0.0000E+00 0.0000E+00
