p1_rainD_medsm_dschg.asc
ncols     22
nrows     62
xllcorner      0.00000000
yllcorner      0.00000000
cellsize      0.50000000
nodata_value -9999
0.0000E+00 0.0000E+00 0.0000E+00 0.0000E+00 0.0000E+00 0.0000E+00 0.0000E+00 0.0000E+00 0.0000E+00 0.0000E+00 0.0000E+00 0.0000E+00 0.0000E+00 0.0000E+00 0.0000E+00 0.0000E+00 0.0000E+00 0.0000E+00 0.0000E+00 0.0000E+00 0.0000E+00 0.0000E+00
0.0000E+00 0.6124E-03 0.5699E-03 0.2922E-03 0.3068E-03 0.3991E-03 0.3027E-03 0.5884E-03 0.4827E-03 0.3449E-03 0.3051E-03 0.2881E-03 0.3091E-03 0.2524E-03 0.2933E-03 0.2247E-03 0.3066E-03 0.2962E-03 0.3080E-03 0.6116E-03 0.1197E-02 0.0000E+00
0.0000E+00 0.1386E-02 0.8255E-03 0.5831E-03 0.5914E-03 0.7263E-03 0.2841E-03 0.8895E-03 0.7647E-03 0.6430E-03 0.8222E-03 0.6092E-03 0.1035E-02 0.6589E-03 0.5795E-03 0.5105E-03 0.5682E-03 0.7225E-03 0.1165E-02 0.8342E-03 0.1200E-02 0.0000E+00
0.0000E+00 0.1529E-02 0.1998E-02 0.8717E-03 0.9791E-03 0.1083E-02 0.5897E-03 0.1154E-02 0.1010E-02 0.9282E-03 0.1016E-02 0.8757E-03 0.1227E-02 0.8815E-03 0.1036E-02 0.7970E-03 0.8851E-03 0.9969E-03 0.1467E-02 0.1586E-02 0.1558E-02 0.0000E+00
0.0000E+00 0.1778E-02 0.2097E-02 0.1245E-02 0.1260E-02 0.1651E-02 0.8962E-03 0.1409E-02 0.1309E-02 0.1320E-02 0.1277E-02 0.1142E-02 0.1551E-02 0.1285E-02 0.1292E-02 0.1010E-02 0.1122E-02 0.1258E-02 0.2317E-02 0.2532E-02 0.1767E-02 0.0000E+00
0.0000E+00 0.2032E-02 0.2274E-02 0.1587E-02 0.1448E-02 0.1904E-02 0.1195E-02 0.1673E-02 0.1552E-02 0.1579E-02 0.1588E-02 0.1388E-02 0.1798E-02 0.1527E-02 0.1536E-02 0.1719E-02 0.1358E-02 0.1511E-02 0.2512E-02 0.2565E-02 0.2037E-02 0.0000E+00
0.0000E+00 0.2299E-02 0.2509E-02 0.1856E-02 0.1703E-02 0.2186E-02 0.1500E-02 0.1882E-02 0.1842E-02 0.1809E-02 0.1869E-02 0.1637E-02 0.2132E-02 0.1767E-02 0.1775E-02 0.2141E-02 0.1941E-02 0.1749E-02 0.2663E-02 0.2722E-02 0.2262E-02 0.0000E+00
0.0000E+00 0.2487E-02 0.2699E-02 0.2207E-02 0.1943E-02 0.2701E-02 0.1891E-02 0.2112E-02 0.2049E-02 0.2031E-02 0.2159E-02 0.1871E-02 0.2316E-02 0.2022E-02 0.2017E-02 0.2522E-02 0.2409E-02 0.1992E-02 0.3617E-02 0.3074E-02 0.2403E-02 0.0000E+00
0.0000E+00 0.2837E-02 0.3468E-02 0.2425E-02 0.2743E-02 0.3188E-02 0.2180E-02 0.2383E-02 0.2236E-02 0.2236E-02 0.2345E-02 0.2087E-02 0.2506E-02 0.2207E-02 0.2352E-02 0.2783E-02 0.2748E-02 0.2345E-02 0.3999E-02 0.3226E-02 0.2754E-02 0.0000E+00
0.0000E+00 0.2988E-02 0.3583E-02 0.2629E-02 0.3008E-02 0.3367E-02 0.2481E-02 0.2587E-02 0.2438E-02 0.2434E-02 0.2533E-02 0.2284E-02 0.2710E-02 0.2396E-02 0.2554E-02 0.3026E-02 0.2952E-02 0.2711E-02 0.4444E-02 0.3543E-02 0.2895E-02 0.0000E+00
0.0000E+00 0.3438E-02 0.3810E-02 0.2812E-02 0.3494E-02 0.3642E-02 0.2664E-02 0.2762E-02 0.2652E-02 0.2578E-02 0.2794E-02 0.2485E-02 0.3041E-02 0.2561E-02 0.2715E-02 0.3413E-02 0.3063E-02 0.2855E-02 0.4968E-02 0.3858E-02 0.3013E-02 0.0000E+00
0.0000E+00 0.3600E-02 0.4154E-02 0.2899E-02 0.3614E-02 0.3747E-02 0.2872E-02 0.2926E-02 0.2887E-02 0.2781E-02 0.3013E-02 0.2685E-02 0.3237E-02 0.2802E-02 0.2901E-02 0.3750E-02 0.3331E-02 0.3135E-02 0.5159E-02 0.4119E-02 0.3243E-02 0.0000E+00
0.0000E+00 0.3734E-02 0.5647E-02 0.3549E-02 0.3849E-02 0.4096E-02 0.3044E-02 0.3163E-02 0.3041E-02 0.3438E-02 0.3350E-02 0.2868E-02 0.3460E-02 0.3131E-02 0.3037E-02 0.3856E-02 0.3467E-02 0.3195E-02 0.5062E-02 0.4187E-02 0.3341E-02 0.0000E+00
0.0000E+00 0.4074E-02 0.5452E-02 0.3664E-02 0.4200E-02 0.4200E-02 0.3250E-02 0.6636E-02 0.3359E-02 0.3540E-02 0.6713E-02 0.3032E-02 0.3570E-02 0.3334E-02 0.3188E-02 0.3950E-02 0.3622E-02 0.3295E-02 0.5404E-02 0.4315E-02 0.3432E-02 0.0000E+00
0.0000E+00 0.4445E-02 0.5486E-02 0.4123E-02 0.5301E-02 0.5082E-02 0.3497E-02 0.6688E-02 0.2889E-03 0.2916E-03 0.6672E-02 0.3145E-02 0.3790E-02 0.3396E-02 0.3346E-02 0.4032E-02 0.3742E-02 0.3378E-02 0.5673E-02 0.4556E-02 0.3543E-02 0.0000E+00
0.0000E+00 0.4725E-02 0.5512E-02 0.4347E-02 0.5340E-02 0.5092E-02 0.3742E-02 0.6755E-02 0.7372E-03 0.6295E-03 0.6604E-02 0.3266E-02 0.3988E-02 0.3454E-02 0.3411E-02 0.4104E-02 0.3811E-02 0.3513E-02 0.5854E-02 0.4577E-02 0.3686E-02 0.0000E+00
0.0000E+00 0.4780E-02 0.6066E-02 0.4460E-02 0.5647E-02 0.5242E-02 0.4173E-02 0.6872E-02 0.1239E-02 0.1205E-02 0.7057E-02 0.3324E-02 0.4011E-02 0.3520E-02 0.3627E-02 0.4128E-02 0.4111E-02 0.3589E-02 0.5846E-02 0.4583E-02 0.3759E-02 0.0000E+00
0.0000E+00 0.5531E-02 0.6386E-02 0.5340E-02 0.6904E-02 0.5430E-02 0.4596E-02 0.6973E-02 0.2072E-02 0.1894E-02 0.8379E-02 0.3455E-02 0.4415E-02 0.3618E-02 0.3718E-02 0.4304E-02 0.4434E-02 0.3985E-02 0.5834E-02 0.4600E-02 0.3818E-02 0.0000E+00
0.0000E+00 0.6413E-02 0.6350E-02 0.5297E-02 0.8327E-02 0.5599E-02 0.5048E-02 0.9826E-02 0.2210E-02 0.2538E-02 0.8224E-02 0.3606E-02 0.4456E-02 0.3688E-02 0.3789E-02 0.4326E-02 0.5107E-02 0.5156E-02 0.6479E-02 0.4577E-02 0.3855E-02 0.0000E+00
0.0000E+00 0.6663E-02 0.6539E-02 0.5508E-02 0.9089E-02 0.6519E-02 0.5545E-02 0.1067E-01 0.2150E-03 0.3413E-02 0.8927E-02 0.3713E-02 0.4850E-02 0.4182E-02 0.4645E-02 0.4713E-02 0.6685E-02 0.6654E-02 0.6379E-02 0.4599E-02 0.4186E-02 0.0000E+00
0.0000E+00 0.7122E-02 0.6545E-02 0.5620E-02 0.8570E-02 0.1601E-01 0.1713E-01 0.1108E-01 0.6553E-03 0.4316E-02 0.9625E-02 0.3720E-02 0.4874E-02 0.4241E-02 0.9907E-02 0.5366E-02 0.6256E-02 0.6170E-02 0.6468E-02 0.5057E-02 0.5053E-02 0.0000E+00
0.0000E+00 0.7135E-02 0.6500E-02 0.5667E-02 0.4527E-03 0.3310E-01 0.1732E-01 0.3555E-03 0.9818E-03 0.4430E-02 0.9815E-02 0.8840E-02 0.5161E-02 0.4224E-02 0.9678E-02 0.3077E-03 0.7113E-02 0.1297E-01 0.7185E-02 0.5418E-02 0.5798E-02 0.0000E+00
0.0000E+00 0.7052E-02 0.6463E-02 0.5707E-02 0.8727E-03 0.3372E-01 0.3202E-03 0.2845E-03 0.1293E-02 0.4507E-02 0.9767E-02 0.8710E-02 0.2936E-03 0.4702E-02 0.9485E-02 0.5440E-03 0.5705E-03 0.1338E-01 0.7807E-02 0.5334E-02 0.6121E-02 0.0000E+00
0.0000E+00 0.7455E-02 0.6861E-02 0.7428E-02 0.1180E-02 0.3325E-01 0.6083E-03 0.6137E-03 0.1532E-02 0.4607E-02 0.9563E-02 0.8693E-02 0.5881E-03 0.4608E-02 0.9291E-02 0.8163E-03 0.8554E-03 0.1350E-01 0.8141E-02 0.1245E-01 0.6381E-02 0.0000E+00
0.0000E+00 0.8053E-02 0.7506E-02 0.7802E-02 0.3117E-03 0.3291E-01 0.8891E-03 0.2535E-02 0.1723E-02 0.4649E-02 0.9305E-02 0.8528E-02 0.8724E-03 0.4558E-02 0.9082E-02 0.1179E-02 0.1135E-02 0.1379E-01 0.7950E-02 0.1267E-01 0.3742E-03 0.0000E+00
0.0000E+00 0.7921E-02 0.7574E-02 0.7657E-02 0.7279E-03 0.3296E-01 0.1207E-02 0.2708E-02 0.2849E-03 0.4711E-02 0.9078E-02 0.8371E-02 0.1158E-02 0.4619E-02 0.8844E-02 0.1401E-02 0.1507E-02 0.1360E-01 0.8030E-02 0.1247E-01 0.6702E-03 0.0000E+00
0.0000E+00 0.7756E-02 0.8031E-02 0.8225E-02 0.9811E-03 0.3443E-01 0.3554E-01 0.2958E-02 0.5750E-03 0.4755E-02 0.8830E-02 0.8185E-02 0.1432E-02 0.4699E-02 0.8606E-02 0.1828E-02 0.1832E-02 0.1341E-01 0.8101E-02 0.1246E-01 0.9725E-03 0.0000E+00
0.0000E+00 0.1599E-01 0.7950E-02 0.8224E-02 0.3163E-03 0.9745E-03 0.4436E-01 0.8588E-02 0.5566E-02 0.4835E-02 0.8551E-02 0.8308E-02 0.1850E-02 0.4605E-02 0.8363E-02 0.2029E-02 0.2081E-02 0.1302E-01 0.3297E-01 0.1229E-01 0.1251E-02 0.0000E+00
0.0000E+00 0.1721E-01 0.2837E-03 0.9036E-02 0.8024E-03 0.7605E-03 0.4427E-01 0.3213E-03 0.4540E-03 0.3078E-03 0.8488E-02 0.8296E-02 0.3140E-02 0.4773E-02 0.8128E-02 0.2221E-02 0.2276E-02 0.3299E-03 0.3253E-01 0.4640E-03 0.1658E-02 0.0000E+00
0.0000E+00 0.1659E-01 0.3235E-03 0.8734E-02 0.1209E-02 0.1103E-02 0.4488E-01 0.3137E-03 0.7424E-03 0.5943E-03 0.8266E-02 0.8143E-02 0.3852E-02 0.5343E-02 0.8139E-02 0.3409E-02 0.2744E-02 0.6541E-03 0.3205E-01 0.7509E-03 0.2122E-02 0.0000E+00
0.0000E+00 0.1696E-01 0.6143E-03 0.8654E-02 0.1441E-02 0.1399E-02 0.4504E-01 0.7420E-03 0.1003E-02 0.1292E-02 0.8018E-02 0.7955E-02 0.3896E-02 0.5283E-02 0.8115E-02 0.4690E-02 0.3348E-02 0.1012E-02 0.3157E-01 0.1074E-02 0.2453E-02 0.0000E+00
0.0000E+00 0.1665E-01 0.8867E-03 0.8708E-02 0.2174E-02 0.2541E-02 0.4548E-01 0.9822E-03 0.1790E-02 0.1723E-02 0.8097E-02 0.8069E-02 0.4067E-02 0.5618E-02 0.7734E-02 0.1197E-01 0.4122E-02 0.1411E-02 0.3112E-01 0.3902E-02 0.2703E-02 0.0000E+00
0.0000E+00 0.1626E-01 0.1169E-02 0.8882E-02 0.2304E-02 0.2879E-02 0.4468E-01 0.1248E-02 0.2392E-02 0.2038E-02 0.8143E-02 0.1816E-01 0.1002E-01 0.6034E-02 0.2987E-03 0.1170E-01 0.4826E-02 0.1712E-02 0.3085E-01 0.4066E-02 0.3202E-03 0.0000E+00
0.0000E+00 0.1590E-01 0.1388E-02 0.9027E-02 0.2498E-02 0.3106E-02 0.4398E-01 0.1658E-02 0.3438E-02 0.2699E-02 0.8209E-02 0.1780E-01 0.2975E-03 0.3115E-03 0.3612E-03 0.1136E-01 0.4624E-02 0.1988E-02 0.3046E-01 0.4202E-02 0.1035E-02 0.0000E+00
0.0000E+00 0.1579E-01 0.1652E-02 0.8796E-02 0.3435E-02 0.3298E-02 0.4328E-01 0.2116E-02 0.4260E-02 0.2991E-02 0.7885E-02 0.1754E-01 0.8681E-03 0.6150E-03 0.7036E-03 0.1090E-01 0.4615E-02 0.2304E-02 0.2998E-01 0.4198E-02 0.1411E-02 0.0000E+00
0.0000E+00 0.1560E-01 0.1827E-02 0.8789E-02 0.4206E-02 0.3543E-02 0.4312E-01 0.6619E-02 0.4507E-02 0.3536E-02 0.7652E-02 0.1727E-01 0.1497E-02 0.1053E-02 0.9519E-03 0.1502E-01 0.4582E-02 0.2507E-02 0.2937E-01 0.4253E-02 0.1616E-02 0.0000E+00
0.0000E+00 0.1719E-01 0.2007E-02 0.8816E-02 0.4664E-02 0.3751E-02 0.4973E-01 0.6588E-02 0.4874E-03 0.4147E-02 0.1165E-01 0.1734E-01 0.2366E-02 0.1927E-02 0.1194E-02 0.1521E-01 0.2998E-03 0.2709E-02 0.2878E-01 0.4312E-02 0.1826E-02 0.0000E+00
0.0000E+00 0.1702E-01 0.3047E-03 0.8616E-02 0.4636E-02 0.3892E-02 0.4956E-01 0.3708E-03 0.7752E-03 0.3303E-03 0.1135E-01 0.1738E-01 0.2452E-02 0.2601E-02 0.1732E-02 0.1491E-01 0.5873E-03 0.2845E-02 0.2807E-01 0.5000E-02 0.2377E-02 0.0000E+00
0.0000E+00 0.1659E-01 0.4051E-03 0.8380E-02 0.4697E-02 0.4708E-02 0.4971E-01 0.7913E-03 0.1161E-02 0.7047E-03 0.1132E-01 0.1729E-01 0.2948E-02 0.2849E-02 0.1908E-02 0.1455E-01 0.8763E-03 0.3030E-02 0.2751E-01 0.5367E-02 0.3074E-02 0.0000E+00
0.0000E+00 0.1627E-01 0.7904E-03 0.1346E-01 0.5469E-02 0.5144E-02 0.5019E-01 0.1200E-02 0.1400E-02 0.9923E-03 0.1107E-01 0.1755E-01 0.3276E-02 0.3067E-02 0.2200E-02 0.1550E-01 0.1152E-02 0.3158E-02 0.2710E-01 0.5353E-02 0.3887E-02 0.0000E+00
0.0000E+00 0.1596E-01 0.1366E-01 0.1317E-01 0.2999E-03 0.5113E-02 0.4989E-01 0.1474E-02 0.1726E-02 0.1173E-01 0.1073E-01 0.1760E-01 0.2610E-01 0.2267E-01 0.2030E-01 0.1857E-01 0.2293E-02 0.3948E-02 0.2694E-01 0.5830E-02 0.4067E-02 0.0000E+00
0.0000E+00 0.1549E-01 0.1425E-01 0.4384E-03 0.5854E-03 0.5492E-02 0.5269E-01 0.1710E-02 0.2072E-02 0.1172E-01 0.8478E-03 0.1711E-01 0.2599E-01 0.3107E-03 0.5478E-03 0.3196E-03 0.3170E-03 0.4723E-02 0.2669E-01 0.5811E-02 0.4312E-02 0.0000E+00
0.0000E+00 0.1499E-01 0.1397E-01 0.6699E-03 0.1212E-02 0.5937E-02 0.5221E-01 0.3224E-03 0.2244E-02 0.1135E-01 0.1059E-02 0.1678E-01 0.2535E-01 0.6078E-03 0.8397E-03 0.7772E-03 0.8569E-03 0.5509E-02 0.2606E-01 0.6085E-02 0.4640E-02 0.0000E+00
0.0000E+00 0.1479E-01 0.1366E-01 0.1909E-02 0.1423E-02 0.5893E-02 0.5122E-01 0.9002E-03 0.2441E-02 0.1125E-01 0.1847E-02 0.1707E-01 0.2642E-01 0.1969E-02 0.1065E-02 0.1008E-02 0.1269E-02 0.6363E-02 0.2589E-01 0.6065E-02 0.4785E-02 0.0000E+00
0.0000E+00 0.1425E-01 0.1354E-01 0.2342E-02 0.2704E-02 0.6138E-02 0.5104E-01 0.1209E-02 0.2584E-02 0.1118E-01 0.2332E-02 0.1838E-01 0.2692E-01 0.3126E-02 0.1537E-02 0.1263E-02 0.1692E-02 0.6143E-02 0.2549E-01 0.1101E-01 0.4903E-02 0.0000E+00
0.0000E+00 0.1391E-01 0.1361E-01 0.2494E-02 0.3834E-02 0.6389E-02 0.5021E-01 0.4047E-02 0.2739E-02 0.1083E-01 0.2589E-02 0.1966E-01 0.2601E-01 0.4003E-02 0.1937E-02 0.1711E-02 0.1893E-02 0.6529E-02 0.2525E-01 0.1130E-01 0.3175E-03 0.0000E+00
0.0000E+00 0.1381E-01 0.1374E-01 0.2693E-02 0.3775E-02 0.6482E-02 0.5349E-01 0.4150E-02 0.3206E-03 0.1048E-01 0.2228E-01 0.2017E-01 0.2536E-01 0.4940E-02 0.2457E-02 0.2215E-02 0.4684E-02 0.6385E-02 0.2440E-01 0.1193E-01 0.5808E-03 0.0000E+00
0.0000E+00 0.1347E-01 0.1399E-01 0.3837E-02 0.4678E-02 0.6476E-02 0.5277E-01 0.3258E-03 0.6135E-03 0.1015E-01 0.2127E-01 0.2984E-03 0.2472E-01 0.5182E-02 0.2609E-02 0.3017E-03 0.5128E-02 0.3518E-01 0.2369E-01 0.1175E-01 0.3069E-03 0.0000E+00
0.0000E+00 0.1315E-01 0.1385E-01 0.4722E-02 0.4959E-02 0.6602E-02 0.5261E-01 0.3048E-03 0.9010E-03 0.9849E-02 0.2102E-01 0.6629E-03 0.2427E-01 0.6451E-02 0.2851E-02 0.1057E-02 0.3390E-03 0.3445E-01 0.3842E-03 0.1167E-01 0.7248E-03 0.0000E+00
0.0000E+00 0.1257E-01 0.1427E-01 0.4792E-02 0.6066E-02 0.7893E-02 0.5356E-01 0.6776E-03 0.1805E-02 0.1015E-01 0.2245E-01 0.9536E-03 0.2366E-01 0.6139E-02 0.3906E-02 0.1309E-02 0.8473E-03 0.3367E-01 0.1580E-02 0.1151E-01 0.1165E-02 0.0000E+00
0.0000E+00 0.1208E-01 0.1419E-01 0.5274E-02 0.6204E-02 0.7564E-02 0.5299E-01 0.9685E-03 0.1917E-02 0.1003E-01 0.2201E-01 0.3658E-03 0.2366E-01 0.7384E-02 0.5158E-02 0.1558E-02 0.1387E-02 0.3388E-01 0.2074E-02 0.1346E-01 0.1766E-02 0.0000E+00
0.0000E+00 0.1312E-01 0.1584E-01 0.6843E-02 0.7918E-02 0.9632E-02 0.5329E-01 0.1248E-02 0.2514E-02 0.1003E-01 0.2172E-01 0.6825E-03 0.2338E-01 0.7019E-02 0.6160E-02 0.3154E-02 0.1959E-02 0.3508E-01 0.2377E-02 0.1353E-01 0.3102E-03 0.0000E+00
0.0000E+00 0.1238E-01 0.1533E-01 0.7853E-02 0.9471E-02 0.1089E-01 0.5237E-01 0.1599E-02 0.2774E-02 0.9554E-02 0.2106E-01 0.9711E-03 0.2284E-01 0.7309E-02 0.7272E-02 0.3995E-01 0.3579E-01 0.3448E-01 0.4186E-03 0.1347E-01 0.1166E-02 0.0000E+00
0.0000E+00 0.1180E-01 0.1476E-01 0.7361E-02 0.1055E-01 0.1040E-01 0.5122E-01 0.1917E-02 0.2994E-02 0.1031E-01 0.2133E-01 0.1723E-02 0.2284E-01 0.1576E-01 0.6760E-02 0.4120E-01 0.6494E-03 0.7421E-03 0.7849E-03 0.1341E-01 0.1300E-02 0.0000E+00
0.0000E+00 0.1201E-01 0.1427E-01 0.7261E-02 0.1063E-01 0.1023E-01 0.5123E-01 0.2389E-02 0.3204E-02 0.1143E-01 0.2477E-01 0.2592E-02 0.2273E-01 0.1605E-01 0.9005E-03 0.4187E-01 0.1286E-02 0.1318E-02 0.1068E-02 0.1315E-01 0.1771E-02 0.0000E+00
0.0000E+00 0.1154E-01 0.1396E-01 0.7290E-02 0.1002E-01 0.1000E-01 0.5044E-01 0.2565E-02 0.3711E-02 0.1349E-01 0.2462E-01 0.2759E-03 0.2305E-01 0.1572E-01 0.1255E-02 0.4038E-01 0.1672E-02 0.1485E-02 0.1478E-02 0.1287E-01 0.2262E-02 0.0000E+00
0.0000E+00 0.1102E-01 0.1355E-01 0.7284E-02 0.9703E-02 0.9932E-02 0.4946E-01 0.2732E-02 0.3780E-02 0.1533E-01 0.2377E-01 0.9540E-03 0.2322E-01 0.1543E-01 0.1642E-02 0.3917E-01 0.1862E-02 0.1703E-02 0.1716E-02 0.1547E-01 0.2589E-02 0.0000E+00
0.0000E+00 0.1053E-01 0.1352E-01 0.1832E-01 0.1081E-01 0.9720E-02 0.4848E-01 0.2903E-02 0.3900E-02 0.1637E-01 0.2297E-01 0.1225E-02 0.2327E-01 0.1614E-01 0.4045E-01 0.3872E-01 0.2050E-02 0.1929E-02 0.1935E-02 0.1576E-01 0.6110E-03 0.0000E+00
0.0000E+00 0.9922E-02 0.1361E-01 0.1799E-01 0.9724E-03 0.9501E-02 0.4739E-01 0.3111E-02 0.4000E-02 0.1554E-01 0.2247E-01 0.1500E-02 0.2252E-01 0.1633E-01 0.3920E-01 0.2577E-03 0.2266E-02 0.2257E-02 0.2098E-02 0.1547E-01 0.3202E-03 0.0000E+00
0.0000E+00 0.9564E-02 0.1309E-01 0.1784E-01 0.2072E-02 0.5499E-01 0.4633E-01 0.3293E-02 0.4257E-02 0.1494E-01 0.2183E-01 0.1748E-02 0.2188E-01 0.1609E-01 0.3896E-01 0.5628E-03 0.2419E-02 0.2616E-02 0.2292E-02 0.1511E-01 0.6286E-03 0.0000E+00
0.0000E+00 0.8996E-02 0.1276E-01 0.1965E-01 0.2094E-02 0.5461E-01 0.3134E-03 0.3413E-02 0.3879E-01 0.3551E-01 0.2112E-01 0.3799E-01 0.3697E-01 0.1585E-01 0.4291E-01 0.3352E-02 0.2630E-02 0.5986E-02 0.2855E-02 0.1572E-01 0.9576E-03 0.0000E+00
0.0000E+00 0.0000E+00 0.0000E+00 0.0000E+00 0.0000E+00 0.0000E+00 0.0000E+00 0.0000E+00 0.0000E+00 0.0000E+00 0.0000E+00 0.0000E+00 0.0000E+00 0.0000E+00 0.0000E+00 0.0000E+00 0.0000E+00 0.0000E+00 0.0000E+00 0.0000E+00 0.0000E+00 0.0000E+00
