p1_rainD_highsm_sedtr.asc
ncols     22
nrows     62
xllcorner      0.00000000
yllcorner      0.00000000
cellsize      0.50000000
nodata_value -9999
0.0000E+00 0.0000E+00 0.0000E+00 0.0000E+00 0.0000E+00 0.0000E+00 0.0000E+00 0.0000E+00 0.0000E+00 0.0000E+00 0.0000E+00 0.0000E+00 0.0000E+00 0.0000E+00 0.0000E+00 0.0000E+00 0.0000E+00 0.0000E+00 0.0000E+00 0.0000E+00 0.0000E+00 0.0000E+00
0.0000E+00 0.1570E-02 0.9121E-03 0.5911E-04 0.2883E-03 0.2065E-02 0.1294E-03 0.7755E-03 0.1541E-02 0.3715E-03 0.1184E-03 0.4247E-03 0.2310E-03 0.2037E-03 0.2595E-03 0.6025E-05 0.7820E-04 0.2110E-03 0.7340E-03 0.1693E-02 0.1903E-02 0.0000E+00
0.0000E+00 0.6282E-02 0.7044E-03 0.4974E-03 0.9038E-03 0.2194E-02 0.4881E-03 0.2830E-02 0.1313E-02 0.1047E-02 0.2579E-02 0.1142E-02 0.2658E-02 0.1198E-02 0.1632E-03 0.1751E-03 0.4017E-03 0.7893E-03 0.4375E-02 0.7605E-03 0.6794E-03 0.0000E+00
0.0000E+00 0.2912E-02 0.6638E-02 0.9764E-03 0.4170E-02 0.2948E-02 0.5462E-03 0.1030E-02 0.6401E-03 0.1385E-02 0.1064E-02 0.4866E-03 0.9975E-03 0.5499E-03 0.3906E-02 0.1235E-02 0.2170E-02 0.1015E-02 0.2313E-02 0.3308E-02 0.2842E-02 0.0000E+00
0.0000E+00 0.3492E-02 0.1309E-01 0.5661E-02 0.5809E-02 0.1044E-01 0.4065E-02 0.3703E-02 0.4351E-02 0.3009E-02 0.1073E-02 0.1352E-02 0.6117E-02 0.2283E-02 0.2008E-02 0.1635E-02 0.1687E-02 0.6437E-03 0.1447E-02 0.4420E-02 0.1701E-02 0.0000E+00
0.0000E+00 0.4606E-02 0.8430E-02 0.1016E-01 0.2805E-02 0.9002E-02 0.7960E-02 0.6283E-02 0.1889E-02 0.4531E-02 0.3737E-02 0.1041E-02 0.3827E-02 0.2070E-02 0.1428E-02 0.4767E-02 0.1228E-02 0.9505E-03 0.3332E-02 0.2778E-02 0.8682E-02 0.0000E+00
0.0000E+00 0.7440E-02 0.1595E-01 0.7099E-02 0.9828E-02 0.1071E-01 0.1080E-01 0.2600E-02 0.5713E-02 0.3112E-02 0.3721E-02 0.2199E-02 0.5113E-02 0.1843E-02 0.1412E-02 0.4815E-02 0.1225E-02 0.9398E-03 0.2588E-02 0.2072E-02 0.3134E-02 0.0000E+00
0.0000E+00 0.3101E-02 0.9516E-02 0.6030E-02 0.3922E-02 0.7894E-02 0.8100E-02 0.4623E-02 0.3291E-02 0.2032E-02 0.1098E-01 0.3165E-02 0.2835E-02 0.6729E-02 0.1865E-02 0.7362E-02 0.1060E-02 0.7194E-03 0.5447E-02 0.2291E-02 0.2178E-02 0.0000E+00
0.0000E+00 0.7939E-02 0.8367E-02 0.3687E-02 0.8369E-02 0.6089E-02 0.3647E-02 0.6559E-02 0.3083E-02 0.1510E-02 0.3762E-02 0.2595E-02 0.2689E-02 0.2451E-02 0.1334E-02 0.4914E-02 0.2997E-02 0.5094E-03 0.3191E-02 0.1758E-02 0.5320E-02 0.0000E+00
0.0000E+00 0.4611E-02 0.9573E-02 0.5703E-02 0.8672E-02 0.4777E-02 0.5266E-02 0.3714E-02 0.8539E-02 0.5013E-02 0.3113E-02 0.4488E-02 0.7410E-02 0.4213E-02 0.2561E-02 0.6818E-02 0.2383E-02 0.7029E-03 0.2710E-02 0.4851E-02 0.2302E-02 0.0000E+00
0.0000E+00 0.2938E-02 0.7024E-02 0.3795E-02 0.7006E-02 0.1192E-01 0.4661E-02 0.2694E-02 0.4838E-02 0.1886E-02 0.7619E-02 0.1995E-02 0.4751E-02 0.2309E-02 0.1496E-02 0.6967E-02 0.1213E-02 0.1414E-02 0.1000E-01 0.4342E-02 0.1613E-02 0.0000E+00
0.0000E+00 0.1843E-02 0.5406E-02 0.2585E-02 0.4124E-02 0.4780E-02 0.5886E-02 0.2254E-02 0.2878E-02 0.4036E-02 0.5448E-02 0.1109E-02 0.2327E-02 0.5849E-02 0.2672E-02 0.3714E-02 0.4142E-02 0.1513E-02 0.3736E-02 0.2713E-02 0.2677E-02 0.0000E+00
0.0000E+00 0.5104E-02 0.1499E-01 0.5559E-02 0.9600E-02 0.8151E-02 0.2924E-02 0.8904E-02 0.2230E-02 0.5703E-02 0.6190E-02 0.8647E-03 0.1880E-02 0.4030E-02 0.1349E-02 0.2855E-02 0.1595E-02 0.3961E-03 0.2444E-02 0.1893E-02 0.1317E-02 0.0000E+00
0.0000E+00 0.3008E-02 0.4565E-02 0.3915E-02 0.7501E-02 0.3742E-02 0.1229E-01 0.8717E-02 0.1481E-02 0.2432E-02 0.2470E-02 0.1270E-02 0.1982E-02 0.4684E-02 0.3731E-02 0.2394E-02 0.5681E-02 0.2913E-02 0.4681E-02 0.3153E-02 0.2047E-02 0.0000E+00
0.0000E+00 0.7160E-02 0.2530E-02 0.9744E-02 0.1118E-01 0.6577E-02 0.9981E-02 0.4664E-02 0.1903E-03 0.2886E-03 0.1208E-01 0.2472E-02 0.4023E-02 0.1892E-02 0.3103E-02 0.1717E-02 0.7509E-02 0.1628E-02 0.7482E-02 0.2185E-02 0.5394E-02 0.0000E+00
0.0000E+00 0.1404E-01 0.4976E-02 0.9869E-02 0.9752E-02 0.7885E-02 0.5929E-02 0.4291E-02 0.7870E-02 0.3846E-02 0.1724E-01 0.3000E-02 0.2597E-02 0.1213E-02 0.1103E-02 0.9517E-03 0.3405E-02 0.1771E-02 0.5298E-02 0.1743E-02 0.4022E-02 0.0000E+00
0.0000E+00 0.5237E-02 0.2271E-01 0.5502E-02 0.1520E-01 0.6090E-02 0.1276E-01 0.1059E-01 0.8019E-02 0.7537E-02 0.1650E-01 0.1346E-02 0.1667E-02 0.1874E-02 0.8591E-02 0.6618E-03 0.2924E-02 0.1074E-02 0.4533E-02 0.1066E-02 0.3676E-02 0.0000E+00
0.0000E+00 0.1162E-01 0.8387E-02 0.4000E-02 0.1040E-01 0.3282E-02 0.7883E-02 0.5971E-02 0.5249E-02 0.6289E-02 0.1229E-01 0.1058E-02 0.5506E-02 0.2972E-02 0.3577E-02 0.1026E-01 0.3955E-02 0.5159E-02 0.6692E-02 0.3679E-02 0.5123E-02 0.0000E+00
0.0000E+00 0.1848E-01 0.9101E-02 0.3891E-02 0.1983E-01 0.1454E-01 0.7157E-02 0.1049E-01 0.3330E-02 0.3847E-02 0.7607E-02 0.1558E-02 0.5138E-02 0.2388E-02 0.3939E-02 0.4113E-02 0.5405E-02 0.5001E-02 0.9123E-02 0.1326E-02 0.2669E-02 0.0000E+00
0.0000E+00 0.7932E-02 0.1231E-01 0.4848E-02 0.6640E-02 0.1300E-01 0.1237E-01 0.7000E-02 0.1187E-03 0.9351E-02 0.8460E-02 0.1060E-02 0.6122E-02 0.1704E-02 0.2084E-02 0.3324E-02 0.1041E-01 0.1173E-01 0.6954E-02 0.2198E-02 0.1356E-01 0.0000E+00
0.0000E+00 0.1383E-01 0.9798E-02 0.3757E-02 0.4454E-02 0.1548E-01 0.1161E-01 0.1260E-01 0.7066E-03 0.9759E-02 0.1067E-01 0.2095E-03 0.2228E-02 0.1262E-02 0.1799E-02 0.1252E-02 0.3288E-02 0.4846E-02 0.1074E-01 0.5583E-02 0.8639E-02 0.0000E+00
0.0000E+00 0.1007E-01 0.6717E-02 0.8923E-02 0.1738E-02 0.1799E-01 0.8715E-02 0.8518E-03 0.2056E-02 0.4686E-02 0.6245E-02 0.1637E-02 0.1434E-02 0.2073E-02 0.2465E-02 0.2974E-04 0.5276E-02 0.6538E-02 0.5872E-02 0.7335E-02 0.5961E-02 0.0000E+00
0.0000E+00 0.6131E-02 0.5758E-02 0.7445E-02 0.3178E-02 0.1615E-01 0.3317E-03 0.5044E-03 0.5500E-02 0.7302E-02 0.7680E-02 0.1175E-02 0.1065E-03 0.3281E-02 0.3066E-02 0.5201E-02 0.2386E-02 0.1737E-01 0.7955E-02 0.3725E-02 0.4610E-02 0.0000E+00
0.0000E+00 0.1241E-01 0.5685E-02 0.4911E-02 0.1846E-02 0.1684E-01 0.3867E-03 0.1902E-02 0.2483E-02 0.8368E-02 0.8204E-02 0.5723E-02 0.6129E-03 0.1682E-02 0.4509E-02 0.1709E-02 0.3725E-02 0.1296E-01 0.3656E-02 0.4759E-02 0.8574E-02 0.0000E+00
0.0000E+00 0.8312E-02 0.9628E-02 0.4658E-02 0.3123E-03 0.2100E-01 0.5496E-03 0.1797E-02 0.1359E-02 0.3773E-02 0.4068E-02 0.2572E-02 0.6623E-03 0.1724E-02 0.2944E-02 0.1317E-02 0.1884E-02 0.7165E-02 0.1889E-02 0.2846E-02 0.4028E-03 0.0000E+00
0.0000E+00 0.5605E-02 0.1234E-01 0.3075E-02 0.2266E-02 0.2839E-01 0.8419E-02 0.4467E-02 0.2448E-03 0.3832E-02 0.3387E-02 0.1627E-02 0.1116E-02 0.1249E-02 0.1769E-02 0.1084E-02 0.3411E-02 0.9058E-02 0.8503E-02 0.5910E-02 0.1171E-02 0.0000E+00
0.0000E+00 0.6044E-02 0.5445E-02 0.6820E-02 0.8298E-03 0.1487E-01 0.1818E-01 0.6562E-02 0.7568E-03 0.2613E-02 0.2650E-02 0.3101E-02 0.2498E-02 0.6019E-03 0.1753E-02 0.4959E-02 0.3901E-02 0.1440E-01 0.1422E-01 0.1112E-01 0.1672E-02 0.0000E+00
0.0000E+00 0.5864E-02 0.3478E-02 0.3912E-02 0.2638E-03 0.2159E-02 0.1527E-01 0.6085E-02 0.8641E-02 0.5271E-02 0.1777E-02 0.8041E-02 0.3101E-02 0.9179E-03 0.3238E-02 0.1853E-02 0.3184E-02 0.5044E-02 0.1016E-01 0.5162E-02 0.1187E-02 0.0000E+00
0.0000E+00 0.2753E-02 0.4241E-04 0.6112E-02 0.2841E-02 0.1301E-02 0.1359E-01 0.2229E-03 0.1585E-02 0.1153E-02 0.5015E-02 0.3312E-02 0.4397E-02 0.6374E-02 0.2653E-02 0.1936E-02 0.2092E-02 0.1063E-02 0.1186E-01 0.1480E-02 0.3577E-02 0.0000E+00
0.0000E+00 0.3647E-02 0.2926E-03 0.2684E-02 0.1317E-02 0.9573E-03 0.3083E-01 0.1660E-02 0.3869E-02 0.1563E-02 0.7114E-02 0.4966E-02 0.6354E-02 0.1007E-01 0.1362E-01 0.1427E-01 0.3224E-02 0.3969E-02 0.1091E-01 0.7979E-03 0.7210E-02 0.0000E+00
0.0000E+00 0.2244E-01 0.6325E-03 0.1370E-01 0.3748E-02 0.2598E-02 0.4085E-01 0.2242E-02 0.1933E-02 0.1953E-02 0.5760E-02 0.2027E-01 0.1133E-01 0.8298E-02 0.5876E-02 0.9969E-02 0.3504E-02 0.1721E-02 0.1075E-01 0.2248E-02 0.3064E-02 0.0000E+00
0.0000E+00 0.2370E-01 0.1242E-02 0.9374E-02 0.4352E-02 0.7780E-02 0.3297E-01 0.1850E-02 0.7791E-02 0.3088E-02 0.7063E-02 0.1118E-01 0.1073E-01 0.7307E-02 0.2824E-02 0.4240E-02 0.2038E-02 0.2549E-02 0.1175E-01 0.3790E-02 0.3864E-02 0.0000E+00
0.0000E+00 0.1112E-01 0.1568E-02 0.1964E-01 0.2042E-02 0.3659E-02 0.2117E-01 0.1512E-02 0.7587E-02 0.3608E-02 0.5421E-02 0.1528E-01 0.9520E-02 0.7419E-02 0.1077E-03 0.2937E-02 0.4443E-03 0.1138E-02 0.8745E-02 0.3745E-02 0.5913E-03 0.0000E+00
0.0000E+00 0.9700E-02 0.6472E-03 0.1567E-01 0.2985E-02 0.4443E-02 0.1505E-01 0.2460E-02 0.5505E-02 0.4129E-02 0.5404E-02 0.1251E-01 0.2447E-03 0.4692E-03 0.2172E-02 0.7246E-02 0.1285E-02 0.1345E-02 0.8003E-02 0.2242E-02 0.1406E-02 0.0000E+00
0.0000E+00 0.1606E-01 0.3535E-02 0.7735E-02 0.7503E-02 0.2630E-02 0.1420E-01 0.5253E-02 0.5104E-02 0.2414E-02 0.3609E-02 0.2224E-01 0.4862E-02 0.7813E-03 0.9090E-03 0.4954E-02 0.3450E-02 0.6602E-02 0.8383E-02 0.1474E-02 0.1448E-02 0.0000E+00
0.0000E+00 0.1480E-01 0.9259E-03 0.6221E-02 0.5333E-02 0.6361E-02 0.3131E-01 0.3353E-02 0.2364E-02 0.2339E-02 0.9933E-02 0.2358E-01 0.5273E-02 0.2533E-02 0.5734E-03 0.4132E-02 0.1663E-02 0.4024E-02 0.6009E-02 0.1583E-02 0.2312E-02 0.0000E+00
0.0000E+00 0.9997E-02 0.1116E-02 0.1050E-01 0.5370E-02 0.4670E-02 0.3009E-01 0.3645E-02 0.9364E-03 0.4877E-02 0.6908E-02 0.2358E-01 0.5972E-02 0.5941E-02 0.7981E-03 0.1386E-01 0.2031E-03 0.8580E-02 0.8237E-02 0.1585E-02 0.1387E-02 0.0000E+00
0.0000E+00 0.7985E-02 0.1649E-03 0.7958E-02 0.3712E-02 0.2970E-02 0.2971E-01 0.1501E-02 0.1076E-02 0.4349E-03 0.5781E-02 0.1857E-01 0.2979E-02 0.3698E-02 0.4842E-02 0.9840E-02 0.1887E-02 0.3350E-02 0.5000E-02 0.8860E-02 0.1132E-01 0.0000E+00
0.0000E+00 0.1032E-01 0.3489E-02 0.8161E-02 0.3104E-02 0.1023E-01 0.3121E-01 0.1701E-02 0.7154E-02 0.6269E-02 0.1912E-01 0.1391E-01 0.6700E-02 0.2727E-02 0.1765E-02 0.1206E-01 0.1903E-02 0.7068E-02 0.9178E-02 0.8700E-02 0.8435E-02 0.0000E+00
0.0000E+00 0.1260E-01 0.3062E-02 0.7692E-02 0.9435E-02 0.4916E-02 0.2839E-01 0.1692E-02 0.2574E-02 0.2392E-02 0.7008E-02 0.1677E-01 0.1083E-01 0.4656E-02 0.6015E-02 0.8826E-02 0.1054E-02 0.4126E-02 0.1261E-01 0.6354E-02 0.1132E-01 0.0000E+00
0.0000E+00 0.1207E-01 0.6378E-02 0.5801E-02 0.2166E-03 0.3353E-02 0.2201E-01 0.1081E-02 0.2369E-02 0.9522E-02 0.5156E-02 0.1357E-01 0.1605E-01 0.7811E-02 0.7429E-02 0.3523E-02 0.1179E-02 0.3519E-02 0.8510E-02 0.1017E-01 0.5683E-02 0.0000E+00
0.0000E+00 0.8767E-02 0.1997E-01 0.1647E-02 0.1019E-02 0.1786E-01 0.2453E-01 0.1522E-02 0.1363E-02 0.4815E-02 0.2900E-02 0.1069E-01 0.1358E-01 0.1528E-03 0.1864E-02 0.3098E-03 0.1830E-03 0.8314E-02 0.8689E-02 0.4708E-02 0.7764E-02 0.0000E+00
0.0000E+00 0.8456E-02 0.1265E-01 0.1064E-02 0.1747E-02 0.6763E-02 0.2583E-01 0.1563E-02 0.1304E-02 0.4210E-02 0.1738E-02 0.1205E-01 0.1210E-01 0.7785E-03 0.4743E-02 0.8101E-02 0.6066E-02 0.2243E-01 0.6759E-02 0.8296E-02 0.9856E-02 0.0000E+00
0.0000E+00 0.1207E-01 0.9265E-02 0.7698E-02 0.1411E-02 0.5107E-02 0.2028E-01 0.6364E-02 0.2170E-02 0.1897E-01 0.6027E-02 0.2249E-01 0.2617E-01 0.3828E-02 0.1752E-02 0.2590E-02 0.7167E-02 0.1591E-01 0.1515E-01 0.5399E-02 0.5470E-02 0.0000E+00
0.0000E+00 0.7273E-02 0.1801E-01 0.4287E-02 0.1002E-01 0.7116E-02 0.1513E-01 0.2569E-02 0.8797E-03 0.1168E-01 0.5235E-02 0.2413E-01 0.2131E-01 0.5687E-02 0.4572E-02 0.1800E-02 0.5474E-02 0.7774E-02 0.9456E-02 0.1066E-01 0.6757E-02 0.0000E+00
0.0000E+00 0.1203E-01 0.1741E-01 0.5629E-02 0.7259E-02 0.8275E-02 0.3298E-01 0.2213E-02 0.7455E-03 0.7525E-02 0.5113E-02 0.1481E-01 0.1425E-01 0.7562E-02 0.3477E-02 0.3390E-02 0.3138E-02 0.1246E-01 0.8344E-02 0.8612E-02 0.6614E-03 0.0000E+00
0.0000E+00 0.1588E-01 0.2108E-01 0.7845E-02 0.8339E-02 0.1291E-01 0.3049E-01 0.2580E-02 0.9833E-03 0.5981E-02 0.9137E-02 0.4622E-02 0.1345E-01 0.1467E-01 0.2718E-02 0.2261E-02 0.3689E-02 0.6616E-02 0.5291E-02 0.7711E-02 0.4220E-02 0.0000E+00
0.0000E+00 0.1392E-01 0.2092E-01 0.7832E-02 0.1155E-01 0.7838E-02 0.2141E-01 0.1561E-02 0.7355E-03 0.7469E-02 0.8202E-02 0.3701E-03 0.1228E-01 0.2118E-01 0.2513E-02 0.2565E-03 0.2412E-02 0.1443E-01 0.5854E-02 0.5751E-02 0.2706E-03 0.0000E+00
0.0000E+00 0.6612E-02 0.1178E-01 0.6059E-02 0.9903E-02 0.6031E-02 0.2159E-01 0.1200E-02 0.2408E-02 0.6140E-02 0.1289E-01 0.4597E-02 0.1748E-01 0.1798E-01 0.2901E-02 0.5742E-02 0.1278E-02 0.2013E-01 0.2016E-02 0.1507E-01 0.3438E-02 0.0000E+00
0.0000E+00 0.4707E-02 0.1417E-01 0.5354E-02 0.1202E-01 0.9217E-02 0.2437E-01 0.1617E-02 0.4698E-02 0.1135E-01 0.1013E-01 0.1546E-02 0.1166E-01 0.1038E-01 0.1080E-01 0.2162E-02 0.5487E-02 0.1619E-01 0.7755E-02 0.1189E-01 0.3363E-02 0.0000E+00
0.0000E+00 0.9604E-02 0.1453E-01 0.5929E-02 0.9329E-02 0.4758E-02 0.4029E-01 0.8777E-03 0.2624E-02 0.1058E-01 0.1247E-01 0.1046E-02 0.1863E-01 0.1744E-01 0.1018E-01 0.1654E-02 0.5523E-02 0.2004E-01 0.4746E-02 0.1136E-01 0.4539E-02 0.0000E+00
0.0000E+00 0.2054E-01 0.1661E-01 0.1073E-01 0.1775E-01 0.1491E-01 0.2895E-01 0.2892E-02 0.5824E-02 0.7265E-02 0.1767E-01 0.5656E-02 0.2793E-01 0.9944E-02 0.1219E-01 0.1181E-01 0.4066E-02 0.9110E-02 0.2141E-02 0.8765E-02 0.2741E-03 0.0000E+00
0.0000E+00 0.1023E-01 0.1054E-01 0.9018E-02 0.1749E-01 0.1353E-01 0.3048E-01 0.6632E-02 0.3224E-02 0.4796E-02 0.1485E-01 0.3958E-02 0.1934E-01 0.1388E-01 0.7407E-02 0.1755E-01 0.1248E-01 0.1085E-01 0.1471E-02 0.7899E-02 0.3463E-02 0.0000E+00
0.0000E+00 0.7975E-02 0.8801E-02 0.5022E-02 0.2034E-01 0.5873E-02 0.2038E-01 0.4470E-02 0.9853E-02 0.2146E-01 0.2783E-01 0.7469E-02 0.2032E-01 0.1968E-01 0.5257E-02 0.2550E-01 0.1729E-02 0.7184E-02 0.3682E-02 0.1616E-01 0.1482E-02 0.0000E+00
0.0000E+00 0.1136E-01 0.8918E-02 0.7108E-02 0.1653E-01 0.1495E-01 0.2629E-01 0.1117E-01 0.8048E-02 0.2058E-01 0.1773E-01 0.3417E-02 0.1579E-01 0.2021E-01 0.1813E-02 0.2270E-01 0.2266E-02 0.3954E-02 0.9482E-03 0.8827E-02 0.6272E-02 0.0000E+00
0.0000E+00 0.7888E-02 0.1049E-01 0.1716E-01 0.9818E-02 0.2490E-01 0.2762E-01 0.2716E-02 0.5854E-02 0.1977E-01 0.1733E-01 0.1078E-03 0.2031E-01 0.1837E-01 0.3516E-02 0.1607E-01 0.8388E-02 0.2247E-02 0.5878E-02 0.7476E-02 0.3657E-02 0.0000E+00
0.0000E+00 0.9496E-02 0.1968E-01 0.7732E-02 0.8103E-02 0.2058E-01 0.3085E-01 0.3952E-02 0.4031E-02 0.2208E-01 0.1440E-01 0.5272E-02 0.1248E-01 0.1313E-01 0.2653E-02 0.1801E-01 0.3479E-02 0.2074E-02 0.3267E-02 0.9022E-02 0.3461E-02 0.0000E+00
0.0000E+00 0.1217E-01 0.2568E-01 0.1887E-01 0.2665E-01 0.1524E-01 0.4057E-01 0.4724E-02 0.6911E-02 0.1945E-01 0.1118E-01 0.2225E-02 0.1478E-01 0.2246E-01 0.2162E-01 0.2362E-01 0.2571E-02 0.1778E-02 0.2401E-02 0.7229E-02 0.2095E-02 0.0000E+00
0.0000E+00 0.6356E-02 0.1448E-01 0.1309E-01 0.5379E-02 0.1158E-01 0.2535E-01 0.8344E-02 0.4868E-02 0.1408E-01 0.1682E-01 0.5472E-02 0.1022E-01 0.2079E-01 0.1651E-01 0.2306E-03 0.3678E-02 0.1954E-02 0.1851E-02 0.1773E-01 0.4549E-03 0.0000E+00
0.0000E+00 0.7087E-02 0.1050E-01 0.1934E-01 0.1052E-01 0.2866E-01 0.2403E-01 0.5409E-02 0.1204E-01 0.1983E-01 0.2411E-01 0.8968E-02 0.2199E-01 0.1425E-01 0.2411E-01 0.3020E-02 0.1924E-02 0.2242E-02 0.1832E-02 0.9158E-02 0.4225E-02 0.0000E+00
0.0000E+00 0.4028E-02 0.8134E-02 0.1390E-01 0.4205E-02 0.2545E-01 0.4853E-03 0.3033E-02 0.2819E-01 0.3534E-01 0.2019E-01 0.2171E-01 0.2143E-01 0.1227E-01 0.2115E-01 0.7274E-02 0.5231E-02 0.3411E-02 0.2305E-02 0.9392E-02 0.3123E-02 0.0000E+00
0.0000E+00 0.0000E+00 0.0000E+00 0.0000E+00 0.0000E+00 0.0000E+00 0.0000E+00 0.0000E+00 0.0000E+00 0.0000E+00 0.0000E+00 0.0000E+00 0.0000E+00 0.0000E+00 0.0000E+00 0.0000E+00 0.0000E+00 0.0000E+00 0.0000E+00 0.0000E+00 0.0000E+00 0.0000E+00
