p1_rainC_medsm_dschg.asc
ncols     22
nrows     62
xllcorner      0.00000000
yllcorner      0.00000000
cellsize      0.50000000
nodata_value -9999
0.0000E+00 0.0000E+00 0.0000E+00 0.0000E+00 0.0000E+00 0.0000E+00 0.0000E+00 0.0000E+00 0.0000E+00 0.0000E+00 0.0000E+00 0.0000E+00 0.0000E+00 0.0000E+00 0.0000E+00 0.0000E+00 0.0000E+00 0.0000E+00 0.0000E+00 0.0000E+00 0.0000E+00 0.0000E+00
0.0000E+00 0.1176E-02 0.1122E-02 0.6488E-03 0.6908E-03 0.8579E-03 0.6786E-03 0.1297E-02 0.1005E-02 0.7524E-03 0.6768E-03 0.6549E-03 0.6983E-03 0.5864E-03 0.6649E-03 0.5037E-03 0.6652E-03 0.6676E-03 0.6915E-03 0.1178E-02 0.1858E-02 0.0000E+00
0.0000E+00 0.2545E-02 0.1729E-02 0.1287E-02 0.1318E-02 0.1565E-02 0.6416E-03 0.1929E-02 0.1637E-02 0.1405E-02 0.1708E-02 0.1334E-02 0.2005E-02 0.1432E-02 0.1279E-02 0.1119E-02 0.1242E-02 0.1545E-02 0.2164E-02 0.1727E-02 0.2314E-02 0.0000E+00
0.0000E+00 0.3046E-02 0.3535E-02 0.1903E-02 0.2117E-02 0.2304E-02 0.1312E-02 0.2450E-02 0.2159E-02 0.2016E-02 0.2145E-02 0.1891E-02 0.2522E-02 0.1907E-02 0.2200E-02 0.1736E-02 0.1922E-02 0.2142E-02 0.2921E-02 0.3037E-02 0.3075E-02 0.0000E+00
0.0000E+00 0.3603E-02 0.4101E-02 0.2659E-02 0.2703E-02 0.3375E-02 0.1965E-02 0.2964E-02 0.2767E-02 0.2794E-02 0.2699E-02 0.2445E-02 0.3186E-02 0.2701E-02 0.2738E-02 0.2208E-02 0.2431E-02 0.2691E-02 0.4323E-02 0.4579E-02 0.3543E-02 0.0000E+00
0.0000E+00 0.4137E-02 0.4530E-02 0.3354E-02 0.3092E-02 0.3940E-02 0.2589E-02 0.3487E-02 0.3266E-02 0.3327E-02 0.3330E-02 0.2948E-02 0.3709E-02 0.3197E-02 0.3242E-02 0.3450E-02 0.2918E-02 0.3207E-02 0.4856E-02 0.4970E-02 0.4114E-02 0.0000E+00
0.0000E+00 0.4683E-02 0.5030E-02 0.3907E-02 0.3603E-02 0.4515E-02 0.3212E-02 0.3892E-02 0.3831E-02 0.3789E-02 0.3887E-02 0.3434E-02 0.4374E-02 0.3686E-02 0.3727E-02 0.4304E-02 0.3953E-02 0.3682E-02 0.5188E-02 0.5322E-02 0.4567E-02 0.0000E+00
0.0000E+00 0.5049E-02 0.5424E-02 0.4587E-02 0.4069E-02 0.5461E-02 0.3982E-02 0.4343E-02 0.4233E-02 0.4222E-02 0.4450E-02 0.3889E-02 0.4734E-02 0.4186E-02 0.4203E-02 0.5054E-02 0.4805E-02 0.4154E-02 0.6700E-02 0.5986E-02 0.4838E-02 0.0000E+00
0.0000E+00 0.5714E-02 0.6693E-02 0.5000E-02 0.5388E-02 0.6353E-02 0.4503E-02 0.4861E-02 0.4593E-02 0.4611E-02 0.4792E-02 0.4300E-02 0.5103E-02 0.4529E-02 0.4806E-02 0.5544E-02 0.5448E-02 0.4809E-02 0.7485E-02 0.6273E-02 0.5491E-02 0.0000E+00
0.0000E+00 0.5996E-02 0.7037E-02 0.5388E-02 0.5994E-02 0.6723E-02 0.5053E-02 0.5249E-02 0.4980E-02 0.4982E-02 0.5140E-02 0.4672E-02 0.5495E-02 0.4870E-02 0.5168E-02 0.5995E-02 0.5819E-02 0.5459E-02 0.8321E-02 0.6859E-02 0.5736E-02 0.0000E+00
0.0000E+00 0.6767E-02 0.7459E-02 0.5725E-02 0.6854E-02 0.7232E-02 0.5385E-02 0.5578E-02 0.5373E-02 0.5232E-02 0.5614E-02 0.5050E-02 0.6092E-02 0.5162E-02 0.5448E-02 0.6699E-02 0.5999E-02 0.5695E-02 0.9247E-02 0.7407E-02 0.5924E-02 0.0000E+00
0.0000E+00 0.7052E-02 0.8079E-02 0.5865E-02 0.7087E-02 0.7407E-02 0.5759E-02 0.5883E-02 0.5789E-02 0.5601E-02 0.6007E-02 0.5391E-02 0.6424E-02 0.5593E-02 0.5770E-02 0.7289E-02 0.6478E-02 0.6186E-02 0.9685E-02 0.7869E-02 0.6314E-02 0.0000E+00
0.0000E+00 0.7262E-02 0.1016E-01 0.6932E-02 0.7512E-02 0.8033E-02 0.6066E-02 0.6322E-02 0.6063E-02 0.6683E-02 0.6614E-02 0.5701E-02 0.6802E-02 0.6180E-02 0.5997E-02 0.7463E-02 0.6697E-02 0.6251E-02 0.9470E-02 0.7959E-02 0.6458E-02 0.0000E+00
0.0000E+00 0.7841E-02 0.1028E-01 0.7196E-02 0.8136E-02 0.8195E-02 0.6445E-02 0.1311E-01 0.6620E-02 0.6918E-02 0.1330E-01 0.5967E-02 0.6952E-02 0.6538E-02 0.6257E-02 0.7612E-02 0.6953E-02 0.6391E-02 0.1009E-01 0.8159E-02 0.6589E-02 0.0000E+00
0.0000E+00 0.8476E-02 0.1041E-01 0.7984E-02 0.9832E-02 0.9613E-02 0.6896E-02 0.1318E-01 0.6530E-03 0.6625E-03 0.1332E-01 0.6151E-02 0.7320E-02 0.6617E-02 0.6531E-02 0.7739E-02 0.7141E-02 0.6516E-02 0.1061E-01 0.8616E-02 0.6769E-02 0.0000E+00
0.0000E+00 0.8976E-02 0.1042E-01 0.8401E-02 0.1014E-01 0.9764E-02 0.7343E-02 0.1329E-01 0.1586E-02 0.1391E-02 0.1322E-01 0.6362E-02 0.7662E-02 0.6701E-02 0.6640E-02 0.7858E-02 0.7258E-02 0.6759E-02 0.1100E-01 0.8652E-02 0.7033E-02 0.0000E+00
0.0000E+00 0.9038E-02 0.1134E-01 0.8596E-02 0.1073E-01 0.1002E-01 0.8099E-02 0.1350E-01 0.2586E-02 0.2492E-02 0.1402E-01 0.6470E-02 0.7661E-02 0.6805E-02 0.7040E-02 0.7898E-02 0.7834E-02 0.6905E-02 0.1103E-01 0.8678E-02 0.7197E-02 0.0000E+00
0.0000E+00 0.1027E-01 0.1198E-01 0.1004E-01 0.1256E-01 0.1037E-01 0.8875E-02 0.1371E-01 0.3971E-02 0.3713E-02 0.1590E-01 0.6734E-02 0.8400E-02 0.6990E-02 0.7211E-02 0.8227E-02 0.8465E-02 0.7635E-02 0.1106E-01 0.8736E-02 0.7355E-02 0.0000E+00
0.0000E+00 0.1171E-01 0.1200E-01 0.1019E-01 0.1457E-01 0.1069E-01 0.9717E-02 0.1921E-01 0.4410E-02 0.4858E-02 0.1613E-01 0.7049E-02 0.8510E-02 0.7134E-02 0.7362E-02 0.8251E-02 0.9623E-02 0.9406E-02 0.1215E-01 0.8728E-02 0.7482E-02 0.0000E+00
0.0000E+00 0.1239E-01 0.1240E-01 0.1062E-01 0.1593E-01 0.1215E-01 0.1064E-01 0.2059E-01 0.5112E-03 0.6286E-02 0.1732E-01 0.7282E-02 0.9285E-02 0.8064E-02 0.8796E-02 0.8994E-02 0.1178E-01 0.1150E-01 0.1217E-01 0.8822E-02 0.8166E-02 0.0000E+00
0.0000E+00 0.1329E-01 0.1247E-01 0.1090E-01 0.1587E-01 0.2950E-01 0.3307E-01 0.2146E-01 0.1402E-02 0.7763E-02 0.1854E-01 0.7389E-02 0.9502E-02 0.8335E-02 0.1923E-01 0.1016E-01 0.1181E-01 0.1155E-01 0.1242E-01 0.9705E-02 0.9619E-02 0.0000E+00
0.0000E+00 0.1356E-01 0.1244E-01 0.1105E-01 0.9602E-03 0.6363E-01 0.3395E-01 0.7639E-03 0.2076E-02 0.8259E-02 0.1918E-01 0.1770E-01 0.1017E-01 0.8416E-02 0.1911E-01 0.6777E-03 0.1354E-01 0.2502E-01 0.1362E-01 0.1049E-01 0.1094E-01 0.0000E+00
0.0000E+00 0.1356E-01 0.1245E-01 0.1118E-01 0.1838E-02 0.6472E-01 0.7063E-03 0.6511E-03 0.2718E-02 0.8491E-02 0.1946E-01 0.1768E-01 0.6545E-03 0.9350E-02 0.1903E-01 0.1100E-02 0.1132E-02 0.2585E-01 0.1474E-01 0.1053E-01 0.1180E-01 0.0000E+00
0.0000E+00 0.1434E-01 0.1322E-01 0.1466E-01 0.2481E-02 0.6443E-01 0.1336E-02 0.1351E-02 0.3216E-02 0.8667E-02 0.1940E-01 0.1787E-01 0.1303E-02 0.9382E-02 0.1894E-01 0.1738E-02 0.1783E-02 0.2630E-01 0.1552E-01 0.2433E-01 0.1252E-01 0.0000E+00
0.0000E+00 0.1541E-01 0.1435E-01 0.1543E-01 0.7024E-03 0.6411E-01 0.1936E-02 0.5282E-02 0.3580E-02 0.8727E-02 0.1926E-01 0.1779E-01 0.1906E-02 0.9438E-02 0.1884E-01 0.2469E-02 0.2362E-02 0.2697E-01 0.1551E-01 0.2506E-01 0.8120E-03 0.0000E+00
0.0000E+00 0.1551E-01 0.1476E-01 0.1541E-01 0.1568E-02 0.6436E-01 0.2601E-02 0.5593E-02 0.6477E-03 0.8823E-02 0.1920E-01 0.1775E-01 0.2486E-02 0.9741E-02 0.1873E-01 0.2930E-02 0.3100E-02 0.2694E-01 0.1589E-01 0.2511E-01 0.1459E-02 0.0000E+00
0.0000E+00 0.1543E-01 0.1564E-01 0.1643E-01 0.2105E-02 0.6738E-01 0.7018E-01 0.6043E-02 0.1281E-02 0.8878E-02 0.1913E-01 0.1765E-01 0.3035E-02 0.1012E-01 0.1863E-01 0.3749E-02 0.3744E-02 0.2689E-01 0.1626E-01 0.2540E-01 0.2088E-02 0.0000E+00
0.0000E+00 0.3189E-01 0.1581E-01 0.1671E-01 0.7066E-03 0.1624E-02 0.8789E-01 0.1675E-01 0.1056E-01 0.9002E-02 0.1903E-01 0.1810E-01 0.3839E-02 0.1018E-01 0.1855E-01 0.4145E-02 0.4230E-02 0.2656E-01 0.6796E-01 0.2544E-01 0.2640E-02 0.0000E+00
0.0000E+00 0.3402E-01 0.6281E-03 0.1804E-01 0.1691E-02 0.1364E-02 0.8826E-01 0.7047E-03 0.9615E-03 0.6871E-03 0.1928E-01 0.1836E-01 0.5749E-02 0.1070E-01 0.1850E-01 0.4518E-02 0.4608E-02 0.7331E-03 0.6766E-01 0.9756E-03 0.3426E-02 0.0000E+00
0.0000E+00 0.3360E-01 0.7158E-03 0.1793E-01 0.2501E-02 0.2171E-02 0.8933E-01 0.7116E-03 0.1595E-02 0.1331E-02 0.1929E-01 0.1841E-01 0.7026E-02 0.1177E-01 0.1884E-01 0.6304E-02 0.5450E-02 0.1438E-02 0.6725E-01 0.1622E-02 0.4297E-02 0.0000E+00
0.0000E+00 0.3437E-01 0.1358E-02 0.1801E-01 0.2991E-02 0.2829E-02 0.8987E-01 0.1610E-02 0.2161E-02 0.2570E-02 0.1923E-01 0.1841E-01 0.7433E-02 0.1199E-01 0.1918E-01 0.8210E-02 0.6469E-02 0.2157E-02 0.6688E-01 0.2301E-02 0.4913E-02 0.0000E+00
0.0000E+00 0.3427E-01 0.1939E-02 0.1832E-01 0.4237E-02 0.4601E-02 0.9076E-01 0.2122E-02 0.3505E-02 0.3447E-02 0.1971E-01 0.1891E-01 0.7821E-02 0.1274E-01 0.1900E-01 0.2740E-01 0.7770E-02 0.2945E-02 0.6655E-01 0.7889E-02 0.5374E-02 0.0000E+00
0.0000E+00 0.3395E-01 0.2530E-02 0.1882E-01 0.4601E-02 0.5421E-02 0.9010E-01 0.2672E-02 0.4625E-02 0.4094E-02 0.2015E-01 0.4111E-01 0.2177E-01 0.1387E-01 0.6679E-03 0.2761E-01 0.8996E-02 0.3512E-02 0.6654E-01 0.8177E-02 0.7209E-03 0.0000E+00
0.0000E+00 0.3371E-01 0.2955E-02 0.1928E-01 0.4990E-02 0.5986E-02 0.8939E-01 0.3465E-02 0.6277E-02 0.5221E-02 0.2064E-01 0.4087E-01 0.6730E-03 0.7092E-03 0.7922E-03 0.2756E-01 0.8986E-02 0.4028E-02 0.6634E-01 0.8395E-02 0.2005E-02 0.0000E+00
0.0000E+00 0.3389E-01 0.3468E-02 0.1915E-01 0.6472E-02 0.6373E-02 0.8870E-01 0.4322E-02 0.7668E-02 0.5812E-02 0.2053E-01 0.4079E-01 0.1779E-02 0.1370E-02 0.1518E-02 0.2727E-01 0.9036E-02 0.4629E-02 0.6598E-01 0.8332E-02 0.2823E-02 0.0000E+00
0.0000E+00 0.3393E-01 0.3769E-02 0.1940E-01 0.7782E-02 0.6839E-02 0.8879E-01 0.1293E-01 0.8390E-02 0.6739E-02 0.2055E-01 0.4070E-01 0.2945E-02 0.2253E-02 0.2035E-02 0.3598E-01 0.8991E-02 0.5001E-02 0.6547E-01 0.8379E-02 0.3251E-02 0.0000E+00
0.0000E+00 0.3773E-01 0.4090E-02 0.1970E-01 0.8691E-02 0.7218E-02 0.1020E+00 0.1289E-01 0.1007E-02 0.7785E-02 0.2855E-01 0.4111E-01 0.4401E-02 0.3703E-02 0.2534E-02 0.3661E-01 0.6760E-03 0.5380E-02 0.6498E-01 0.8429E-02 0.3688E-02 0.0000E+00
0.0000E+00 0.3804E-01 0.6852E-03 0.1965E-01 0.8768E-02 0.7461E-02 0.1021E+00 0.8099E-03 0.1661E-02 0.7357E-03 0.2846E-01 0.4151E-01 0.4810E-02 0.4903E-02 0.3534E-02 0.3658E-01 0.1304E-02 0.5627E-02 0.6431E-01 0.9563E-02 0.4690E-02 0.0000E+00
0.0000E+00 0.3776E-01 0.8796E-03 0.1953E-01 0.8861E-02 0.8780E-02 0.1026E+00 0.1689E-02 0.2475E-02 0.1540E-02 0.2874E-01 0.4174E-01 0.5712E-02 0.5523E-02 0.3900E-02 0.3641E-01 0.1927E-02 0.5975E-02 0.6388E-01 0.1027E-01 0.5872E-02 0.0000E+00
0.0000E+00 0.3765E-01 0.1690E-02 0.2942E-01 0.1013E-01 0.9625E-02 0.1036E+00 0.2518E-02 0.2984E-02 0.2161E-02 0.2868E-01 0.4244E-01 0.6352E-02 0.5977E-02 0.4443E-02 0.3792E-01 0.2504E-02 0.6213E-02 0.6369E-01 0.1028E-01 0.7216E-02 0.0000E+00
0.0000E+00 0.3758E-01 0.3070E-01 0.2923E-01 0.6743E-03 0.9634E-02 0.1036E+00 0.3069E-02 0.3628E-02 0.3091E-01 0.2844E-01 0.4288E-01 0.6054E-01 0.5362E-01 0.4810E-01 0.4353E-01 0.4264E-02 0.7522E-02 0.6385E-01 0.1113E-01 0.7723E-02 0.0000E+00
0.0000E+00 0.3725E-01 0.3175E-01 0.9349E-03 0.1310E-02 0.1030E-01 0.1087E+00 0.3532E-02 0.4258E-02 0.3119E-01 0.1471E-02 0.4248E-01 0.6081E-01 0.6799E-03 0.1097E-02 0.7115E-03 0.7011E-03 0.8838E-02 0.6392E-01 0.1120E-01 0.8216E-02 0.0000E+00
0.0000E+00 0.3688E-01 0.3169E-01 0.1466E-02 0.2464E-02 0.1111E-01 0.1087E+00 0.7300E-03 0.4573E-02 0.3088E-01 0.2118E-02 0.4232E-01 0.6028E-01 0.1328E-02 0.1770E-02 0.1663E-02 0.1775E-02 0.1017E-01 0.6341E-01 0.1180E-01 0.8815E-02 0.0000E+00
0.0000E+00 0.3699E-01 0.3144E-01 0.3341E-02 0.2962E-02 0.1110E-01 0.1078E+00 0.1854E-02 0.4943E-02 0.3097E-01 0.3475E-02 0.4305E-01 0.6187E-01 0.3324E-02 0.2265E-02 0.2162E-02 0.2641E-02 0.1159E-01 0.6358E-01 0.1189E-01 0.9077E-02 0.0000E+00
0.0000E+00 0.3657E-01 0.3152E-01 0.4346E-02 0.4846E-02 0.1159E-01 0.1080E+00 0.2531E-02 0.5180E-02 0.3109E-01 0.4450E-02 0.4490E-01 0.6291E-01 0.5133E-02 0.3187E-02 0.2697E-02 0.3492E-02 0.1167E-01 0.6345E-01 0.2136E-01 0.9281E-02 0.0000E+00
0.0000E+00 0.3648E-01 0.3191E-01 0.4882E-02 0.6619E-02 0.1210E-01 0.1072E+00 0.8129E-02 0.5449E-02 0.3075E-01 0.5049E-02 0.4675E-01 0.6229E-01 0.6640E-02 0.3964E-02 0.3548E-02 0.3912E-02 0.1245E-01 0.6355E-01 0.2214E-01 0.7101E-03 0.0000E+00
0.0000E+00 0.3677E-01 0.3238E-01 0.5314E-02 0.7017E-02 0.1234E-01 0.1147E+00 0.8294E-02 0.7152E-03 0.3040E-01 0.5298E-01 0.4779E-01 0.6174E-01 0.8183E-02 0.4894E-02 0.4448E-02 0.9353E-02 0.1231E-01 0.6280E-01 0.2355E-01 0.1149E-02 0.0000E+00
0.0000E+00 0.3671E-01 0.3302E-01 0.7062E-02 0.8487E-02 0.1239E-01 0.1143E+00 0.7346E-03 0.1357E-02 0.3007E-01 0.5219E-01 0.6778E-03 0.6114E-01 0.8948E-02 0.5221E-02 0.6806E-03 0.1018E-01 0.8516E-01 0.6227E-01 0.2340E-01 0.6931E-03 0.0000E+00
0.0000E+00 0.3672E-01 0.3315E-01 0.8538E-02 0.9183E-02 0.1272E-01 0.1144E+00 0.6914E-03 0.1962E-02 0.2977E-01 0.5224E-01 0.1461E-02 0.6082E-01 0.1083E-01 0.5682E-02 0.2024E-02 0.7549E-03 0.8470E-01 0.8363E-03 0.2342E-01 0.1555E-02 0.0000E+00
0.0000E+00 0.3636E-01 0.3401E-01 0.8967E-02 0.1087E-01 0.1458E-01 0.1159E+00 0.1476E-02 0.3454E-02 0.3037E-01 0.5526E-01 0.2063E-02 0.6027E-01 0.1099E-01 0.7309E-02 0.2675E-02 0.1781E-02 0.8411E-01 0.2688E-02 0.2332E-01 0.2441E-02 0.0000E+00
0.0000E+00 0.3612E-01 0.3426E-01 0.9851E-02 0.1143E-01 0.1460E-01 0.1157E+00 0.2089E-02 0.3881E-02 0.3043E-01 0.5517E-01 0.8000E-03 0.6059E-01 0.1282E-01 0.9162E-02 0.3214E-02 0.2829E-02 0.8480E-01 0.3773E-02 0.2734E-01 0.3535E-02 0.0000E+00
0.0000E+00 0.3772E-01 0.3641E-01 0.1199E-01 0.1368E-01 0.1716E-01 0.1164E+00 0.2671E-02 0.4936E-02 0.3061E-01 0.5518E-01 0.1499E-02 0.6056E-01 0.1281E-01 0.1077E-01 0.5423E-02 0.3890E-02 0.8839E-01 0.4509E-02 0.2767E-01 0.7021E-03 0.0000E+00
0.0000E+00 0.3739E-01 0.3641E-01 0.1361E-01 0.1581E-01 0.1904E-01 0.1158E+00 0.3364E-02 0.5489E-02 0.3000E-01 0.5464E-01 0.2122E-02 0.6008E-01 0.1340E-01 0.1247E-01 0.9869E-01 0.9173E-01 0.8815E-01 0.8949E-03 0.2779E-01 0.2156E-02 0.0000E+00
0.0000E+00 0.3701E-01 0.3601E-01 0.1351E-01 0.1752E-01 0.1916E-01 0.1147E+00 0.3990E-02 0.5918E-02 0.3118E-01 0.5535E-01 0.3431E-02 0.6038E-01 0.2800E-01 0.1240E-01 0.1005E+00 0.1231E-02 0.1351E-02 0.1677E-02 0.2791E-01 0.2625E-02 0.0000E+00
0.0000E+00 0.3770E-01 0.3557E-01 0.1351E-01 0.1822E-01 0.1949E-01 0.1151E+00 0.4877E-02 0.6324E-02 0.3281E-01 0.6161E-01 0.4866E-02 0.6057E-01 0.2887E-01 0.1542E-02 0.1018E+00 0.2425E-02 0.2481E-02 0.2250E-02 0.2770E-01 0.3556E-02 0.0000E+00
0.0000E+00 0.3750E-01 0.3541E-01 0.1357E-01 0.1805E-01 0.1953E-01 0.1145E+00 0.5170E-02 0.7173E-02 0.3532E-01 0.6197E-01 0.6226E-03 0.6130E-01 0.2894E-01 0.2420E-02 0.1010E+00 0.3291E-02 0.2959E-02 0.3062E-02 0.2748E-01 0.4459E-02 0.0000E+00
0.0000E+00 0.3717E-01 0.3508E-01 0.1354E-01 0.1793E-01 0.1970E-01 0.1136E+00 0.5452E-02 0.7284E-02 0.3766E-01 0.6143E-01 0.1866E-02 0.6189E-01 0.2865E-01 0.3261E-02 0.1004E+00 0.3737E-02 0.3441E-02 0.3544E-02 0.3286E-01 0.5115E-02 0.0000E+00
0.0000E+00 0.3687E-01 0.3534E-01 0.3372E-01 0.1955E-01 0.1962E-01 0.1127E+00 0.5762E-02 0.7494E-02 0.3930E-01 0.6073E-01 0.2522E-02 0.6234E-01 0.2982E-01 0.1045E+00 0.1006E+00 0.4145E-02 0.3925E-02 0.3976E-02 0.3383E-01 0.1180E-02 0.0000E+00
0.0000E+00 0.3638E-01 0.3578E-01 0.3343E-01 0.1630E-02 0.1953E-01 0.1117E+00 0.6137E-02 0.7658E-02 0.3896E-01 0.6044E-01 0.3107E-02 0.6168E-01 0.3032E-01 0.1036E+00 0.5971E-03 0.4583E-02 0.4561E-02 0.4293E-02 0.3363E-01 0.7184E-03 0.0000E+00
0.0000E+00 0.3629E-01 0.3533E-01 0.3329E-01 0.3385E-02 0.1295E+00 0.1107E+00 0.6465E-02 0.8124E-02 0.3879E-01 0.5993E-01 0.3629E-02 0.6107E-01 0.3014E-01 0.1039E+00 0.1262E-02 0.4867E-02 0.5248E-02 0.4664E-02 0.3332E-01 0.1396E-02 0.0000E+00
0.0000E+00 0.3588E-01 0.3516E-01 0.3687E-01 0.3908E-02 0.1298E+00 0.6889E-03 0.6656E-02 0.1054E+00 0.9807E-01 0.5933E-01 0.9301E-01 0.9014E-01 0.2988E-01 0.1119E+00 0.6807E-02 0.5262E-02 0.1177E-01 0.5622E-02 0.3515E-01 0.2082E-02 0.0000E+00
0.0000E+00 0.0000E+00 0.0000E+00 0.0000E+00 0.0000E+00 0.0000E+00 0.0000E+00 0.0000E+00 0.0000E+00 0.0000E+00 0.0000E+00 0.0000E+00 0.0000E+00 0.0000E+00 0.0000E+00 0.0000E+00 0.0000E+00 0.0000E+00 0.0000E+00 0.0000E+00 0.0000E+00 0.0000E+00
