p1_rainB_highsm_sedtr.asc
ncols     22
nrows     62
xllcorner      0.00000000
yllcorner      0.00000000
cellsize      0.50000000
nodata_value -9999
0.0000E+00 0.0000E+00 0.0000E+00 0.0000E+00 0.0000E+00 0.0000E+00 0.0000E+00 0.0000E+00 0.0000E+00 0.0000E+00 0.0000E+00 0.0000E+00 0.0000E+00 0.0000E+00 0.0000E+00 0.0000E+00 0.0000E+00 0.0000E+00 0.0000E+00 0.0000E+00 0.0000E+00 0.0000E+00
0.0000E+00 0.5578E-01 0.3590E-01 0.4890E-02 0.1402E-01 0.7500E-01 0.7983E-02 0.3579E-01 0.5752E-01 0.1926E-01 0.8140E-02 0.1738E-01 0.1122E-01 0.1044E-01 0.1197E-01 0.1300E-02 0.6542E-02 0.1102E-01 0.2960E-01 0.5555E-01 0.5544E-01 0.0000E+00
0.0000E+00 0.1200E+00 0.2565E-01 0.1713E-01 0.2904E-01 0.9179E-01 0.2318E-01 0.9129E-01 0.5149E-01 0.3782E-01 0.6789E-01 0.5007E-01 0.7966E-01 0.3885E-01 0.1150E-01 0.9852E-02 0.1548E-01 0.2947E-01 0.1021E+00 0.3136E-01 0.2640E-01 0.0000E+00
0.0000E+00 0.7485E-01 0.1247E+00 0.3264E-01 0.1149E+00 0.9002E-01 0.2358E-01 0.5465E-01 0.2948E-01 0.5261E-01 0.4208E-01 0.2765E-01 0.4197E-01 0.2689E-01 0.9722E-01 0.2912E-01 0.4780E-01 0.3097E-01 0.7565E-01 0.8327E-01 0.6550E-01 0.0000E+00
0.0000E+00 0.8013E-01 0.2126E+00 0.1353E+00 0.1564E+00 0.1935E+00 0.1059E+00 0.1045E+00 0.1104E+00 0.1013E+00 0.3699E-01 0.3446E-01 0.1254E+00 0.7455E-01 0.6939E-01 0.4008E-01 0.4692E-01 0.2768E-01 0.6185E-01 0.1160E+00 0.4730E-01 0.0000E+00
0.0000E+00 0.1161E+00 0.1791E+00 0.2174E+00 0.9769E-01 0.2020E+00 0.1871E+00 0.1535E+00 0.6679E-01 0.1196E+00 0.8940E-01 0.3417E-01 0.9823E-01 0.6007E-01 0.5285E-01 0.1214E+00 0.4299E-01 0.3275E-01 0.6588E-01 0.7519E-01 0.1446E+00 0.0000E+00
0.0000E+00 0.1556E+00 0.2679E+00 0.1851E+00 0.2015E+00 0.2408E+00 0.2492E+00 0.9328E-01 0.1398E+00 0.1062E+00 0.1153E+00 0.8236E-01 0.1315E+00 0.5386E-01 0.4766E-01 0.1484E+00 0.5541E-01 0.3505E-01 0.5379E-01 0.5654E-01 0.9093E-01 0.0000E+00
0.0000E+00 0.9603E-01 0.2147E+00 0.1906E+00 0.1249E+00 0.2149E+00 0.2301E+00 0.1032E+00 0.1155E+00 0.8291E-01 0.2168E+00 0.9507E-01 0.8531E-01 0.1537E+00 0.6098E-01 0.1885E+00 0.5775E-01 0.3479E-01 0.1086E+00 0.7690E-01 0.6209E-01 0.0000E+00
0.0000E+00 0.1329E+00 0.2176E+00 0.1272E+00 0.1780E+00 0.1778E+00 0.1475E+00 0.1654E+00 0.9625E-01 0.5991E-01 0.1290E+00 0.9603E-01 0.7099E-01 0.9233E-01 0.7301E-01 0.1753E+00 0.8581E-01 0.3498E-01 0.8854E-01 0.6044E-01 0.1298E+00 0.0000E+00
0.0000E+00 0.1004E+00 0.2109E+00 0.1283E+00 0.1717E+00 0.1372E+00 0.1681E+00 0.1265E+00 0.1588E+00 0.1033E+00 0.9536E-01 0.1154E+00 0.1278E+00 0.1233E+00 0.9148E-01 0.2020E+00 0.8626E-01 0.4567E-01 0.8579E-01 0.1203E+00 0.7589E-01 0.0000E+00
0.0000E+00 0.1048E+00 0.1670E+00 0.1010E+00 0.1840E+00 0.2102E+00 0.1262E+00 0.8757E-01 0.1636E+00 0.6589E-01 0.1582E+00 0.8442E-01 0.1457E+00 0.8150E-01 0.6528E-01 0.2124E+00 0.5506E-01 0.4977E-01 0.1602E+00 0.1320E+00 0.5124E-01 0.0000E+00
0.0000E+00 0.6850E-01 0.1506E+00 0.7809E-01 0.1176E+00 0.1257E+00 0.1462E+00 0.6796E-01 0.1424E+00 0.9708E-01 0.1500E+00 0.7765E-01 0.1022E+00 0.1493E+00 0.1112E+00 0.1704E+00 0.1090E+00 0.6655E-01 0.1097E+00 0.1222E+00 0.9031E-01 0.0000E+00
0.0000E+00 0.8800E-01 0.2274E+00 0.1376E+00 0.1835E+00 0.1454E+00 0.9707E-01 0.1708E+00 0.9254E-01 0.1496E+00 0.1841E+00 0.7245E-01 0.9908E-01 0.1547E+00 0.7287E-01 0.1165E+00 0.8446E-01 0.3441E-01 0.6850E-01 0.7835E-01 0.5271E-01 0.0000E+00
0.0000E+00 0.9204E-01 0.1325E+00 0.1073E+00 0.1644E+00 0.8972E-01 0.2089E+00 0.1987E+00 0.8361E-01 0.1127E+00 0.1220E+00 0.7390E-01 0.8012E-01 0.1485E+00 0.1042E+00 0.9140E-01 0.1186E+00 0.8046E-01 0.9116E-01 0.9297E-01 0.7305E-01 0.0000E+00
0.0000E+00 0.1384E+00 0.8399E-01 0.1849E+00 0.2105E+00 0.1311E+00 0.2355E+00 0.1206E+00 0.1004E-01 0.1271E-01 0.1733E+00 0.7504E-01 0.1109E+00 0.9090E-01 0.1308E+00 0.7181E-01 0.1496E+00 0.5826E-01 0.1430E+00 0.9285E-01 0.1387E+00 0.0000E+00
0.0000E+00 0.2244E+00 0.8098E-01 0.2024E+00 0.1957E+00 0.1348E+00 0.2020E+00 0.9900E-01 0.1482E+00 0.8418E-01 0.2383E+00 0.9707E-01 0.1062E+00 0.6151E-01 0.8001E-01 0.5584E-01 0.1226E+00 0.7379E-01 0.1444E+00 0.7799E-01 0.1472E+00 0.0000E+00
0.0000E+00 0.1413E+00 0.2234E+00 0.1438E+00 0.2541E+00 0.1255E+00 0.2521E+00 0.1322E+00 0.1929E+00 0.1671E+00 0.2728E+00 0.6391E-01 0.6853E-01 0.5447E-01 0.1757E+00 0.4060E-01 0.1143E+00 0.5115E-01 0.1315E+00 0.5375E-01 0.1598E+00 0.0000E+00
0.0000E+00 0.1879E+00 0.1703E+00 0.1346E+00 0.2401E+00 0.8160E-01 0.2284E+00 0.1026E+00 0.1713E+00 0.1784E+00 0.2602E+00 0.5626E-01 0.1157E+00 0.6274E-01 0.1153E+00 0.1680E+00 0.1194E+00 0.1009E+00 0.1582E+00 0.8586E-01 0.1872E+00 0.0000E+00
0.0000E+00 0.2640E+00 0.1818E+00 0.1134E+00 0.2941E+00 0.1846E+00 0.2161E+00 0.1827E+00 0.1099E+00 0.1411E+00 0.1870E+00 0.5883E-01 0.1132E+00 0.5996E-01 0.1191E+00 0.1160E+00 0.1322E+00 0.1336E+00 0.1970E+00 0.5025E-01 0.1261E+00 0.0000E+00
0.0000E+00 0.1891E+00 0.2239E+00 0.1116E+00 0.1945E+00 0.2038E+00 0.2484E+00 0.1388E+00 0.7556E-02 0.1861E+00 0.1802E+00 0.4818E-01 0.1531E+00 0.6926E-01 0.1009E+00 0.1134E+00 0.1894E+00 0.1973E+00 0.1653E+00 0.4299E-01 0.2368E+00 0.0000E+00
0.0000E+00 0.2182E+00 0.2214E+00 0.1223E+00 0.1254E+00 0.2502E+00 0.2446E+00 0.1596E+00 0.3914E-01 0.2023E+00 0.1872E+00 0.2331E-01 0.9448E-01 0.6596E-01 0.8338E-01 0.6092E-01 0.1100E+00 0.1296E+00 0.2195E+00 0.1124E+00 0.2357E+00 0.0000E+00
0.0000E+00 0.2123E+00 0.1664E+00 0.1494E+00 0.4967E-01 0.2972E+00 0.1712E+00 0.3438E-01 0.6978E-01 0.1422E+00 0.1445E+00 0.5849E-01 0.6786E-01 0.7332E-01 0.6586E-01 0.3220E-02 0.1168E+00 0.1606E+00 0.1842E+00 0.1561E+00 0.1988E+00 0.0000E+00
0.0000E+00 0.1379E+00 0.1355E+00 0.1496E+00 0.9938E-01 0.2573E+00 0.1583E-01 0.1710E-01 0.1376E+00 0.1581E+00 0.1444E+00 0.4812E-01 0.7475E-02 0.9977E-01 0.6195E-01 0.1120E+00 0.6053E-01 0.1925E+00 0.1875E+00 0.1022E+00 0.1660E+00 0.0000E+00
0.0000E+00 0.1615E+00 0.1468E+00 0.1629E+00 0.7679E-01 0.2425E+00 0.1855E-01 0.7027E-01 0.8579E-01 0.1515E+00 0.1304E+00 0.8368E-01 0.1952E-01 0.6118E-01 0.6978E-01 0.6050E-01 0.9264E-01 0.1636E+00 0.1408E+00 0.1570E+00 0.1741E+00 0.0000E+00
0.0000E+00 0.1547E+00 0.1843E+00 0.1322E+00 0.1509E-01 0.2470E+00 0.2235E-01 0.7512E-01 0.4912E-01 0.1075E+00 0.7605E-01 0.5326E-01 0.2802E-01 0.5169E-01 0.6114E-01 0.6192E-01 0.7716E-01 0.1097E+00 0.9156E-01 0.1003E+00 0.1960E-01 0.0000E+00
0.0000E+00 0.1157E+00 0.2195E+00 0.9166E-01 0.7893E-01 0.2680E+00 0.1379E+00 0.8438E-01 0.1160E-01 0.1009E+00 0.5752E-01 0.3768E-01 0.5017E-01 0.6025E-01 0.3897E-01 0.3954E-01 0.1137E+00 0.1025E+00 0.1393E+00 0.9874E-01 0.4278E-01 0.0000E+00
0.0000E+00 0.9521E-01 0.1680E+00 0.1114E+00 0.4053E-01 0.2000E+00 0.2475E+00 0.1277E+00 0.2869E-01 0.8804E-01 0.4583E-01 0.4200E-01 0.7690E-01 0.4856E-01 0.3294E-01 0.1126E+00 0.1358E+00 0.1445E+00 0.2062E+00 0.1370E+00 0.7220E-01 0.0000E+00
0.0000E+00 0.1411E+00 0.1141E+00 0.8545E-01 0.1354E-01 0.6344E-01 0.2679E+00 0.1741E+00 0.1664E+00 0.1144E+00 0.3588E-01 0.1133E+00 0.9770E-01 0.2971E-01 0.6483E-01 0.6118E-01 0.1280E+00 0.7118E-01 0.1804E+00 0.8925E-01 0.7066E-01 0.0000E+00
0.0000E+00 0.9257E-01 0.3972E-02 0.1108E+00 0.8550E-01 0.4131E-01 0.2336E+00 0.1515E-01 0.6170E-01 0.4435E-01 0.8105E-01 0.8536E-01 0.1351E+00 0.1061E+00 0.4754E-01 0.4860E-01 0.8056E-01 0.4961E-01 0.1693E+00 0.5150E-01 0.1096E+00 0.0000E+00
0.0000E+00 0.8545E-01 0.1665E-01 0.5842E-01 0.6853E-01 0.3751E-01 0.2806E+00 0.6266E-01 0.1013E+00 0.4186E-01 0.8968E-01 0.7932E-01 0.1547E+00 0.1700E+00 0.1574E+00 0.1931E+00 0.9348E-01 0.1197E+00 0.1633E+00 0.3279E-01 0.1733E+00 0.0000E+00
0.0000E+00 0.1970E+00 0.2182E-01 0.1375E+00 0.7997E-01 0.5261E-01 0.3250E+00 0.7444E-01 0.7454E-01 0.7728E-01 0.8513E-01 0.2020E+00 0.1858E+00 0.1763E+00 0.1371E+00 0.2055E+00 0.9713E-01 0.9077E-01 0.1594E+00 0.7864E-01 0.1316E+00 0.0000E+00
0.0000E+00 0.2458E+00 0.4032E-01 0.1499E+00 0.1229E+00 0.1429E+00 0.3038E+00 0.7563E-01 0.1613E+00 0.1056E+00 0.1302E+00 0.2043E+00 0.2190E+00 0.1804E+00 0.8186E-01 0.1477E+00 0.8663E-01 0.9533E-01 0.1623E+00 0.1308E+00 0.1334E+00 0.0000E+00
0.0000E+00 0.1666E+00 0.5184E-01 0.2339E+00 0.7045E-01 0.1106E+00 0.2424E+00 0.7212E-01 0.1743E+00 0.1061E+00 0.1347E+00 0.3238E+00 0.2566E+00 0.1843E+00 0.7123E-02 0.9653E-01 0.2326E-01 0.5096E-01 0.1410E+00 0.1178E+00 0.2482E-01 0.0000E+00
0.0000E+00 0.1442E+00 0.3118E-01 0.2494E+00 0.6340E-01 0.1143E+00 0.1857E+00 0.1025E+00 0.1648E+00 0.1273E+00 0.1344E+00 0.2431E+00 0.1159E-01 0.1646E-01 0.5499E-01 0.1009E+00 0.2304E-01 0.4503E-01 0.1301E+00 0.8380E-01 0.5939E-01 0.0000E+00
0.0000E+00 0.1926E+00 0.7941E-01 0.1571E+00 0.1423E+00 0.7921E-01 0.1724E+00 0.1506E+00 0.1488E+00 0.9221E-01 0.9721E-01 0.2554E+00 0.1138E+00 0.2871E-01 0.4362E-01 0.8200E-01 0.4156E-01 0.1379E+00 0.1242E+00 0.5850E-01 0.6000E-01 0.0000E+00
0.0000E+00 0.1953E+00 0.4006E-01 0.1280E+00 0.1451E+00 0.1152E+00 0.2708E+00 0.1229E+00 0.8531E-01 0.9660E-01 0.1574E+00 0.2562E+00 0.1445E+00 0.8460E-01 0.2971E-01 0.7512E-01 0.3141E-01 0.1386E+00 0.1043E+00 0.5080E-01 0.8804E-01 0.0000E+00
0.0000E+00 0.1513E+00 0.3700E-01 0.1636E+00 0.1384E+00 0.1091E+00 0.3084E+00 0.9136E-01 0.4370E-01 0.1299E+00 0.1780E+00 0.2632E+00 0.1606E+00 0.1428E+00 0.2822E-01 0.1350E+00 0.1044E-01 0.1991E+00 0.1205E+00 0.4380E-01 0.5415E-01 0.0000E+00
0.0000E+00 0.1046E+00 0.9235E-02 0.1397E+00 0.1026E+00 0.8139E-01 0.2989E+00 0.4570E-01 0.3184E-01 0.1929E-01 0.1280E+00 0.2381E+00 0.9449E-01 0.1282E+00 0.1138E+00 0.1095E+00 0.5758E-01 0.1151E+00 0.8896E-01 0.1406E+00 0.1743E+00 0.0000E+00
0.0000E+00 0.9703E-01 0.9848E-01 0.1193E+00 0.7773E-01 0.1704E+00 0.3037E+00 0.5944E-01 0.1454E+00 0.1252E+00 0.2034E+00 0.1953E+00 0.1469E+00 0.1038E+00 0.6360E-01 0.1229E+00 0.6131E-01 0.1516E+00 0.1151E+00 0.1648E+00 0.1859E+00 0.0000E+00
0.0000E+00 0.1167E+00 0.1078E+00 0.1518E+00 0.1551E+00 0.1474E+00 0.2922E+00 0.6734E-01 0.8219E-01 0.8166E-01 0.1199E+00 0.1970E+00 0.1863E+00 0.1004E+00 0.1223E+00 0.1194E+00 0.4479E-01 0.1090E+00 0.1439E+00 0.1398E+00 0.2281E+00 0.0000E+00
0.0000E+00 0.1241E+00 0.1257E+00 0.1062E+00 0.1153E-01 0.9371E-01 0.2502E+00 0.5590E-01 0.8740E-01 0.1504E+00 0.8592E-01 0.1768E+00 0.2402E+00 0.1508E+00 0.1228E+00 0.7027E-01 0.5966E-01 0.1191E+00 0.1372E+00 0.2000E+00 0.1546E+00 0.0000E+00
0.0000E+00 0.8812E-01 0.1819E+00 0.5589E-01 0.2614E-01 0.2171E+00 0.2639E+00 0.6679E-01 0.6881E-01 0.9256E-01 0.7143E-01 0.1442E+00 0.2092E+00 0.9556E-02 0.6461E-01 0.1518E-01 0.1022E-01 0.1673E+00 0.1484E+00 0.1374E+00 0.1680E+00 0.0000E+00
0.0000E+00 0.7580E-01 0.1427E+00 0.3835E-01 0.5968E-01 0.1630E+00 0.2549E+00 0.5189E-01 0.4565E-01 0.7588E-01 0.5148E-01 0.1447E+00 0.1921E+00 0.2448E-01 0.1153E+00 0.1542E+00 0.1143E+00 0.2757E+00 0.1284E+00 0.1785E+00 0.2016E+00 0.0000E+00
0.0000E+00 0.1121E+00 0.1179E+00 0.1398E+00 0.4561E-01 0.1144E+00 0.2294E+00 0.1430E+00 0.4546E-01 0.1874E+00 0.1274E+00 0.2117E+00 0.2515E+00 0.9352E-01 0.6391E-01 0.8577E-01 0.1695E+00 0.2747E+00 0.1956E+00 0.1400E+00 0.1409E+00 0.0000E+00
0.0000E+00 0.7265E-01 0.1863E+00 0.1115E+00 0.1630E+00 0.1311E+00 0.1769E+00 0.9655E-01 0.3133E-01 0.1870E+00 0.1285E+00 0.2420E+00 0.2391E+00 0.1282E+00 0.1146E+00 0.6129E-01 0.1606E+00 0.1734E+00 0.1734E+00 0.2189E+00 0.1570E+00 0.0000E+00
0.0000E+00 0.1237E+00 0.2124E+00 0.1188E+00 0.1719E+00 0.1461E+00 0.2733E+00 0.6960E-01 0.2905E-01 0.1441E+00 0.1461E+00 0.2002E+00 0.1912E+00 0.1537E+00 0.1238E+00 0.1081E+00 0.9899E-01 0.2045E+00 0.1761E+00 0.1774E+00 0.2834E-01 0.0000E+00
0.0000E+00 0.1741E+00 0.2499E+00 0.1479E+00 0.1667E+00 0.1991E+00 0.2974E+00 0.5594E-01 0.3980E-01 0.1066E+00 0.1648E+00 0.8983E-01 0.1796E+00 0.2205E+00 0.1102E+00 0.1024E+00 0.1290E+00 0.1275E+00 0.1232E+00 0.1713E+00 0.1038E+00 0.0000E+00
0.0000E+00 0.1811E+00 0.2721E+00 0.1795E+00 0.2142E+00 0.1734E+00 0.2459E+00 0.5691E-01 0.3480E-01 0.1080E+00 0.1252E+00 0.1481E-01 0.1628E+00 0.2883E+00 0.7701E-01 0.1231E-01 0.8039E-01 0.2352E+00 0.1156E+00 0.1278E+00 0.1272E-01 0.0000E+00
0.0000E+00 0.1242E+00 0.2101E+00 0.1611E+00 0.1994E+00 0.1602E+00 0.2232E+00 0.4466E-01 0.7261E-01 0.9769E-01 0.1331E+00 0.1133E+00 0.1935E+00 0.2938E+00 0.7644E-01 0.1208E+00 0.4814E-01 0.2252E+00 0.6058E-01 0.1668E+00 0.9880E-01 0.0000E+00
0.0000E+00 0.7883E-01 0.2146E+00 0.1401E+00 0.2314E+00 0.1861E+00 0.2268E+00 0.6585E-01 0.1252E+00 0.1402E+00 0.1507E+00 0.6715E-01 0.1516E+00 0.1965E+00 0.1774E+00 0.7175E-01 0.1329E+00 0.2050E+00 0.1492E+00 0.1533E+00 0.1201E+00 0.0000E+00
0.0000E+00 0.1016E+00 0.1994E+00 0.1356E+00 0.2195E+00 0.1219E+00 0.3134E+00 0.4615E-01 0.8450E-01 0.1394E+00 0.1447E+00 0.4026E-01 0.1947E+00 0.2459E+00 0.2048E+00 0.5405E-01 0.1454E+00 0.2208E+00 0.1278E+00 0.2031E+00 0.1250E+00 0.0000E+00
0.0000E+00 0.1999E+00 0.2204E+00 0.1901E+00 0.2729E+00 0.1976E+00 0.2794E+00 0.7762E-01 0.1444E+00 0.1304E+00 0.1791E+00 0.1283E+00 0.2778E+00 0.1648E+00 0.2297E+00 0.1776E+00 0.1280E+00 0.1714E+00 0.7373E-01 0.1546E+00 0.1234E-01 0.0000E+00
0.0000E+00 0.1463E+00 0.1734E+00 0.1867E+00 0.2870E+00 0.1991E+00 0.3044E+00 0.1599E+00 0.1097E+00 0.8666E-01 0.1718E+00 0.1225E+00 0.2464E+00 0.1717E+00 0.1944E+00 0.2783E+00 0.2210E+00 0.1679E+00 0.5580E-01 0.1261E+00 0.8989E-01 0.0000E+00
0.0000E+00 0.1138E+00 0.1318E+00 0.1228E+00 0.3071E+00 0.1204E+00 0.2392E+00 0.1437E+00 0.1784E+00 0.2081E+00 0.2602E+00 0.1815E+00 0.2734E+00 0.2592E+00 0.1275E+00 0.2666E+00 0.4947E-01 0.1349E+00 0.8834E-01 0.1706E+00 0.5191E-01 0.0000E+00
0.0000E+00 0.1562E+00 0.1143E+00 0.1326E+00 0.2825E+00 0.1753E+00 0.2644E+00 0.2273E+00 0.1821E+00 0.2399E+00 0.2725E+00 0.1268E+00 0.2531E+00 0.2414E+00 0.5019E-01 0.2518E+00 0.7112E-01 0.1230E+00 0.4061E-01 0.1253E+00 0.1182E+00 0.0000E+00
0.0000E+00 0.1246E+00 0.1176E+00 0.1945E+00 0.1973E+00 0.2607E+00 0.2862E+00 0.1162E+00 0.1838E+00 0.2634E+00 0.2414E+00 0.7123E-02 0.2847E+00 0.2065E+00 0.7788E-01 0.2284E+00 0.1540E+00 0.7441E-01 0.1344E+00 0.1014E+00 0.1191E+00 0.0000E+00
0.0000E+00 0.1210E+00 0.1821E+00 0.1354E+00 0.1489E+00 0.2750E+00 0.3213E+00 0.1186E+00 0.1263E+00 0.2880E+00 0.1979E+00 0.1125E+00 0.2362E+00 0.1564E+00 0.6889E-01 0.2320E+00 0.9308E-01 0.5853E-01 0.1061E+00 0.1515E+00 0.1089E+00 0.0000E+00
0.0000E+00 0.1444E+00 0.2610E+00 0.2898E+00 0.2652E+00 0.2223E+00 0.4047E+00 0.1048E+00 0.1237E+00 0.2834E+00 0.1547E+00 0.7410E-01 0.2401E+00 0.2090E+00 0.2793E+00 0.2648E+00 0.6684E-01 0.4949E-01 0.9531E-01 0.1218E+00 0.6834E-01 0.0000E+00
0.0000E+00 0.9884E-01 0.2324E+00 0.1920E+00 0.1088E+00 0.1662E+00 0.3255E+00 0.1678E+00 0.1023E+00 0.2246E+00 0.1799E+00 0.1302E+00 0.1937E+00 0.2180E+00 0.2353E+00 0.1121E-01 0.9715E-01 0.5922E-01 0.6490E-01 0.1524E+00 0.2158E-01 0.0000E+00
0.0000E+00 0.1224E+00 0.1810E+00 0.1897E+00 0.1775E+00 0.3885E+00 0.3255E+00 0.1489E+00 0.1987E+00 0.2349E+00 0.2381E+00 0.1872E+00 0.2725E+00 0.1549E+00 0.2586E+00 0.8838E-01 0.6107E-01 0.6363E-01 0.5665E-01 0.1093E+00 0.1046E+00 0.0000E+00
0.0000E+00 0.8490E-01 0.1511E+00 0.1890E+00 0.1093E+00 0.3333E+00 0.3018E-01 0.1345E+00 0.4111E+00 0.4031E+00 0.2373E+00 0.3363E+00 0.2945E+00 0.1379E+00 0.3173E+00 0.1846E+00 0.1181E+00 0.1225E+00 0.8919E-01 0.1508E+00 0.1238E+00 0.0000E+00
0.0000E+00 0.0000E+00 0.0000E+00 0.0000E+00 0.0000E+00 0.0000E+00 0.0000E+00 0.0000E+00 0.0000E+00 0.0000E+00 0.0000E+00 0.0000E+00 0.0000E+00 0.0000E+00 0.0000E+00 0.0000E+00 0.0000E+00 0.0000E+00 0.0000E+00 0.0000E+00 0.0000E+00 0.0000E+00
