p1_rainE_medsm_sedtr.asc
ncols     22
nrows     62
xllcorner      0.00000000
yllcorner      0.00000000
cellsize      0.50000000
nodata_value -9999
0.0000E+00 0.0000E+00 0.0000E+00 0.0000E+00 0.0000E+00 0.0000E+00 0.0000E+00 0.0000E+00 0.0000E+00 0.0000E+00 0.0000E+00 0.0000E+00 0.0000E+00 0.0000E+00 0.0000E+00 0.0000E+00 0.0000E+00 0.0000E+00 0.0000E+00 0.0000E+00 0.0000E+00 0.0000E+00
0.0000E+00 0.6145E-04 0.3043E-04 0.1710E-06 0.5193E-05 0.6601E-04 0.1233E-05 0.1157E-04 0.5391E-04 0.5548E-05 0.7846E-06 0.8008E-05 0.4580E-05 0.1423E-05 0.4659E-05 -.2735E-07 0.2755E-06 0.2981E-05 0.1626E-04 0.7650E-04 0.1484E-03 0.0000E+00
0.0000E+00 0.4212E-03 0.9432E-05 0.1273E-04 0.2336E-04 0.3197E-04 0.5932E-05 0.6885E-04 0.1920E-04 0.2519E-04 0.1180E-03 0.1561E-04 0.1263E-03 0.3400E-04 0.1739E-06 0.1471E-05 0.7077E-05 0.2198E-04 0.2696E-03 0.1260E-04 0.3018E-04 0.0000E+00
0.0000E+00 0.1029E-03 0.4727E-03 0.2095E-04 0.1354E-03 0.7123E-04 0.9547E-05 0.9202E-05 0.3913E-05 0.2187E-04 0.2259E-04 0.2258E-05 0.2708E-04 0.4842E-05 0.1565E-03 0.3917E-04 0.7665E-04 0.2359E-04 0.7637E-04 0.1417E-03 0.1088E-03 0.0000E+00
0.0000E+00 0.6220E-04 0.8411E-03 0.1936E-03 0.1402E-03 0.5380E-03 0.1314E-03 0.8479E-04 0.1126E-03 0.6505E-04 0.1040E-04 0.3576E-04 0.2178E-03 0.4767E-04 0.3926E-04 0.2961E-04 0.2706E-04 0.6020E-05 0.3415E-04 0.1873E-03 0.3630E-04 0.0000E+00
0.0000E+00 0.4934E-04 0.3201E-03 0.3527E-03 0.4317E-04 0.2612E-03 0.2451E-03 0.1537E-03 0.3192E-04 0.1114E-03 0.9092E-04 0.1266E-04 0.7256E-04 0.3610E-04 0.1586E-04 0.1590E-03 0.9561E-05 0.1242E-04 0.1240E-03 0.1245E-03 0.3046E-03 0.0000E+00
0.0000E+00 0.1459E-03 0.5145E-03 0.1257E-03 0.2402E-03 0.2091E-03 0.2818E-03 0.3932E-04 0.1371E-03 0.3192E-04 0.4785E-04 0.1927E-04 0.8719E-04 0.1467E-04 0.8726E-05 0.1089E-03 0.6429E-05 0.6877E-05 0.6026E-04 0.6349E-04 0.7750E-04 0.0000E+00
0.0000E+00 0.3604E-04 0.1993E-03 0.5780E-04 0.6022E-04 0.1284E-03 0.1047E-03 0.1028E-03 0.3832E-04 0.1098E-04 0.3238E-03 0.5082E-04 0.2877E-04 0.1385E-03 0.1659E-04 0.1953E-03 0.2913E-05 0.2331E-05 0.1993E-03 0.2775E-04 0.3269E-04 0.0000E+00
0.0000E+00 0.2611E-03 0.1429E-03 0.1946E-04 0.3246E-03 0.8250E-04 0.2302E-04 0.1148E-03 0.2261E-04 0.3396E-05 0.6730E-04 0.1818E-04 0.1422E-04 0.3159E-04 0.3973E-05 0.7798E-04 0.7622E-04 0.7528E-06 0.9701E-04 0.1408E-04 0.1022E-03 0.0000E+00
0.0000E+00 0.8959E-04 0.1759E-03 0.9848E-04 0.3205E-03 0.4357E-04 0.7649E-04 0.3932E-04 0.1974E-03 0.1065E-03 0.3101E-04 0.7661E-04 0.1609E-03 0.5343E-04 0.3963E-04 0.1098E-03 0.3584E-04 0.6355E-05 0.6653E-04 0.9654E-04 0.3271E-04 0.0000E+00
0.0000E+00 0.3497E-04 0.7696E-04 0.2862E-04 0.1832E-03 0.3250E-03 0.6237E-04 0.1616E-04 0.4195E-04 0.2470E-04 0.1586E-03 0.1655E-04 0.4804E-04 0.1557E-04 0.1433E-04 0.1248E-03 0.1703E-04 0.2639E-04 0.4121E-03 0.7510E-04 0.9974E-05 0.0000E+00
0.0000E+00 0.1444E-04 0.3559E-04 0.9130E-05 0.1050E-03 0.1250E-03 0.8234E-04 0.5142E-05 0.1370E-04 0.6750E-04 0.5844E-04 0.3374E-05 0.1579E-04 0.9367E-04 0.1999E-04 0.4569E-04 0.7817E-04 0.1746E-04 0.1601E-03 0.3604E-04 0.1946E-04 0.0000E+00
0.0000E+00 0.1161E-03 0.9109E-03 0.1137E-03 0.2392E-03 0.2558E-03 0.2595E-04 0.1927E-03 0.8044E-05 0.1488E-03 0.7710E-04 0.2028E-05 0.8027E-05 0.3274E-04 0.7033E-05 0.2898E-04 0.1707E-04 0.3679E-05 0.1117E-03 0.2113E-04 0.5037E-05 0.0000E+00
0.0000E+00 0.4008E-04 0.2223E-03 0.5591E-04 0.1604E-03 0.1036E-03 0.3307E-03 0.1324E-03 0.1213E-05 0.3837E-04 0.1096E-04 0.1554E-04 0.1800E-04 0.6987E-04 0.6276E-04 0.1416E-04 0.1386E-03 0.4038E-04 0.1397E-03 0.3960E-04 0.1234E-04 0.0000E+00
0.0000E+00 0.2137E-03 0.1340E-03 0.2935E-03 0.4867E-03 0.2319E-03 0.1678E-03 0.7887E-04 0.2273E-05 0.5227E-05 0.2024E-03 0.5379E-04 0.7638E-04 0.1313E-04 0.1837E-04 0.3561E-05 0.1660E-03 0.1371E-04 0.1933E-03 0.1397E-04 0.7906E-04 0.0000E+00
0.0000E+00 0.5075E-03 0.1895E-03 0.2490E-03 0.3699E-03 0.2574E-03 0.7321E-04 0.4808E-04 0.4432E-03 0.1615E-03 0.3005E-03 0.4207E-04 0.2697E-04 0.3327E-05 0.3591E-05 0.3926E-06 0.3886E-04 0.7331E-05 0.1014E-03 0.6181E-05 0.2735E-04 0.0000E+00
0.0000E+00 0.2062E-03 0.1193E-02 0.1477E-03 0.5847E-03 0.1471E-03 0.4383E-03 0.2384E-03 0.3048E-03 0.3417E-03 0.3937E-03 0.1461E-04 0.1318E-04 0.2030E-04 0.2169E-03 0.8450E-07 0.3030E-04 0.2251E-05 0.6399E-04 0.1639E-05 0.1047E-04 0.0000E+00
0.0000E+00 0.5599E-03 0.3255E-03 0.8039E-04 0.3833E-03 0.8215E-04 0.1994E-03 0.9017E-04 0.1462E-03 0.1991E-03 0.4168E-03 0.4896E-05 0.1542E-03 0.4559E-04 0.6483E-04 0.2628E-03 0.8611E-04 0.1573E-03 0.9200E-04 0.5688E-04 0.4542E-04 0.0000E+00
0.0000E+00 0.1037E-02 0.2544E-03 0.5536E-04 0.1603E-02 0.4727E-03 0.1643E-03 0.2517E-03 0.7399E-04 0.1018E-03 0.2165E-03 0.2107E-04 0.1012E-03 0.1908E-04 0.4464E-04 0.6945E-04 0.1930E-03 0.1904E-03 0.2663E-03 0.1603E-04 0.1438E-04 0.0000E+00
0.0000E+00 0.4147E-03 0.3187E-03 0.8176E-04 0.4142E-03 0.5206E-03 0.4807E-03 0.1366E-03 0.9038E-07 0.4614E-03 0.2310E-03 0.7188E-05 0.1121E-03 0.7103E-05 0.1819E-04 0.3564E-04 0.6612E-03 0.8615E-03 0.1741E-03 0.4318E-04 0.4864E-03 0.0000E+00
0.0000E+00 0.7124E-03 0.1603E-03 0.2770E-04 0.3055E-03 0.8523E-03 0.4093E-03 0.4138E-03 0.5637E-05 0.4426E-03 0.3353E-03 0.1253E-05 0.3127E-04 0.2338E-05 0.8888E-05 0.6511E-05 0.2313E-03 0.3162E-03 0.2420E-03 0.1469E-03 0.2675E-03 0.0000E+00
0.0000E+00 0.3588E-03 0.9155E-04 0.2275E-03 0.8577E-04 0.9816E-03 0.3176E-03 0.1819E-04 0.4725E-04 0.2349E-03 0.1705E-03 0.1356E-04 0.1109E-04 0.1759E-04 0.2340E-04 -.6858E-07 0.2695E-03 0.4610E-03 0.1382E-03 0.2053E-03 0.1919E-03 0.0000E+00
0.0000E+00 0.2376E-03 0.4267E-04 0.1377E-03 0.1046E-03 0.8719E-03 0.5569E-05 0.1167E-04 0.1605E-03 0.2486E-03 0.1682E-03 0.6654E-05 0.6080E-06 0.7251E-04 0.3489E-04 0.3497E-03 0.1410E-03 0.9692E-03 0.3006E-03 0.1040E-03 0.1337E-03 0.0000E+00
0.0000E+00 0.5061E-03 0.4850E-04 0.9499E-04 0.2745E-04 0.8590E-03 0.4508E-05 0.3718E-04 0.4622E-04 0.2473E-03 0.1497E-03 0.9238E-04 0.1755E-04 0.3499E-04 0.5303E-04 0.5199E-04 0.1261E-03 0.6051E-03 0.1182E-03 0.1465E-03 0.3323E-03 0.0000E+00
0.0000E+00 0.2519E-03 0.2891E-03 0.8354E-04 0.5998E-05 0.9926E-03 0.7913E-05 0.1011E-04 0.8482E-05 0.9418E-04 0.6916E-04 0.4546E-04 0.8373E-05 0.1935E-04 0.2273E-04 0.1316E-04 0.2503E-04 0.3666E-03 0.5760E-04 0.7472E-04 0.8162E-05 0.0000E+00
0.0000E+00 0.1598E-03 0.3752E-03 0.4693E-04 0.7005E-04 0.1228E-02 0.3835E-03 0.9301E-04 0.3627E-05 0.6155E-04 0.3577E-04 0.1708E-04 0.1024E-04 0.4495E-05 0.6715E-05 0.3852E-05 0.5895E-04 0.3836E-03 0.2355E-03 0.1408E-03 0.2755E-04 0.0000E+00
0.0000E+00 0.1476E-03 0.1842E-03 0.1879E-03 0.1211E-04 0.6142E-03 0.7331E-03 0.1298E-03 0.1483E-04 0.2189E-04 0.1632E-04 0.3421E-04 0.5227E-04 0.1016E-05 0.4629E-05 0.1452E-03 0.5626E-04 0.4582E-03 0.4306E-03 0.2628E-03 0.1793E-04 0.0000E+00
0.0000E+00 0.1494E-03 0.1210E-03 0.8400E-04 0.4385E-05 0.1383E-03 0.6271E-03 0.1398E-03 0.2179E-03 0.9178E-04 0.3581E-05 0.1457E-03 0.6910E-04 0.1580E-04 0.1364E-04 0.3889E-04 0.2211E-04 0.1465E-03 0.3419E-03 0.1379E-03 0.3878E-05 0.0000E+00
0.0000E+00 0.5082E-04 0.9547E-07 0.1809E-03 0.1112E-03 0.6790E-04 0.5500E-03 0.1330E-05 0.5179E-04 0.2440E-04 0.6237E-04 0.3214E-04 0.2066E-03 0.1803E-03 0.1990E-04 0.2663E-04 0.8733E-05 0.1952E-04 0.3414E-03 0.5732E-04 0.1022E-03 0.0000E+00
0.0000E+00 0.7027E-04 0.3729E-05 0.9862E-04 0.1691E-04 0.1949E-04 0.1339E-02 0.4639E-04 0.1311E-03 0.4544E-04 0.1505E-03 0.9260E-04 0.3520E-03 0.3946E-03 0.3807E-03 0.9336E-03 0.6557E-04 0.1317E-03 0.3223E-03 0.1048E-04 0.2678E-03 0.0000E+00
0.0000E+00 0.8924E-03 0.1682E-04 0.4565E-03 0.1281E-03 0.9426E-04 0.1878E-02 0.7270E-04 0.2764E-04 0.3955E-04 0.6084E-04 0.6520E-03 0.6915E-03 0.2282E-03 0.8356E-04 0.5775E-03 0.9548E-04 0.1664E-04 0.2756E-03 0.4536E-04 0.7208E-04 0.0000E+00
0.0000E+00 0.7195E-03 0.2492E-04 0.2276E-03 0.1304E-03 0.4725E-03 0.1319E-02 0.2051E-04 0.3918E-03 0.6865E-04 0.8075E-04 0.2023E-03 0.4173E-03 0.1543E-03 0.1909E-04 0.1075E-03 0.4150E-04 0.5966E-04 0.2571E-03 0.6217E-04 0.7690E-04 0.0000E+00
0.0000E+00 0.4680E-03 0.2469E-04 0.7174E-03 0.5355E-04 0.1578E-03 0.1064E-02 0.7138E-05 0.3168E-03 0.7112E-04 0.3436E-04 0.4197E-03 0.3397E-03 0.1164E-03 0.8252E-06 0.4170E-04 0.6619E-05 0.1077E-04 0.1489E-03 0.3482E-04 0.1469E-04 0.0000E+00
0.0000E+00 0.3903E-03 0.4391E-05 0.4493E-03 0.7323E-04 0.1366E-03 0.7571E-03 0.3706E-04 0.1994E-03 0.8710E-04 0.5215E-04 0.3134E-03 0.4311E-05 0.1474E-04 0.9637E-04 0.1538E-03 0.2491E-04 0.1868E-04 0.9004E-04 0.1303E-04 0.3789E-04 0.0000E+00
0.0000E+00 0.5053E-03 0.8648E-04 0.2574E-03 0.3055E-03 0.7324E-04 0.6917E-03 0.1665E-03 0.1727E-03 0.4309E-04 0.2096E-04 0.4546E-03 0.2503E-03 0.1636E-04 0.8888E-05 0.7683E-04 0.8579E-04 0.2017E-03 0.9504E-04 0.3884E-05 0.2327E-04 0.0000E+00
0.0000E+00 0.3736E-03 0.8737E-05 0.1108E-03 0.1906E-03 0.1855E-03 0.1233E-02 0.9074E-04 0.6296E-04 0.3015E-04 0.1902E-03 0.4118E-03 0.2008E-03 0.6752E-04 0.2121E-05 0.7396E-04 0.3644E-04 0.6116E-04 0.2635E-04 0.6579E-05 0.1929E-04 0.0000E+00
0.0000E+00 0.1897E-03 0.1004E-04 0.2024E-03 0.1710E-03 0.9188E-04 0.1139E-02 0.7947E-04 0.2019E-04 0.1448E-03 0.1701E-03 0.4245E-03 0.2202E-03 0.2886E-03 0.9993E-05 0.3342E-03 0.3071E-05 0.1949E-03 0.4098E-04 0.1176E-04 0.9398E-05 0.0000E+00
0.0000E+00 0.6576E-04 0.2228E-05 0.1055E-03 0.1090E-03 0.5503E-04 0.1042E-02 0.5857E-04 0.3127E-04 0.9843E-05 0.1440E-03 0.2694E-03 0.1016E-03 0.1210E-03 0.1673E-03 0.2114E-03 0.5111E-04 0.5225E-04 0.1109E-04 0.3139E-03 0.5289E-03 0.0000E+00
0.0000E+00 0.9764E-04 0.1673E-03 0.1125E-03 0.6851E-04 0.3967E-03 0.1084E-02 0.4259E-04 0.3276E-03 0.3306E-03 0.5763E-03 0.1821E-03 0.2239E-03 0.7572E-04 0.4206E-04 0.2446E-03 0.3455E-04 0.1426E-03 0.1029E-03 0.2809E-03 0.3200E-03 0.0000E+00
0.0000E+00 0.1092E-03 0.6724E-04 0.1812E-03 0.3199E-03 0.1535E-03 0.9460E-03 0.2322E-04 0.7521E-04 0.5698E-04 0.2284E-03 0.3159E-03 0.3995E-03 0.1557E-03 0.1614E-03 0.1433E-03 0.1001E-04 0.4228E-04 0.2235E-03 0.1619E-03 0.5074E-03 0.0000E+00
0.0000E+00 0.8485E-04 0.1131E-03 0.1141E-03 0.3061E-05 0.1187E-03 0.7612E-03 0.7007E-05 0.3142E-04 0.2048E-03 0.1667E-03 0.1889E-03 0.4446E-03 0.1892E-03 0.1411E-03 0.3328E-04 0.1577E-04 0.3810E-04 0.6901E-04 0.2704E-03 0.2454E-03 0.0000E+00
0.0000E+00 0.5311E-04 0.6587E-03 0.6691E-04 0.3354E-04 0.7725E-03 0.9409E-03 0.1255E-04 0.7964E-05 0.7077E-04 0.2011E-03 0.1408E-03 0.3625E-03 0.1101E-05 0.7582E-04 0.5374E-05 0.2262E-05 0.3233E-03 0.8135E-04 0.1052E-03 0.2422E-03 0.0000E+00
0.0000E+00 0.3628E-04 0.3234E-03 0.1297E-04 0.5126E-04 0.2477E-03 0.1082E-02 0.5395E-04 0.8413E-05 0.4147E-04 0.5187E-04 0.1303E-03 0.3244E-03 0.2101E-04 0.1870E-03 0.4717E-03 0.3678E-03 0.1503E-02 0.4843E-04 0.1822E-03 0.2502E-03 0.0000E+00
0.0000E+00 0.1276E-03 0.2497E-03 0.5827E-03 0.2071E-04 0.2019E-03 0.7323E-03 0.3560E-03 0.4210E-04 0.4642E-03 0.2961E-03 0.6097E-03 0.1121E-02 0.2653E-03 0.3928E-04 0.7246E-04 0.2765E-03 0.8153E-03 0.3963E-03 0.9706E-04 0.1314E-03 0.0000E+00
0.0000E+00 0.4246E-04 0.4303E-03 0.2344E-03 0.7048E-03 0.2157E-03 0.3338E-03 0.6434E-04 0.6960E-05 0.1998E-03 0.1760E-03 0.9845E-03 0.8098E-03 0.4193E-03 0.1419E-03 0.2830E-04 0.1228E-03 0.5375E-03 0.1619E-03 0.1960E-03 0.1226E-03 0.0000E+00
0.0000E+00 0.1260E-03 0.3511E-03 0.2316E-03 0.4267E-03 0.2343E-03 0.8675E-03 0.3476E-04 0.2704E-05 0.1202E-03 0.1052E-03 0.5145E-03 0.6014E-03 0.5386E-03 0.5257E-04 0.6445E-04 0.5005E-04 0.6284E-03 0.1080E-03 0.1229E-03 0.1433E-04 0.0000E+00
0.0000E+00 0.2759E-03 0.5459E-03 0.2145E-03 0.4790E-03 0.3625E-03 0.6399E-03 0.2608E-04 0.2292E-04 0.5502E-04 0.2464E-03 0.1327E-03 0.5220E-03 0.1215E-02 0.3183E-04 0.2197E-04 0.3740E-04 0.3676E-03 0.5028E-04 0.1577E-03 0.2634E-03 0.0000E+00
0.0000E+00 0.1730E-03 0.5128E-03 0.2416E-03 0.5762E-03 0.1706E-03 0.4367E-03 0.4819E-04 0.6218E-05 0.5377E-04 0.2569E-03 0.8531E-05 0.4844E-03 0.1662E-02 0.2958E-04 0.4507E-05 0.1312E-04 0.3508E-03 0.4488E-04 0.1061E-03 0.5283E-05 0.0000E+00
0.0000E+00 0.4382E-04 0.2295E-03 0.1547E-03 0.4229E-03 0.9664E-04 0.4268E-03 0.3142E-04 0.5703E-04 0.1464E-04 0.3736E-03 0.1942E-03 0.5694E-03 0.1107E-02 0.3249E-04 0.3651E-03 0.3707E-04 0.5649E-03 0.8387E-04 0.3302E-03 0.1265E-03 0.0000E+00
0.0000E+00 0.1453E-04 0.3334E-03 0.1236E-03 0.5234E-03 0.3979E-03 0.6518E-03 0.3028E-04 0.2003E-03 0.2486E-03 0.2081E-03 0.2602E-04 0.4044E-03 0.8110E-03 0.5556E-03 0.7417E-04 0.2758E-03 0.3845E-03 0.6660E-03 0.1945E-03 0.6784E-04 0.0000E+00
0.0000E+00 0.1463E-03 0.3672E-03 0.1416E-03 0.3240E-03 0.1607E-03 0.1809E-02 0.6434E-05 0.7317E-04 0.2166E-03 0.3497E-03 0.3061E-04 0.6181E-03 0.1275E-02 0.5555E-03 0.3271E-04 0.2006E-03 0.4681E-03 0.2863E-03 0.2097E-03 0.1508E-03 0.0000E+00
0.0000E+00 0.1015E-02 0.6674E-03 0.5592E-03 0.1270E-02 0.1086E-02 0.9279E-03 0.8067E-04 0.1893E-03 0.9359E-04 0.4787E-03 0.2488E-03 0.9255E-03 0.7969E-03 0.7775E-03 0.9499E-03 0.9896E-04 0.1377E-03 0.9508E-04 0.1389E-03 0.6184E-05 0.0000E+00
0.0000E+00 0.3509E-03 0.3178E-03 0.4638E-03 0.1319E-02 0.1020E-02 0.9650E-03 0.1904E-03 0.8163E-04 0.4444E-04 0.3208E-03 0.7536E-04 0.5895E-03 0.9797E-03 0.4429E-03 0.6815E-03 0.2278E-03 0.1671E-03 0.4729E-04 0.9131E-04 0.1931E-03 0.0000E+00
0.0000E+00 0.2515E-03 0.2590E-03 0.2858E-03 0.1833E-02 0.4924E-03 0.6786E-03 0.6359E-04 0.3266E-03 0.9359E-03 0.1107E-02 0.3096E-03 0.5560E-03 0.1471E-02 0.3808E-03 0.1619E-02 0.9644E-04 0.5908E-03 0.1555E-03 0.3246E-03 0.4378E-04 0.0000E+00
0.0000E+00 0.3170E-03 0.2026E-03 0.3236E-03 0.1337E-02 0.1004E-02 0.8391E-03 0.4271E-03 0.1729E-03 0.1018E-02 0.5893E-03 0.1019E-03 0.3574E-03 0.1384E-02 0.1185E-03 0.1230E-02 0.8528E-04 0.1769E-03 0.1268E-04 0.1379E-03 0.2707E-03 0.0000E+00
0.0000E+00 0.1687E-03 0.1904E-03 0.9089E-03 0.9408E-03 0.1371E-02 0.7916E-03 0.4102E-04 0.1005E-03 0.1195E-02 0.6605E-03 0.4864E-06 0.5713E-03 0.1346E-02 0.1719E-03 0.9102E-03 0.4329E-03 0.6723E-04 0.2035E-03 0.1060E-03 0.8262E-04 0.0000E+00
0.0000E+00 0.1921E-03 0.4725E-03 0.4430E-03 0.8066E-03 0.8828E-03 0.8487E-03 0.4724E-04 0.5797E-04 0.1754E-02 0.5259E-03 0.3044E-03 0.2363E-03 0.1007E-02 0.7344E-04 0.1012E-02 0.1229E-03 0.2677E-04 0.5616E-04 0.1016E-03 0.5700E-04 0.0000E+00
0.0000E+00 0.2083E-03 0.6486E-03 0.1514E-02 0.2219E-02 0.7535E-03 0.1075E-02 0.9292E-04 0.1545E-03 0.1416E-02 0.3887E-03 0.6212E-04 0.3333E-03 0.1325E-02 0.1044E-02 0.1104E-02 0.5433E-04 0.9223E-05 0.2122E-04 0.9469E-04 0.9661E-04 0.0000E+00
0.0000E+00 0.7398E-04 0.3028E-03 0.1329E-02 0.4633E-03 0.5861E-03 0.6061E-03 0.1790E-03 0.5147E-04 0.1023E-02 0.4598E-03 0.1518E-03 0.1798E-03 0.1070E-02 0.9050E-03 0.1902E-05 0.4307E-04 0.1222E-04 0.6942E-05 0.4054E-03 0.8979E-05 0.0000E+00
0.0000E+00 0.5276E-04 0.2250E-03 0.1448E-02 0.9486E-03 0.6723E-03 0.3476E-03 0.5930E-04 0.2486E-03 0.1550E-02 0.6061E-03 0.2299E-03 0.5010E-03 0.8919E-03 0.1261E-02 0.7854E-04 0.1265E-04 0.3355E-04 0.9655E-05 0.1695E-03 0.1672E-03 0.0000E+00
0.0000E+00 0.1635E-04 0.1105E-03 0.1289E-02 0.2782E-03 0.4380E-03 0.3465E-05 0.1692E-04 0.1353E-02 0.1813E-02 0.4102E-03 0.7740E-03 0.8189E-03 0.6742E-03 0.9161E-03 0.9691E-04 0.8433E-04 0.3889E-04 0.2510E-04 0.1407E-03 0.4165E-04 0.0000E+00
0.0000E+00 0.0000E+00 0.0000E+00 0.0000E+00 0.0000E+00 0.0000E+00 0.0000E+00 0.0000E+00 0.0000E+00 0.0000E+00 0.0000E+00 0.0000E+00 0.0000E+00 0.0000E+00 0.0000E+00 0.0000E+00 0.0000E+00 0.0000E+00 0.0000E+00 0.0000E+00 0.0000E+00 0.0000E+00
