p1_rainB_medsm_dschg.asc
ncols     22
nrows     62
xllcorner      0.00000000
yllcorner      0.00000000
cellsize      0.50000000
nodata_value -9999
0.0000E+00 0.0000E+00 0.0000E+00 0.0000E+00 0.0000E+00 0.0000E+00 0.0000E+00 0.0000E+00 0.0000E+00 0.0000E+00 0.0000E+00 0.0000E+00 0.0000E+00 0.0000E+00 0.0000E+00 0.0000E+00 0.0000E+00 0.0000E+00 0.0000E+00 0.0000E+00 0.0000E+00 0.0000E+00
0.0000E+00 0.2091E-02 0.2004E-02 0.1415E-02 0.1454E-02 0.1653E-02 0.1440E-02 0.2830E-02 0.1835E-02 0.1533E-02 0.1444E-02 0.1429E-02 0.1457E-02 0.1365E-02 0.1433E-02 0.1289E-02 0.1449E-02 0.1435E-02 0.1464E-02 0.2088E-02 0.3234E-02 0.0000E+00
0.0000E+00 0.4527E-02 0.3328E-02 0.2820E-02 0.2853E-02 0.3133E-02 0.1419E-02 0.4247E-02 0.3206E-02 0.2954E-02 0.3340E-02 0.2899E-02 0.3783E-02 0.3025E-02 0.2820E-02 0.2672E-02 0.2802E-02 0.3143E-02 0.4063E-02 0.3353E-02 0.4222E-02 0.0000E+00
0.0000E+00 0.5639E-02 0.6509E-02 0.4212E-02 0.4466E-02 0.4686E-02 0.2852E-02 0.5575E-02 0.4510E-02 0.4337E-02 0.4535E-02 0.4236E-02 0.4967E-02 0.4279E-02 0.4587E-02 0.4058E-02 0.4258E-02 0.4493E-02 0.5565E-02 0.5739E-02 0.5744E-02 0.0000E+00
0.0000E+00 0.6920E-02 0.7696E-02 0.5790E-02 0.5829E-02 0.6672E-02 0.4279E-02 0.6871E-02 0.5923E-02 0.5959E-02 0.5867E-02 0.5572E-02 0.6432E-02 0.5927E-02 0.5881E-02 0.5311E-02 0.5551E-02 0.5818E-02 0.8189E-02 0.8540E-02 0.6924E-02 0.0000E+00
0.0000E+00 0.8246E-02 0.8787E-02 0.7283E-02 0.7014E-02 0.7982E-02 0.5684E-02 0.8189E-02 0.7207E-02 0.7262E-02 0.7304E-02 0.6863E-02 0.7718E-02 0.7195E-02 0.7166E-02 0.7589E-02 0.6835E-02 0.7126E-02 0.9473E-02 0.9529E-02 0.8278E-02 0.0000E+00
0.0000E+00 0.9598E-02 0.1003E-01 0.8606E-02 0.8324E-02 0.9346E-02 0.7104E-02 0.9390E-02 0.8596E-02 0.8512E-02 0.8668E-02 0.8154E-02 0.9209E-02 0.8467E-02 0.8438E-02 0.9309E-02 0.8857E-02 0.8394E-02 0.1048E-01 0.1055E-01 0.9534E-02 0.0000E+00
0.0000E+00 0.1077E-01 0.1121E-01 0.1013E-01 0.9596E-02 0.1123E-01 0.8716E-02 0.1064E-01 0.9796E-02 0.9740E-02 0.1005E-01 0.9407E-02 0.1036E-01 0.9775E-02 0.9715E-02 0.1091E-01 0.1066E-01 0.9668E-02 0.1327E-01 0.1211E-01 0.1062E-01 0.0000E+00
0.0000E+00 0.1231E-01 0.1364E-01 0.1134E-01 0.1206E-01 0.1308E-01 0.1009E-01 0.1198E-01 0.1096E-01 0.1093E-01 0.1120E-01 0.1062E-01 0.1154E-01 0.1093E-01 0.1121E-01 0.1220E-01 0.1218E-01 0.1120E-01 0.1502E-01 0.1318E-01 0.1218E-01 0.0000E+00
0.0000E+00 0.1339E-01 0.1471E-01 0.1253E-01 0.1346E-01 0.1422E-01 0.1150E-01 0.1317E-01 0.1216E-01 0.1211E-01 0.1236E-01 0.1180E-01 0.1273E-01 0.1210E-01 0.1239E-01 0.1347E-01 0.1333E-01 0.1277E-01 0.1685E-01 0.1467E-01 0.1324E-01 0.0000E+00
0.0000E+00 0.1516E-01 0.1596E-01 0.1367E-01 0.1529E-01 0.1558E-01 0.1262E-01 0.1430E-01 0.1338E-01 0.1318E-01 0.1368E-01 0.1298E-01 0.1423E-01 0.1321E-01 0.1348E-01 0.1508E-01 0.1429E-01 0.1381E-01 0.1882E-01 0.1616E-01 0.1426E-01 0.0000E+00
0.0000E+00 0.1628E-01 0.1750E-01 0.1463E-01 0.1626E-01 0.1655E-01 0.1380E-01 0.1541E-01 0.1465E-01 0.1437E-01 0.1490E-01 0.1417E-01 0.1542E-01 0.1448E-01 0.1463E-01 0.1662E-01 0.1564E-01 0.1518E-01 0.2010E-01 0.1753E-01 0.1555E-01 0.0000E+00
0.0000E+00 0.1733E-01 0.2112E-01 0.1679E-01 0.1752E-01 0.1810E-01 0.1490E-01 0.1668E-01 0.1574E-01 0.1654E-01 0.1640E-01 0.1533E-01 0.1669E-01 0.1597E-01 0.1567E-01 0.1757E-01 0.1670E-01 0.1607E-01 0.2061E-01 0.1842E-01 0.1654E-01 0.0000E+00
0.0000E+00 0.1887E-01 0.2199E-01 0.1782E-01 0.1907E-01 0.1906E-01 0.1609E-01 0.3492E-01 0.1723E-01 0.1756E-01 0.3440E-01 0.1645E-01 0.1770E-01 0.1715E-01 0.1675E-01 0.1851E-01 0.1780E-01 0.1705E-01 0.2218E-01 0.1948E-01 0.1752E-01 0.0000E+00
0.0000E+00 0.2048E-01 0.2290E-01 0.1959E-01 0.2210E-01 0.2171E-01 0.1739E-01 0.3581E-01 0.1423E-02 0.1432E-02 0.3516E-01 0.1744E-01 0.1896E-01 0.1805E-01 0.1786E-01 0.1943E-01 0.1881E-01 0.1799E-01 0.2359E-01 0.2082E-01 0.1855E-01 0.0000E+00
0.0000E+00 0.2189E-01 0.2369E-01 0.2084E-01 0.2319E-01 0.2263E-01 0.1869E-01 0.3676E-01 0.3186E-02 0.2947E-02 0.3583E-01 0.1846E-01 0.2018E-01 0.1895E-01 0.1879E-01 0.2037E-01 0.1971E-01 0.1905E-01 0.2479E-01 0.2163E-01 0.1966E-01 0.0000E+00
0.0000E+00 0.2274E-01 0.2567E-01 0.2181E-01 0.2469E-01 0.2371E-01 0.2040E-01 0.3782E-01 0.5042E-02 0.4952E-02 0.3761E-01 0.1936E-01 0.2098E-01 0.1987E-01 0.2005E-01 0.2119E-01 0.2116E-01 0.1998E-01 0.2553E-01 0.2242E-01 0.2061E-01 0.0000E+00
0.0000E+00 0.2512E-01 0.2724E-01 0.2444E-01 0.2791E-01 0.2491E-01 0.2212E-01 0.3884E-01 0.7605E-02 0.7213E-02 0.4088E-01 0.2042E-01 0.2265E-01 0.2085E-01 0.2100E-01 0.2236E-01 0.2267E-01 0.2163E-01 0.2626E-01 0.2324E-01 0.2155E-01 0.0000E+00
0.0000E+00 0.2777E-01 0.2795E-01 0.2528E-01 0.3139E-01 0.2606E-01 0.2392E-01 0.4971E-01 0.8714E-02 0.9430E-02 0.4179E-01 0.2152E-01 0.2351E-01 0.2179E-01 0.2194E-01 0.2317E-01 0.2489E-01 0.2471E-01 0.2841E-01 0.2399E-01 0.2244E-01 0.0000E+00
0.0000E+00 0.2930E-01 0.2917E-01 0.2653E-01 0.3391E-01 0.2875E-01 0.2581E-01 0.5223E-01 0.1300E-02 0.1209E-01 0.4405E-01 0.2253E-01 0.2517E-01 0.2365E-01 0.2450E-01 0.2482E-01 0.2856E-01 0.2827E-01 0.2907E-01 0.2484E-01 0.2397E-01 0.0000E+00
0.0000E+00 0.3115E-01 0.2995E-01 0.2755E-01 0.3435E-01 0.6579E-01 0.8176E-01 0.5402E-01 0.3025E-02 0.1482E-01 0.4630E-01 0.2335E-01 0.2603E-01 0.2461E-01 0.5234E-01 0.2699E-01 0.2908E-01 0.2878E-01 0.3005E-01 0.2664E-01 0.2656E-01 0.0000E+00
0.0000E+00 0.3210E-01 0.3061E-01 0.2842E-01 0.1775E-02 0.1506E+00 0.8404E-01 0.1568E-02 0.4483E-02 0.1616E-01 0.4771E-01 0.5156E-01 0.2747E-01 0.2537E-01 0.5266E-01 0.1436E-02 0.3250E-01 0.6169E-01 0.3232E-01 0.2828E-01 0.2893E-01 0.0000E+00
0.0000E+00 0.3266E-01 0.3130E-01 0.2928E-01 0.3465E-02 0.1527E+00 0.1488E-02 0.1423E-02 0.5912E-02 0.1711E-01 0.4857E-01 0.5210E-01 0.1422E-02 0.2718E-01 0.5308E-01 0.1956E-02 0.2006E-02 0.6333E-01 0.3444E-01 0.2894E-01 0.3059E-01 0.0000E+00
0.0000E+00 0.3432E-01 0.3296E-01 0.3612E-01 0.4896E-02 0.1528E+00 0.2887E-02 0.2914E-02 0.7184E-02 0.1802E-01 0.4891E-01 0.5290E-01 0.2836E-02 0.2780E-01 0.5351E-01 0.3312E-02 0.3411E-02 0.6443E-01 0.3605E-01 0.6334E-01 0.3208E-01 0.0000E+00
0.0000E+00 0.3637E-01 0.3510E-01 0.3777E-01 0.1462E-02 0.1528E+00 0.4261E-02 0.1245E-01 0.8354E-02 0.1883E-01 0.4915E-01 0.5339E-01 0.4217E-02 0.2847E-01 0.5391E-01 0.4875E-02 0.4797E-02 0.6583E-01 0.3657E-01 0.6480E-01 0.1593E-02 0.0000E+00
0.0000E+00 0.3698E-01 0.3618E-01 0.3827E-01 0.3143E-02 0.1537E+00 0.5712E-02 0.1358E-01 0.1419E-02 0.1971E-01 0.4947E-01 0.5390E-01 0.5590E-02 0.2940E-01 0.5425E-01 0.6118E-02 0.6383E-02 0.6620E-01 0.3755E-01 0.6524E-01 0.3010E-02 0.0000E+00
0.0000E+00 0.3741E-01 0.3795E-01 0.4024E-01 0.4448E-02 0.1601E+00 0.1667E+00 0.1486E-01 0.2823E-02 0.2055E-01 0.4973E-01 0.5436E-01 0.6933E-02 0.3036E-01 0.5461E-01 0.7823E-02 0.7847E-02 0.6656E-01 0.3852E-01 0.6606E-01 0.4433E-02 0.0000E+00
0.0000E+00 0.7743E-01 0.3864E-01 0.4113E-01 0.1472E-02 0.2845E-02 0.2104E+00 0.4120E-01 0.2542E-01 0.2148E-01 0.4993E-01 0.5546E-01 0.8607E-02 0.3095E-01 0.5495E-01 0.8993E-02 0.9138E-02 0.6653E-01 0.1715E+00 0.6650E-01 0.5794E-02 0.0000E+00
0.0000E+00 0.8155E-01 0.1398E-02 0.4354E-01 0.3306E-02 0.2405E-02 0.2120E+00 0.1476E-02 0.1772E-02 0.1468E-02 0.5063E-01 0.5629E-01 0.1196E-01 0.3211E-01 0.5531E-01 0.1016E-01 0.1031E-01 0.1498E-02 0.1714E+00 0.1800E-02 0.7445E-02 0.0000E+00
0.0000E+00 0.8137E-01 0.1483E-02 0.4384E-01 0.4959E-02 0.3972E-02 0.2141E+00 0.1467E-02 0.3173E-02 0.2880E-02 0.5096E-01 0.5680E-01 0.1438E-01 0.3404E-01 0.5622E-01 0.1335E-01 0.1210E-01 0.2975E-02 0.1712E+00 0.3182E-02 0.9213E-02 0.0000E+00
0.0000E+00 0.8294E-01 0.2891E-02 0.4447E-01 0.6201E-02 0.5352E-02 0.2155E+00 0.3179E-02 0.4516E-02 0.5153E-02 0.5125E-01 0.5724E-01 0.1552E-01 0.3474E-01 0.5705E-01 0.1669E-01 0.1418E-01 0.4516E-02 0.1711E+00 0.4655E-02 0.1071E-01 0.0000E+00
0.0000E+00 0.8314E-01 0.4258E-02 0.4539E-01 0.8547E-02 0.8485E-02 0.2174E+00 0.4467E-02 0.6961E-02 0.6895E-02 0.5227E-01 0.5833E-01 0.1663E-01 0.3620E-01 0.5717E-01 0.7432E-01 0.1667E-01 0.6147E-02 0.1710E+00 0.1766E-01 0.1199E-01 0.0000E+00
0.0000E+00 0.8306E-01 0.5627E-02 0.4656E-01 0.9601E-02 0.1021E-01 0.2170E+00 0.5805E-02 0.9070E-02 0.8317E-02 0.5323E-01 0.1150E+00 0.5574E-01 0.3864E-01 0.1432E-02 0.7485E-01 0.1905E-01 0.7551E-02 0.1714E+00 0.1877E-01 0.1481E-02 0.0000E+00
0.0000E+00 0.8311E-01 0.6859E-02 0.4768E-01 0.1075E-01 0.1156E-01 0.2167E+00 0.7462E-02 0.1205E-01 0.1051E-01 0.5423E-01 0.1151E+00 0.1439E-02 0.1468E-02 0.1584E-02 0.7502E-01 0.1964E-01 0.8900E-02 0.1715E+00 0.1985E-01 0.3793E-02 0.0000E+00
0.0000E+00 0.8376E-01 0.8176E-02 0.4796E-01 0.1351E-01 0.1269E-01 0.2163E+00 0.9222E-02 0.1465E-01 0.1198E-01 0.5438E-01 0.1153E+00 0.3442E-02 0.2904E-02 0.3099E-02 0.7493E-01 0.2040E-01 0.1034E-01 0.1714E+00 0.2063E-01 0.5424E-02 0.0000E+00
0.0000E+00 0.8420E-01 0.9300E-02 0.4874E-01 0.1599E-01 0.1399E-01 0.2170E+00 0.2643E-01 0.1627E-01 0.1396E-01 0.5474E-01 0.1155E+00 0.5577E-02 0.4632E-02 0.4406E-02 0.9584E-01 0.2106E-01 0.1152E-01 0.1710E+00 0.2154E-01 0.6585E-02 0.0000E+00
0.0000E+00 0.9461E-01 0.1044E-01 0.4959E-01 0.1792E-01 0.1520E-01 0.2452E+00 0.2708E-01 0.1837E-02 0.1609E-01 0.7143E-01 0.1165E+00 0.8224E-02 0.7261E-02 0.5696E-02 0.9704E-01 0.1441E-02 0.1270E-01 0.1707E+00 0.2244E-01 0.7794E-02 0.0000E+00
0.0000E+00 0.9592E-01 0.1446E-02 0.4993E-01 0.1871E-01 0.1627E-01 0.2459E+00 0.1597E-02 0.3220E-02 0.1503E-02 0.7161E-01 0.1174E+00 0.9276E-02 0.9548E-02 0.7618E-02 0.9725E-01 0.2846E-02 0.1374E-01 0.1702E+00 0.2469E-01 0.9751E-02 0.0000E+00
0.0000E+00 0.9590E-01 0.1665E-02 0.5018E-01 0.1954E-01 0.1879E-01 0.2473E+00 0.3293E-02 0.4836E-02 0.3096E-02 0.7235E-01 0.1180E+00 0.1114E-01 0.1097E-01 0.8743E-02 0.9726E-01 0.4240E-02 0.1490E-01 0.1699E+00 0.2634E-01 0.1203E-01 0.0000E+00
0.0000E+00 0.9612E-01 0.3283E-02 0.7221E-01 0.2198E-01 0.2064E-01 0.2493E+00 0.4953E-02 0.6117E-02 0.4484E-02 0.7260E-01 0.1193E+00 0.1265E-01 0.1215E-01 0.1014E-01 0.9982E-01 0.5596E-02 0.1594E-01 0.1701E+00 0.2708E-01 0.1457E-01 0.0000E+00
0.0000E+00 0.9640E-01 0.7569E-01 0.7231E-01 0.1440E-02 0.2138E-01 0.2500E+00 0.6294E-02 0.7592E-02 0.7790E-01 0.7264E-01 0.1202E+00 0.1470E+00 0.1332E+00 0.1215E+00 0.1109E+00 0.8734E-02 0.1841E-01 0.1707E+00 0.2890E-01 0.1590E-01 0.0000E+00
0.0000E+00 0.9631E-01 0.7763E-01 0.1739E-02 0.2845E-02 0.2301E-01 0.2604E+00 0.7564E-02 0.9122E-02 0.7860E-01 0.2583E-02 0.1200E+00 0.1477E+00 0.1465E-02 0.1960E-02 0.1481E-02 0.1475E-02 0.2088E-01 0.1713E+00 0.2965E-01 0.1724E-01 0.0000E+00
0.0000E+00 0.9619E-01 0.7790E-01 0.3032E-02 0.4960E-02 0.2480E-01 0.2610E+00 0.1489E-02 0.1023E-01 0.7851E-01 0.3857E-02 0.1201E+00 0.1471E+00 0.2889E-02 0.3362E-02 0.3266E-02 0.3418E-02 0.2336E-01 0.1710E+00 0.3105E-01 0.1874E-01 0.0000E+00
0.0000E+00 0.9670E-01 0.7794E-01 0.6314E-02 0.6175E-02 0.2549E-01 0.2604E+00 0.3504E-02 0.1139E-01 0.7902E-01 0.6321E-02 0.1215E+00 0.1498E+00 0.6367E-02 0.4635E-02 0.4531E-02 0.5096E-02 0.2596E-01 0.1716E+00 0.3178E-01 0.1980E-01 0.0000E+00
0.0000E+00 0.9651E-01 0.7844E-01 0.8223E-02 0.9506E-02 0.2684E-01 0.2612E+00 0.4944E-02 0.1245E-01 0.7954E-01 0.8215E-02 0.1246E+00 0.1517E+00 0.9565E-02 0.6436E-02 0.5851E-02 0.6788E-02 0.2665E-01 0.1719E+00 0.5345E-01 0.2081E-01 0.0000E+00
0.0000E+00 0.9678E-01 0.7936E-01 0.9415E-02 0.1265E-01 0.2820E-01 0.2608E+00 0.1945E-01 0.1354E-01 0.7944E-01 0.9578E-02 0.1277E+00 0.1510E+00 0.1231E-01 0.8085E-02 0.7593E-02 0.7960E-02 0.2832E-01 0.1725E+00 0.5563E-01 0.1479E-02 0.0000E+00
0.0000E+00 0.9758E-01 0.8041E-01 0.1052E-01 0.1374E-01 0.2918E-01 0.2807E+00 0.2044E-01 0.1487E-02 0.7932E-01 0.1399E+00 0.1297E+00 0.1504E+00 0.1514E-01 0.9991E-02 0.9464E-02 0.1950E-01 0.2876E-01 0.1718E+00 0.5859E-01 0.2024E-02 0.0000E+00
0.0000E+00 0.9787E-01 0.8172E-01 0.1365E-01 0.1645E-01 0.2994E-01 0.2813E+00 0.1493E-02 0.2897E-02 0.7926E-01 0.1391E+00 0.1445E-02 0.1498E+00 0.1681E-01 0.1105E-01 0.1446E-02 0.2133E-01 0.2225E+00 0.1714E+00 0.5898E-01 0.1454E-02 0.0000E+00
0.0000E+00 0.9827E-01 0.8225E-01 0.1637E-01 0.1805E-01 0.3102E-01 0.2821E+00 0.1454E-02 0.4295E-02 0.7924E-01 0.1394E+00 0.3011E-02 0.1495E+00 0.2012E-01 0.1233E-01 0.3825E-02 0.1522E-02 0.2223E+00 0.1623E-02 0.5961E-01 0.3147E-02 0.0000E+00
0.0000E+00 0.9815E-01 0.8390E-01 0.1764E-01 0.2109E-01 0.3424E-01 0.2848E+00 0.3040E-02 0.6986E-02 0.8050E-01 0.1456E+00 0.4403E-02 0.1489E+00 0.2091E-01 0.1529E-01 0.5169E-02 0.3403E-02 0.2220E+00 0.4843E-02 0.6007E-01 0.4878E-02 0.0000E+00
0.0000E+00 0.9824E-01 0.8462E-01 0.1954E-01 0.2249E-01 0.3476E-01 0.2852E+00 0.4427E-02 0.8030E-02 0.8095E-01 0.1458E+00 0.1579E-02 0.1496E+00 0.2416E-01 0.1856E-01 0.6449E-02 0.5340E-02 0.2234E+00 0.6859E-02 0.6824E-01 0.6938E-02 0.0000E+00
0.0000E+00 0.1010E+00 0.8827E-01 0.2325E-01 0.2637E-01 0.3912E-01 0.2869E+00 0.5790E-02 0.1009E-01 0.8159E-01 0.1461E+00 0.3044E-02 0.1498E+00 0.2471E-01 0.2148E-01 0.1025E-01 0.7366E-02 0.2309E+00 0.8459E-02 0.6925E-01 0.1460E-02 0.0000E+00
0.0000E+00 0.1008E+00 0.8858E-01 0.2620E-01 0.3008E-01 0.4234E-01 0.2866E+00 0.7315E-02 0.1142E-01 0.8119E-01 0.1456E+00 0.4445E-02 0.1493E+00 0.2617E-01 0.2453E-01 0.2512E+00 0.2383E+00 0.2310E+00 0.1694E-02 0.6997E-01 0.4063E-02 0.0000E+00
0.0000E+00 0.1006E+00 0.8832E-01 0.2668E-01 0.3314E-01 0.4292E-01 0.2856E+00 0.8755E-02 0.1262E-01 0.8332E-01 0.1469E+00 0.6814E-02 0.1500E+00 0.5504E-01 0.2502E-01 0.2543E+00 0.2162E-02 0.2343E-02 0.3270E-02 0.7067E-01 0.5146E-02 0.0000E+00
0.0000E+00 0.1020E+00 0.8804E-01 0.2733E-01 0.3471E-01 0.4382E-01 0.2868E+00 0.1054E-01 0.1382E-01 0.8609E-01 0.1588E+00 0.9475E-02 0.1505E+00 0.5688E-01 0.2697E-02 0.2566E+00 0.4338E-02 0.4414E-02 0.4644E-02 0.7092E-01 0.6935E-02 0.0000E+00
0.0000E+00 0.1020E+00 0.8818E-01 0.2808E-01 0.3502E-01 0.4430E-01 0.2866E+00 0.1168E-01 0.1571E-01 0.9030E-01 0.1597E+00 0.1396E-02 0.1519E+00 0.5752E-01 0.4324E-02 0.2559E+00 0.5996E-02 0.5529E-02 0.6309E-02 0.7116E-01 0.8794E-02 0.0000E+00
0.0000E+00 0.1019E+00 0.8810E-01 0.2878E-01 0.3544E-01 0.4496E-01 0.2860E+00 0.1279E-01 0.1663E-01 0.9423E-01 0.1592E+00 0.3612E-02 0.1530E+00 0.5770E-01 0.5950E-02 0.2553E+00 0.7121E-02 0.6762E-02 0.7564E-02 0.8232E-01 0.1028E-01 0.0000E+00
0.0000E+00 0.1019E+00 0.8883E-01 0.6867E-01 0.3839E-01 0.4531E-01 0.2853E+00 0.1389E-01 0.1763E-01 0.9699E-01 0.1584E+00 0.4982E-02 0.1540E+00 0.5996E-01 0.2631E+00 0.2558E+00 0.8299E-02 0.8026E-02 0.8790E-02 0.8459E-01 0.2085E-02 0.0000E+00
0.0000E+00 0.1016E+00 0.8982E-01 0.6885E-01 0.2832E-02 0.4566E-01 0.2843E+00 0.1508E-01 0.1860E-01 0.9681E-01 0.1582E+00 0.6325E-02 0.1533E+00 0.6128E-01 0.2621E+00 0.1375E-02 0.9543E-02 0.9519E-02 0.9911E-02 0.8482E-01 0.1478E-02 0.0000E+00
0.0000E+00 0.1018E+00 0.8956E-01 0.6922E-01 0.5903E-02 0.3287E+00 0.2835E+00 0.1621E-01 0.1994E-01 0.9688E-01 0.1577E+00 0.7624E-02 0.1526E+00 0.6156E-01 0.2627E+00 0.2809E-02 0.1065E-01 0.1108E-01 0.1109E-01 0.8491E-01 0.2924E-02 0.0000E+00
0.0000E+00 0.1015E+00 0.8967E-01 0.7636E-01 0.7023E-02 0.3301E+00 0.1462E-02 0.1724E-01 0.2730E+00 0.2539E+00 0.1569E+00 0.2201E+00 0.2133E+00 0.6175E-01 0.2806E+00 0.1578E-01 0.1187E-01 0.2610E-01 0.1308E-01 0.8943E-01 0.4404E-02 0.0000E+00
0.0000E+00 0.0000E+00 0.0000E+00 0.0000E+00 0.0000E+00 0.0000E+00 0.0000E+00 0.0000E+00 0.0000E+00 0.0000E+00 0.0000E+00 0.0000E+00 0.0000E+00 0.0000E+00 0.0000E+00 0.0000E+00 0.0000E+00 0.0000E+00 0.0000E+00 0.0000E+00 0.0000E+00 0.0000E+00
