p1_rainC_highsm_sedtr.asc
ncols     22
nrows     62
xllcorner      0.00000000
yllcorner      0.00000000
cellsize      0.50000000
nodata_value -9999
0.0000E+00 0.0000E+00 0.0000E+00 0.0000E+00 0.0000E+00 0.0000E+00 0.0000E+00 0.0000E+00 0.0000E+00 0.0000E+00 0.0000E+00 0.0000E+00 0.0000E+00 0.0000E+00 0.0000E+00 0.0000E+00 0.0000E+00 0.0000E+00 0.0000E+00 0.0000E+00 0.0000E+00 0.0000E+00
0.0000E+00 0.1437E-01 0.8783E-02 0.7736E-03 0.3121E-02 0.1932E-01 0.1537E-02 0.8075E-02 0.1459E-01 0.4067E-02 0.1449E-02 0.4281E-02 0.2511E-02 0.2261E-02 0.2763E-02 0.1429E-03 0.1023E-02 0.2355E-02 0.7280E-02 0.1502E-01 0.1578E-01 0.0000E+00
0.0000E+00 0.4080E-01 0.5647E-02 0.4571E-02 0.7738E-02 0.2054E-01 0.5179E-02 0.2448E-01 0.1152E-01 0.9543E-02 0.2088E-01 0.1147E-01 0.2259E-01 0.1063E-01 0.1832E-02 0.2054E-02 0.3859E-02 0.7416E-02 0.3220E-01 0.6325E-02 0.5193E-02 0.0000E+00
0.0000E+00 0.1901E-01 0.4360E-01 0.8593E-02 0.3402E-01 0.2130E-01 0.5065E-02 0.9077E-02 0.4486E-02 0.1253E-01 0.9215E-02 0.4307E-02 0.8282E-02 0.5205E-02 0.3052E-01 0.9036E-02 0.1535E-01 0.7837E-02 0.1814E-01 0.2466E-01 0.1998E-01 0.0000E+00
0.0000E+00 0.2089E-01 0.7654E-01 0.4262E-01 0.4408E-01 0.6355E-01 0.3184E-01 0.2709E-01 0.3250E-01 0.2614E-01 0.7650E-02 0.8420E-02 0.4086E-01 0.1985E-01 0.1643E-01 0.1167E-01 0.1256E-01 0.5617E-02 0.1246E-01 0.3279E-01 0.1119E-01 0.0000E+00
0.0000E+00 0.3143E-01 0.5247E-01 0.6864E-01 0.2041E-01 0.5777E-01 0.5672E-01 0.4235E-01 0.1374E-01 0.3188E-01 0.2621E-01 0.7175E-02 0.2539E-01 0.1413E-01 0.1061E-01 0.3683E-01 0.9621E-02 0.7142E-02 0.2003E-01 0.1729E-01 0.5129E-01 0.0000E+00
0.0000E+00 0.4507E-01 0.8845E-01 0.4837E-01 0.6119E-01 0.6753E-01 0.7310E-01 0.1707E-01 0.3964E-01 0.2326E-01 0.2954E-01 0.1964E-01 0.3506E-01 0.1165E-01 0.9035E-02 0.3913E-01 0.1124E-01 0.7127E-02 0.1487E-01 0.1115E-01 0.2140E-01 0.0000E+00
0.0000E+00 0.1894E-01 0.5591E-01 0.4395E-01 0.2522E-01 0.5051E-01 0.5675E-01 0.2389E-01 0.2473E-01 0.1443E-01 0.6847E-01 0.2304E-01 0.1686E-01 0.4665E-01 0.1300E-01 0.5190E-01 0.1028E-01 0.6068E-02 0.3684E-01 0.1624E-01 0.1206E-01 0.0000E+00
0.0000E+00 0.3801E-01 0.5057E-01 0.2360E-01 0.4757E-01 0.3582E-01 0.2516E-01 0.4260E-01 0.1867E-01 0.9704E-02 0.2640E-01 0.2027E-01 0.1336E-01 0.1790E-01 0.1228E-01 0.3868E-01 0.2147E-01 0.5128E-02 0.2461E-01 0.1039E-01 0.3523E-01 0.0000E+00
0.0000E+00 0.2200E-01 0.4767E-01 0.2932E-01 0.4392E-01 0.2536E-01 0.3417E-01 0.2356E-01 0.4594E-01 0.2876E-01 0.1778E-01 0.2779E-01 0.3811E-01 0.2823E-01 0.1907E-01 0.4741E-01 0.1844E-01 0.7461E-02 0.2283E-01 0.3234E-01 0.1335E-01 0.0000E+00
0.0000E+00 0.1808E-01 0.3452E-01 0.1848E-01 0.4205E-01 0.6093E-01 0.2138E-01 0.1382E-01 0.3591E-01 0.1141E-01 0.4362E-01 0.1396E-01 0.3378E-01 0.1379E-01 0.9742E-02 0.4768E-01 0.8256E-02 0.9972E-02 0.5903E-01 0.3104E-01 0.8528E-02 0.0000E+00
0.0000E+00 0.1021E-01 0.2752E-01 0.1280E-01 0.1954E-01 0.2244E-01 0.3020E-01 0.1096E-01 0.2273E-01 0.2343E-01 0.3378E-01 0.1010E-01 0.1593E-01 0.3799E-01 0.2232E-01 0.2773E-01 0.2848E-01 0.1336E-01 0.3000E-01 0.2333E-01 0.1988E-01 0.0000E+00
0.0000E+00 0.2325E-01 0.7064E-01 0.3798E-01 0.5017E-01 0.3481E-01 0.1324E-01 0.5220E-01 0.1480E-01 0.3834E-01 0.4138E-01 0.8204E-02 0.1360E-01 0.3093E-01 0.9638E-02 0.2015E-01 0.1416E-01 0.3933E-02 0.1759E-01 0.1454E-01 0.7951E-02 0.0000E+00
0.0000E+00 0.2198E-01 0.2762E-01 0.2615E-01 0.3824E-01 0.1471E-01 0.6247E-01 0.5085E-01 0.1456E-01 0.1796E-01 0.2025E-01 0.9880E-02 0.1156E-01 0.2923E-01 0.2325E-01 0.1666E-01 0.3347E-01 0.2142E-01 0.3092E-01 0.2398E-01 0.1458E-01 0.0000E+00
0.0000E+00 0.4327E-01 0.2099E-01 0.5919E-01 0.6072E-01 0.3622E-01 0.6089E-01 0.2610E-01 0.2137E-02 0.3017E-02 0.6157E-01 0.1346E-01 0.2456E-01 0.1304E-01 0.2546E-01 0.1280E-01 0.4401E-01 0.1139E-01 0.5190E-01 0.2187E-01 0.3692E-01 0.0000E+00
0.0000E+00 0.8018E-01 0.2828E-01 0.6028E-01 0.5317E-01 0.4016E-01 0.3829E-01 0.2421E-01 0.5306E-01 0.2787E-01 0.9296E-01 0.1981E-01 0.2035E-01 0.1035E-01 0.9698E-02 0.1169E-01 0.2361E-01 0.1450E-01 0.4524E-01 0.1738E-01 0.3351E-01 0.0000E+00
0.0000E+00 0.3503E-01 0.1057E+00 0.3141E-01 0.8235E-01 0.3617E-01 0.6458E-01 0.4837E-01 0.5890E-01 0.5359E-01 0.1011E+00 0.7239E-02 0.1109E-01 0.1297E-01 0.5284E-01 0.1007E-01 0.2014E-01 0.7371E-02 0.3831E-01 0.1294E-01 0.3406E-01 0.0000E+00
0.0000E+00 0.6107E-01 0.6431E-01 0.2757E-01 0.6984E-01 0.1906E-01 0.4992E-01 0.3457E-01 0.4137E-01 0.4801E-01 0.8596E-01 0.5450E-02 0.3526E-01 0.1884E-01 0.2409E-01 0.6584E-01 0.2499E-01 0.3056E-01 0.5102E-01 0.2874E-01 0.4334E-01 0.0000E+00
0.0000E+00 0.9653E-01 0.6669E-01 0.2344E-01 0.1017E+00 0.7282E-01 0.4618E-01 0.5863E-01 0.2129E-01 0.2956E-01 0.5354E-01 0.8549E-02 0.3312E-01 0.1663E-01 0.2707E-01 0.3534E-01 0.3313E-01 0.3839E-01 0.6693E-01 0.1333E-01 0.2313E-01 0.0000E+00
0.0000E+00 0.5059E-01 0.8387E-01 0.2771E-01 0.4915E-01 0.7520E-01 0.6779E-01 0.4293E-01 0.1422E-02 0.5588E-01 0.5731E-01 0.5916E-02 0.4698E-01 0.1735E-01 0.1811E-01 0.3214E-01 0.6112E-01 0.6826E-01 0.4985E-01 0.1445E-01 0.7922E-01 0.0000E+00
0.0000E+00 0.6977E-01 0.7529E-01 0.3093E-01 0.3336E-01 0.8733E-01 0.7004E-01 0.6373E-01 0.7867E-02 0.6219E-01 0.6746E-01 0.2232E-02 0.1888E-01 0.1547E-01 0.2218E-01 0.1561E-01 0.2191E-01 0.3229E-01 0.7608E-01 0.4288E-01 0.6757E-01 0.0000E+00
0.0000E+00 0.6263E-01 0.4977E-01 0.4858E-01 0.1473E-01 0.1064E+00 0.5661E-01 0.8420E-02 0.1810E-01 0.3424E-01 0.4873E-01 0.1336E-01 0.1390E-01 0.2045E-01 0.2358E-01 0.4382E-03 0.3120E-01 0.3745E-01 0.5183E-01 0.5596E-01 0.4829E-01 0.0000E+00
0.0000E+00 0.3465E-01 0.4210E-01 0.4753E-01 0.2733E-01 0.1003E+00 0.3548E-02 0.4679E-02 0.4104E-01 0.4654E-01 0.5664E-01 0.1115E-01 0.1315E-02 0.3068E-01 0.2637E-01 0.3796E-01 0.1895E-01 0.7896E-01 0.5616E-01 0.2818E-01 0.3746E-01 0.0000E+00
0.0000E+00 0.5822E-01 0.4927E-01 0.3825E-01 0.1617E-01 0.1002E+00 0.3867E-02 0.1789E-01 0.1850E-01 0.4527E-01 0.5634E-01 0.3889E-01 0.5324E-02 0.1517E-01 0.3650E-01 0.1362E-01 0.2777E-01 0.6878E-01 0.3583E-01 0.4108E-01 0.5122E-01 0.0000E+00
0.0000E+00 0.5418E-01 0.6999E-01 0.3149E-01 0.3368E-02 0.1133E+00 0.4874E-02 0.1234E-01 0.8160E-02 0.2100E-01 0.3499E-01 0.2105E-01 0.6442E-02 0.1498E-01 0.3184E-01 0.1068E-01 0.1618E-01 0.4110E-01 0.2527E-01 0.3192E-01 0.4312E-02 0.0000E+00
0.0000E+00 0.3673E-01 0.8689E-01 0.2256E-01 0.2080E-01 0.1460E+00 0.5056E-01 0.2201E-01 0.2637E-02 0.1830E-01 0.3191E-01 0.1450E-01 0.1119E-01 0.1642E-01 0.2035E-01 0.5842E-02 0.2745E-01 0.4335E-01 0.6137E-01 0.4469E-01 0.1082E-01 0.0000E+00
0.0000E+00 0.3366E-01 0.5377E-01 0.4231E-01 0.7079E-02 0.1028E+00 0.1230E+00 0.3704E-01 0.7127E-02 0.1421E-01 0.2773E-01 0.2101E-01 0.1973E-01 0.1163E-01 0.1982E-01 0.3326E-01 0.3157E-01 0.7599E-01 0.9854E-01 0.7923E-01 0.1644E-01 0.0000E+00
0.0000E+00 0.5481E-01 0.3661E-01 0.3105E-01 0.2908E-02 0.1801E-01 0.1047E+00 0.3390E-01 0.4854E-01 0.2785E-01 0.2501E-01 0.6047E-01 0.2438E-01 0.9643E-02 0.3836E-01 0.1113E-01 0.2550E-01 0.3424E-01 0.8434E-01 0.4913E-01 0.1229E-01 0.0000E+00
0.0000E+00 0.4172E-01 0.5820E-03 0.4748E-01 0.2444E-01 0.1134E-01 0.9481E-01 0.2689E-02 0.1529E-01 0.1115E-01 0.5645E-01 0.3358E-01 0.3611E-01 0.4961E-01 0.2814E-01 0.8454E-02 0.1345E-01 0.1102E-01 0.8152E-01 0.1367E-01 0.2727E-01 0.0000E+00
0.0000E+00 0.4289E-01 0.3316E-02 0.2216E-01 0.1239E-01 0.8372E-02 0.1602E+00 0.1582E-01 0.2955E-01 0.1095E-01 0.6263E-01 0.3412E-01 0.4485E-01 0.7489E-01 0.9706E-01 0.7443E-01 0.2012E-01 0.3298E-01 0.7508E-01 0.6817E-02 0.4942E-01 0.0000E+00
0.0000E+00 0.1344E+00 0.5425E-02 0.7548E-01 0.2206E-01 0.1587E-01 0.2104E+00 0.1857E-01 0.1616E-01 0.1786E-01 0.5988E-01 0.1132E+00 0.6266E-01 0.6771E-01 0.6633E-01 0.6652E-01 0.2113E-01 0.1570E-01 0.7921E-01 0.1999E-01 0.2475E-01 0.0000E+00
0.0000E+00 0.1641E+00 0.1054E-01 0.7369E-01 0.3265E-01 0.4965E-01 0.1996E+00 0.1613E-01 0.5027E-01 0.2562E-01 0.8201E-01 0.9421E-01 0.6860E-01 0.6275E-01 0.3186E-01 0.3951E-01 0.1637E-01 0.1929E-01 0.9038E-01 0.2222E-01 0.2633E-01 0.0000E+00
0.0000E+00 0.9950E-01 0.1286E-01 0.1204E+00 0.1271E-01 0.2741E-01 0.1370E+00 0.1329E-01 0.4920E-01 0.2530E-01 0.7413E-01 0.9931E-01 0.6491E-01 0.6090E-01 0.1308E-02 0.3224E-01 0.6043E-02 0.6713E-02 0.8112E-01 0.2122E-01 0.5982E-02 0.0000E+00
0.0000E+00 0.8535E-01 0.5141E-02 0.1165E+00 0.1363E-01 0.2814E-01 0.1029E+00 0.2159E-01 0.4129E-01 0.3034E-01 0.6934E-01 0.8049E-01 0.2634E-02 0.4425E-02 0.1732E-01 0.5316E-01 0.1085E-01 0.7727E-02 0.7984E-01 0.1214E-01 0.1347E-01 0.0000E+00
0.0000E+00 0.1207E+00 0.2332E-01 0.5904E-01 0.4654E-01 0.1531E-01 0.9431E-01 0.3849E-01 0.3679E-01 0.1624E-01 0.4774E-01 0.1227E+00 0.3683E-01 0.7160E-02 0.8550E-02 0.4585E-01 0.2165E-01 0.4321E-01 0.7563E-01 0.8364E-02 0.1285E-01 0.0000E+00
0.0000E+00 0.1167E+00 0.6332E-02 0.4785E-01 0.4101E-01 0.3305E-01 0.1807E+00 0.2729E-01 0.2075E-01 0.1943E-01 0.8905E-01 0.1376E+00 0.4099E-01 0.2261E-01 0.4545E-02 0.3876E-01 0.1458E-01 0.3245E-01 0.6095E-01 0.8677E-02 0.2033E-01 0.0000E+00
0.0000E+00 0.7556E-01 0.6155E-02 0.7445E-01 0.3870E-01 0.2638E-01 0.1859E+00 0.2534E-01 0.9662E-02 0.3565E-01 0.6770E-01 0.1507E+00 0.4317E-01 0.4273E-01 0.5289E-02 0.9416E-01 0.2259E-02 0.5536E-01 0.8078E-01 0.8791E-02 0.9686E-02 0.0000E+00
0.0000E+00 0.6138E-01 0.1893E-02 0.6022E-01 0.2578E-01 0.1461E-01 0.1861E+00 0.1310E-01 0.7861E-02 0.4516E-02 0.5286E-01 0.1334E+00 0.1857E-01 0.3003E-01 0.3504E-01 0.7371E-01 0.1629E-01 0.2118E-01 0.5561E-01 0.5175E-01 0.6275E-01 0.0000E+00
0.0000E+00 0.6775E-01 0.2913E-01 0.5264E-01 0.1880E-01 0.5553E-01 0.1965E+00 0.1491E-01 0.4949E-01 0.4320E-01 0.1187E+00 0.1012E+00 0.4072E-01 0.2039E-01 0.1281E-01 0.8544E-01 0.1542E-01 0.3861E-01 0.8009E-01 0.5617E-01 0.5523E-01 0.0000E+00
0.0000E+00 0.9095E-01 0.2631E-01 0.5429E-01 0.5640E-01 0.3655E-01 0.1903E+00 0.1507E-01 0.1908E-01 0.1957E-01 0.6281E-01 0.1114E+00 0.5753E-01 0.2375E-01 0.3701E-01 0.7965E-01 0.8810E-02 0.2074E-01 0.1026E+00 0.4173E-01 0.6780E-01 0.0000E+00
0.0000E+00 0.9752E-01 0.4825E-01 0.4525E-01 0.2428E-02 0.2060E-01 0.1525E+00 0.9493E-02 0.1837E-01 0.7496E-01 0.4487E-01 0.1011E+00 0.9069E-01 0.5615E-01 0.6193E-01 0.4356E-01 0.1222E-01 0.2439E-01 0.9822E-01 0.6803E-01 0.3521E-01 0.0000E+00
0.0000E+00 0.6937E-01 0.1117E+00 0.1505E-01 0.7745E-02 0.8715E-01 0.1556E+00 0.1277E-01 0.1037E-01 0.4736E-01 0.2244E-01 0.8000E-01 0.7910E-01 0.1805E-02 0.1699E-01 0.3352E-02 0.2087E-02 0.4927E-01 0.1036E+00 0.3437E-01 0.4242E-01 0.0000E+00
0.0000E+00 0.6520E-01 0.8723E-01 0.8522E-02 0.1572E-01 0.4915E-01 0.1519E+00 0.1415E-01 0.7027E-02 0.4119E-01 0.1299E-01 0.9170E-01 0.6892E-01 0.6733E-02 0.3493E-01 0.5485E-01 0.4094E-01 0.1066E+00 0.8253E-01 0.5564E-01 0.5481E-01 0.0000E+00
0.0000E+00 0.9603E-01 0.6864E-01 0.4872E-01 0.1020E-01 0.2980E-01 0.1317E+00 0.4563E-01 0.1040E-01 0.1271E+00 0.4101E-01 0.1488E+00 0.1289E+00 0.3005E-01 0.1325E-01 0.2025E-01 0.5276E-01 0.9491E-01 0.1344E+00 0.3625E-01 0.2654E-01 0.0000E+00
0.0000E+00 0.6489E-01 0.1218E+00 0.2980E-01 0.5907E-01 0.4190E-01 0.1124E+00 0.2098E-01 0.4552E-02 0.1178E+00 0.3584E-01 0.1707E+00 0.1228E+00 0.4150E-01 0.3176E-01 0.1207E-01 0.4157E-01 0.4451E-01 0.1108E+00 0.5305E-01 0.3328E-01 0.0000E+00
0.0000E+00 0.1046E+00 0.1341E+00 0.3258E-01 0.5228E-01 0.4954E-01 0.1877E+00 0.1182E-01 0.3902E-02 0.8385E-01 0.3709E-01 0.1368E+00 0.8439E-01 0.5106E-01 0.2810E-01 0.2625E-01 0.1985E-01 0.6533E-01 0.1075E+00 0.4660E-01 0.6725E-02 0.0000E+00
0.0000E+00 0.1356E+00 0.1532E+00 0.4359E-01 0.5046E-01 0.7495E-01 0.1826E+00 0.1033E-01 0.9715E-02 0.6205E-01 0.9578E-01 0.7873E-01 0.8084E-01 0.8274E-01 0.2115E-01 0.1912E-01 0.2527E-01 0.3268E-01 0.6913E-01 0.4678E-01 0.3285E-01 0.0000E+00
0.0000E+00 0.1316E+00 0.1601E+00 0.5253E-01 0.7094E-01 0.5541E-01 0.1397E+00 0.1469E-01 0.6975E-02 0.6884E-01 0.8164E-01 0.3708E-02 0.6998E-01 0.1125E+00 0.1381E-01 0.2770E-02 0.1941E-01 0.1028E+00 0.6733E-01 0.3968E-01 0.2900E-02 0.0000E+00
0.0000E+00 0.8271E-01 0.1087E+00 0.4239E-01 0.6188E-01 0.4619E-01 0.1382E+00 0.1144E-01 0.1929E-01 0.6388E-01 0.1018E+00 0.3567E-01 0.9782E-01 0.1062E+00 0.1585E-01 0.4092E-01 0.1222E-01 0.1151E+00 0.1742E-01 0.7828E-01 0.2899E-01 0.0000E+00
0.0000E+00 0.6096E-01 0.1129E+00 0.3582E-01 0.7605E-01 0.6078E-01 0.1552E+00 0.1516E-01 0.3530E-01 0.9414E-01 0.1023E+00 0.1330E-01 0.7093E-01 0.5823E-01 0.6181E-01 0.1701E-01 0.4112E-01 0.9995E-01 0.5076E-01 0.7287E-01 0.2981E-01 0.0000E+00
0.0000E+00 0.8635E-01 0.1036E+00 0.3787E-01 0.6653E-01 0.3393E-01 0.2183E+00 0.7926E-02 0.1839E-01 0.9080E-01 0.1052E+00 0.1013E-01 0.1075E+00 0.8730E-01 0.6692E-01 0.1119E-01 0.4052E-01 0.1259E+00 0.3420E-01 0.7884E-01 0.3193E-01 0.0000E+00
0.0000E+00 0.1572E+00 0.1194E+00 0.6587E-01 0.9718E-01 0.8238E-01 0.1969E+00 0.2031E-01 0.4046E-01 0.8063E-01 0.1353E+00 0.4109E-01 0.1668E+00 0.4929E-01 0.7590E-01 0.6731E-01 0.2982E-01 0.8535E-01 0.1322E-01 0.6374E-01 0.2890E-02 0.0000E+00
0.0000E+00 0.1092E+00 0.8765E-01 0.6203E-01 0.1027E+00 0.8086E-01 0.2072E+00 0.4719E-01 0.2263E-01 0.5298E-01 0.1285E+00 0.3164E-01 0.1352E+00 0.6084E-01 0.5507E-01 0.1229E+00 0.9582E-01 0.8973E-01 0.1407E-01 0.5728E-01 0.2740E-01 0.0000E+00
0.0000E+00 0.8458E-01 0.7280E-01 0.3419E-01 0.1131E+00 0.3841E-01 0.1539E+00 0.3385E-01 0.5435E-01 0.1404E+00 0.1905E+00 0.5159E-01 0.1539E+00 0.9394E-01 0.3362E-01 0.1432E+00 0.1447E-01 0.4849E-01 0.2662E-01 0.9529E-01 0.1161E-01 0.0000E+00
0.0000E+00 0.1133E+00 0.7043E-01 0.4459E-01 0.9878E-01 0.7601E-01 0.1786E+00 0.6800E-01 0.4882E-01 0.1517E+00 0.1568E+00 0.2525E-01 0.1341E+00 0.9760E-01 0.1482E-01 0.1423E+00 0.1883E-01 0.3154E-01 0.6572E-02 0.6481E-01 0.3914E-01 0.0000E+00
0.0000E+00 0.8693E-01 0.8123E-01 0.8068E-01 0.6005E-01 0.1239E+00 0.1887E+00 0.1838E-01 0.4058E-01 0.1545E+00 0.1444E+00 0.1308E-02 0.1567E+00 0.8398E-01 0.2447E-01 0.1137E+00 0.5272E-01 0.1516E-01 0.4141E-01 0.5496E-01 0.2928E-01 0.0000E+00
0.0000E+00 0.8697E-01 0.1303E+00 0.4760E-01 0.5103E-01 0.1214E+00 0.2037E+00 0.2235E-01 0.2254E-01 0.1603E+00 0.1206E+00 0.3810E-01 0.1189E+00 0.6428E-01 0.1827E-01 0.1142E+00 0.2271E-01 0.1076E-01 0.2457E-01 0.6837E-01 0.2392E-01 0.0000E+00
0.0000E+00 0.1058E+00 0.1822E+00 0.1168E+00 0.1236E+00 0.8668E-01 0.2543E+00 0.1962E-01 0.2869E-01 0.1476E+00 0.9530E-01 0.1801E-01 0.1238E+00 0.1054E+00 0.1398E+00 0.1431E+00 0.1379E-01 0.8121E-02 0.1840E-01 0.5716E-01 0.1851E-01 0.0000E+00
0.0000E+00 0.7154E-01 0.1459E+00 0.7555E-01 0.3772E-01 0.5958E-01 0.1906E+00 0.4387E-01 0.2102E-01 0.1054E+00 0.1194E+00 0.3831E-01 0.9510E-01 0.1111E+00 0.1122E+00 0.2511E-02 0.2367E-01 0.1101E-01 0.1117E-01 0.1000E+00 0.4833E-02 0.0000E+00
0.0000E+00 0.8640E-01 0.1050E+00 0.9176E-01 0.6312E-01 0.1964E+00 0.1869E+00 0.2958E-01 0.6165E-01 0.1165E+00 0.1600E+00 0.5723E-01 0.1571E+00 0.7520E-01 0.1361E+00 0.2560E-01 0.1035E-01 0.1224E-01 0.1014E-01 0.6890E-01 0.3248E-01 0.0000E+00
0.0000E+00 0.6143E-01 0.8696E-01 0.7358E-01 0.2771E-01 0.1753E+00 0.5614E-02 0.1837E-01 0.1892E+00 0.2286E+00 0.1555E+00 0.1524E+00 0.1588E+00 0.7169E-01 0.1348E+00 0.4562E-01 0.3175E-01 0.2307E-01 0.1831E-01 0.7545E-01 0.2894E-01 0.0000E+00
0.0000E+00 0.0000E+00 0.0000E+00 0.0000E+00 0.0000E+00 0.0000E+00 0.0000E+00 0.0000E+00 0.0000E+00 0.0000E+00 0.0000E+00 0.0000E+00 0.0000E+00 0.0000E+00 0.0000E+00 0.0000E+00 0.0000E+00 0.0000E+00 0.0000E+00 0.0000E+00 0.0000E+00 0.0000E+00
