p1_rainA_highsm_dschg.asc
ncols     22
nrows     62
xllcorner      0.00000000
yllcorner      0.00000000
cellsize      0.50000000
nodata_value -9999
0.0000E+00 0.0000E+00 0.0000E+00 0.0000E+00 0.0000E+00 0.0000E+00 0.0000E+00 0.0000E+00 0.0000E+00 0.0000E+00 0.0000E+00 0.0000E+00 0.0000E+00 0.0000E+00 0.0000E+00 0.0000E+00 0.0000E+00 0.0000E+00 0.0000E+00 0.0000E+00 0.0000E+00 0.0000E+00
0.0000E+00 0.7290E-02 0.7153E-02 0.6214E-02 0.6265E-02 0.6628E-02 0.6239E-02 0.1240E-01 0.6905E-02 0.6433E-02 0.6259E-02 0.6280E-02 0.6255E-02 0.6252E-02 0.6258E-02 0.6143E-02 0.6315E-02 0.6254E-02 0.6310E-02 0.7289E-02 0.8798E-02 0.0000E+00
0.0000E+00 0.1496E-01 0.1330E-01 0.1240E-01 0.1248E-01 0.1296E-01 0.6279E-02 0.1860E-01 0.1308E-01 0.1266E-01 0.1325E-01 0.1260E-01 0.1378E-01 0.1288E-01 0.1240E-01 0.1227E-01 0.1249E-01 0.1298E-01 0.1419E-01 0.1343E-01 0.1460E-01 0.0000E+00
0.0000E+00 0.2103E-01 0.2206E-01 0.1855E-01 0.1899E-01 0.1944E-01 0.1248E-01 0.2469E-01 0.1914E-01 0.1878E-01 0.1934E-01 0.1868E-01 0.1982E-01 0.1897E-01 0.1917E-01 0.1843E-01 0.1872E-01 0.1910E-01 0.2076E-01 0.2101E-01 0.2113E-01 0.0000E+00
0.0000E+00 0.2711E-01 0.2801E-01 0.2502E-01 0.2513E-01 0.2652E-01 0.1868E-01 0.3066E-01 0.2535E-01 0.2534E-01 0.2540E-01 0.2477E-01 0.2617E-01 0.2557E-01 0.2523E-01 0.2453E-01 0.2483E-01 0.2515E-01 0.2857E-01 0.2911E-01 0.2713E-01 0.0000E+00
0.0000E+00 0.3323E-01 0.3406E-01 0.3133E-01 0.3116E-01 0.3266E-01 0.2485E-01 0.3670E-01 0.3134E-01 0.3136E-01 0.3162E-01 0.3079E-01 0.3219E-01 0.3157E-01 0.3124E-01 0.3195E-01 0.3087E-01 0.3118E-01 0.3477E-01 0.3490E-01 0.3327E-01 0.0000E+00
0.0000E+00 0.3936E-01 0.4009E-01 0.3738E-01 0.3719E-01 0.3882E-01 0.3107E-01 0.4259E-01 0.3754E-01 0.3733E-01 0.3774E-01 0.3677E-01 0.3852E-01 0.3755E-01 0.3721E-01 0.3865E-01 0.3795E-01 0.3715E-01 0.4062E-01 0.4076E-01 0.3926E-01 0.0000E+00
0.0000E+00 0.4521E-01 0.4602E-01 0.4376E-01 0.4315E-01 0.4571E-01 0.3758E-01 0.4853E-01 0.4342E-01 0.4321E-01 0.4390E-01 0.4270E-01 0.4440E-01 0.4359E-01 0.4318E-01 0.4518E-01 0.4473E-01 0.4310E-01 0.4869E-01 0.4720E-01 0.4508E-01 0.0000E+00
0.0000E+00 0.5162E-01 0.5353E-01 0.4967E-01 0.5072E-01 0.5251E-01 0.4372E-01 0.5458E-01 0.4930E-01 0.4904E-01 0.4969E-01 0.4857E-01 0.5026E-01 0.4940E-01 0.4952E-01 0.5130E-01 0.5113E-01 0.4944E-01 0.5532E-01 0.5299E-01 0.5146E-01 0.0000E+00
0.0000E+00 0.5745E-01 0.5936E-01 0.5552E-01 0.5706E-01 0.5837E-01 0.4989E-01 0.6041E-01 0.5516E-01 0.5487E-01 0.5548E-01 0.5442E-01 0.5610E-01 0.5523E-01 0.5536E-01 0.5733E-01 0.5698E-01 0.5588E-01 0.6210E-01 0.5930E-01 0.5715E-01 0.0000E+00
0.0000E+00 0.6415E-01 0.6541E-01 0.6132E-01 0.6380E-01 0.6451E-01 0.5568E-01 0.6616E-01 0.6106E-01 0.6062E-01 0.6153E-01 0.6021E-01 0.6242E-01 0.6097E-01 0.6108E-01 0.6380E-01 0.6261E-01 0.6161E-01 0.6908E-01 0.6574E-01 0.6277E-01 0.0000E+00
0.0000E+00 0.6991E-01 0.7182E-01 0.6704E-01 0.6949E-01 0.7018E-01 0.6153E-01 0.7187E-01 0.6699E-01 0.6644E-01 0.6743E-01 0.6600E-01 0.6825E-01 0.6690E-01 0.6684E-01 0.7022E-01 0.6867E-01 0.6772E-01 0.7519E-01 0.7189E-01 0.6876E-01 0.0000E+00
0.0000E+00 0.7565E-01 0.8117E-01 0.7421E-01 0.7546E-01 0.7660E-01 0.6723E-01 0.7781E-01 0.7265E-01 0.7361E-01 0.7371E-01 0.7175E-01 0.7419E-01 0.7315E-01 0.7246E-01 0.7578E-01 0.7434E-01 0.7316E-01 0.8059E-01 0.7739E-01 0.7428E-01 0.0000E+00
0.0000E+00 0.8205E-01 0.8646E-01 0.7988E-01 0.8188E-01 0.8218E-01 0.7304E-01 0.1623E+00 0.7892E-01 0.7926E-01 0.1579E+00 0.7749E-01 0.7982E-01 0.7896E-01 0.7812E-01 0.8131E-01 0.8007E-01 0.7877E-01 0.8710E-01 0.8313E-01 0.7981E-01 0.0000E+00
0.0000E+00 0.8854E-01 0.9216E-01 0.8653E-01 0.9026E-01 0.9002E-01 0.7902E-01 0.1677E+00 0.6250E-02 0.6261E-02 0.1631E+00 0.8302E-01 0.8577E-01 0.8443E-01 0.8385E-01 0.8679E-01 0.8571E-01 0.8425E-01 0.9336E-01 0.8922E-01 0.8538E-01 0.0000E+00
0.0000E+00 0.9469E-01 0.9760E-01 0.9251E-01 0.9590E-01 0.9553E-01 0.8499E-01 0.1732E+00 0.1305E-01 0.1267E-01 0.1683E+00 0.8856E-01 0.9170E-01 0.8985E-01 0.8927E-01 0.9235E-01 0.9112E-01 0.8987E-01 0.9932E-01 0.9460E-01 0.9104E-01 0.0000E+00
0.0000E+00 0.1001E+00 0.1046E+00 0.9804E-01 0.1022E+00 0.1013E+00 0.9157E-01 0.1789E+00 0.1995E-01 0.1979E-01 0.1749E+00 0.9403E-01 0.9710E-01 0.9529E-01 0.9516E-01 0.9767E-01 0.9734E-01 0.9528E-01 0.1047E+00 0.9992E-01 0.9648E-01 0.0000E+00
0.0000E+00 0.1076E+00 0.1110E+00 0.1058E+00 0.1110E+00 0.1072E+00 0.9811E-01 0.1844E+00 0.2781E-01 0.2723E-01 0.1838E+00 0.9960E-01 0.1036E+00 0.1007E+00 0.1006E+00 0.1035E+00 0.1036E+00 0.1018E+00 0.1100E+00 0.1052E+00 0.1019E+00 0.0000E+00
0.0000E+00 0.1154E+00 0.1163E+00 0.1112E+00 0.1201E+00 0.1130E+00 0.1047E+00 0.2253E+00 0.3377E-01 0.3452E-01 0.1890E+00 0.1052E+00 0.1090E+00 0.1062E+00 0.1060E+00 0.1088E+00 0.1109E+00 0.1104E+00 0.1171E+00 0.1105E+00 0.1073E+00 0.0000E+00
0.0000E+00 0.1216E+00 0.1222E+00 0.1172E+00 0.1276E+00 0.1209E+00 0.1115E+00 0.2329E+00 0.6236E-02 0.4240E-01 0.1963E+00 0.1108E+00 0.1155E+00 0.1130E+00 0.1137E+00 0.1153E+00 0.1203E+00 0.1197E+00 0.1224E+00 0.1158E+00 0.1136E+00 0.0000E+00
0.0000E+00 0.1284E+00 0.1276E+00 0.1229E+00 0.1322E+00 0.2611E+00 0.3580E+00 0.2396E+00 0.1295E-01 0.5037E-01 0.2036E+00 0.1160E+00 0.1209E+00 0.1185E+00 0.2417E+00 0.1226E+00 0.1250E+00 0.1241E+00 0.1281E+00 0.1225E+00 0.1214E+00 0.0000E+00
0.0000E+00 0.1340E+00 0.1328E+00 0.1284E+00 0.6820E-02 0.6361E+00 0.3698E+00 0.6559E-02 0.1926E-01 0.5648E-01 0.2097E+00 0.2484E+00 0.1271E+00 0.1238E+00 0.2465E+00 0.6210E-02 0.1381E+00 0.2673E+00 0.1354E+00 0.1290E+00 0.1289E+00 0.0000E+00
0.0000E+00 0.1392E+00 0.1380E+00 0.1338E+00 0.1352E-01 0.6434E+00 0.6372E-02 0.6276E-02 0.2551E-01 0.6221E-01 0.2151E+00 0.2534E+00 0.6234E-02 0.1305E+00 0.2513E+00 0.7099E-02 0.7168E-02 0.2738E+00 0.1425E+00 0.1342E+00 0.1353E+00 0.0000E+00
0.0000E+00 0.1458E+00 0.1445E+00 0.1605E+00 0.1985E-01 0.6480E+00 0.1255E-01 0.1263E-01 0.3151E-01 0.6790E-01 0.2199E+00 0.2587E+00 0.1243E-01 0.1357E+00 0.2562E+00 0.1326E-01 0.1354E-01 0.2797E+00 0.1490E+00 0.2833E+00 0.1416E+00 0.0000E+00
0.0000E+00 0.1528E+00 0.1516E+00 0.1672E+00 0.6266E-02 0.6526E+00 0.1867E-01 0.5577E-01 0.3732E-01 0.7337E-01 0.2246E+00 0.2636E+00 0.1856E-01 0.1408E+00 0.2611E+00 0.1975E-01 0.1982E-01 0.2860E+00 0.1543E+00 0.2897E+00 0.6510E-02 0.0000E+00
0.0000E+00 0.1580E+00 0.1574E+00 0.1722E+00 0.1291E-01 0.6584E+00 0.2492E-01 0.6154E-01 0.6257E-02 0.7889E-01 0.2293E+00 0.2686E+00 0.2467E-01 0.1463E+00 0.2658E+00 0.2575E-01 0.2633E-01 0.2910E+00 0.1600E+00 0.2947E+00 0.1274E-01 0.0000E+00
0.0000E+00 0.1631E+00 0.1641E+00 0.1791E+00 0.1899E-01 0.6844E+00 0.7148E+00 0.6751E-01 0.1245E-01 0.8438E-01 0.2340E+00 0.2736E+00 0.3075E-01 0.1519E+00 0.2706E+00 0.3245E-01 0.3262E-01 0.2960E+00 0.1657E+00 0.3003E+00 0.1897E-01 0.0000E+00
0.0000E+00 0.3387E+00 0.1694E+00 0.1846E+00 0.6299E-02 0.8247E-02 0.9082E+00 0.1812E+00 0.1082E+00 0.8995E-01 0.2385E+00 0.2794E+00 0.3737E-01 0.1569E+00 0.2753E+00 0.3830E-01 0.3867E-01 0.3005E+00 0.7760E+00 0.3053E+00 0.2510E-01 0.0000E+00
0.0000E+00 0.3530E+00 0.6204E-02 0.1923E+00 0.1320E-01 0.7672E-02 0.9192E+00 0.6320E-02 0.6790E-02 0.6349E-02 0.2438E+00 0.2848E+00 0.4628E-01 0.1627E+00 0.2800E+00 0.4416E-01 0.4452E-01 0.6334E-02 0.7805E+00 0.6863E-02 0.3169E-01 0.0000E+00
0.0000E+00 0.3573E+00 0.6322E-02 0.1970E+00 0.1981E-01 0.1430E-01 0.9265E+00 0.6264E-02 0.1309E-01 0.1258E-01 0.2485E+00 0.2898E+00 0.5369E-01 0.1696E+00 0.2857E+00 0.5282E-01 0.5124E-01 0.1264E-01 0.7849E+00 0.1304E-01 0.3841E-01 0.0000E+00
0.0000E+00 0.3638E+00 0.1252E-01 0.2022E+00 0.2583E-01 0.2057E-01 0.9329E+00 0.1295E-01 0.1921E-01 0.2003E-01 0.2533E+00 0.2946E+00 0.5954E-01 0.1750E+00 0.2911E+00 0.6166E-01 0.5837E-01 0.1907E-01 0.7893E+00 0.1934E-01 0.4478E-01 0.0000E+00
0.0000E+00 0.3686E+00 0.1868E-01 0.2078E+00 0.3333E-01 0.2917E-01 0.9398E+00 0.1909E-01 0.2689E-01 0.2680E-01 0.2590E+00 0.3003E+00 0.6546E-01 0.1813E+00 0.2956E+00 0.3621E+00 0.6594E-01 0.2563E-01 0.7938E+00 0.7592E-01 0.5083E-01 0.0000E+00
0.0000E+00 0.3730E+00 0.2478E-01 0.2138E+00 0.3917E-01 0.3575E-01 0.9437E+00 0.2515E-01 0.3409E-01 0.3314E-01 0.2647E+00 0.5698E+00 0.2638E+00 0.1933E+00 0.6233E-02 0.3673E+00 0.7346E-01 0.3186E-01 0.7988E+00 0.8167E-01 0.6297E-02 0.0000E+00
0.0000E+00 0.3776E+00 0.3072E-01 0.2196E+00 0.4506E-01 0.4201E-01 0.9478E+00 0.3173E-01 0.4241E-01 0.4042E-01 0.2704E+00 0.5744E+00 0.6256E-02 0.6274E-02 0.6536E-02 0.3720E+00 0.7856E-01 0.3801E-01 0.8036E+00 0.8738E-01 0.1378E-01 0.0000E+00
0.0000E+00 0.3829E+00 0.3675E-01 0.2244E+00 0.5309E-01 0.4797E-01 0.9517E+00 0.3846E-01 0.5019E-01 0.4692E-01 0.2750E+00 0.5791E+00 0.1342E-01 0.1253E-01 0.1293E-01 0.3763E+00 0.8398E-01 0.4423E-01 0.8081E+00 0.9283E-01 0.2044E-01 0.0000E+00
0.0000E+00 0.3880E+00 0.4248E-01 0.2299E+00 0.6068E-01 0.5411E-01 0.9572E+00 0.1007E+00 0.5658E-01 0.5390E-01 0.2798E+00 0.5838E+00 0.2068E-01 0.1926E-01 0.1903E-01 0.4696E+00 0.8919E-01 0.5011E-01 0.8122E+00 0.9828E-01 0.2649E-01 0.0000E+00
0.0000E+00 0.4406E+00 0.4827E-01 0.2354E+00 0.6752E-01 0.6017E-01 0.1069E+01 0.1061E+00 0.6898E-02 0.6103E-01 0.3462E+00 0.5895E+00 0.2854E-01 0.2715E-01 0.2508E-01 0.4758E+00 0.6251E-02 0.5596E-01 0.8165E+00 0.1037E+00 0.3243E-01 0.0000E+00
0.0000E+00 0.4512E+00 0.6246E-02 0.2402E+00 0.7306E-01 0.6601E-01 0.1075E+01 0.6540E-02 0.1308E-01 0.6349E-02 0.3509E+00 0.5951E+00 0.3441E-01 0.3451E-01 0.3203E-01 0.4805E+00 0.1248E-01 0.6163E-01 0.8205E+00 0.1109E+00 0.3943E-01 0.0000E+00
0.0000E+00 0.4556E+00 0.6619E-02 0.2450E+00 0.7861E-01 0.7366E-01 0.1081E+01 0.1323E-01 0.1960E-01 0.1286E-01 0.3565E+00 0.6004E+00 0.4129E-01 0.4084E-01 0.3790E-01 0.4849E+00 0.1863E-01 0.6744E-01 0.8248E+00 0.1174E+00 0.4681E-01 0.0000E+00
0.0000E+00 0.4604E+00 0.1322E-01 0.3357E+00 0.8619E-01 0.8042E-01 0.1088E+01 0.1989E-01 0.2565E-01 0.1902E-01 0.3614E+00 0.6067E+00 0.4784E-01 0.4687E-01 0.4421E-01 0.4930E+00 0.2471E-01 0.7313E-01 0.8295E+00 0.1227E+00 0.5448E-01 0.0000E+00
0.0000E+00 0.4653E+00 0.3582E+00 0.3403E+00 0.6255E-02 0.8583E-01 0.1093E+01 0.2603E-01 0.3196E-01 0.3907E+00 0.3661E+00 0.6125E+00 0.6883E+00 0.6343E+00 0.5834E+00 0.5341E+00 0.3330E-01 0.8070E-01 0.8350E+00 0.1294E+00 0.6066E-01 0.0000E+00
0.0000E+00 0.4697E+00 0.3653E+00 0.6745E-02 0.1247E-01 0.9235E-01 0.1134E+01 0.3205E-01 0.3834E-01 0.3963E+00 0.7911E-02 0.6169E+00 0.6938E+00 0.6348E-02 0.7084E-02 0.6325E-02 0.6331E-02 0.8827E-01 0.8404E+00 0.1347E+00 0.6682E-01 0.0000E+00
0.0000E+00 0.4740E+00 0.3701E+00 0.1294E-01 0.1973E-01 0.9908E-01 0.1139E+01 0.6305E-02 0.4412E-01 0.4007E+00 0.1414E-01 0.6215E+00 0.6978E+00 0.1260E-01 0.1334E-01 0.1316E-01 0.1339E-01 0.9583E-01 0.8447E+00 0.1409E+00 0.7319E-01 0.0000E+00
0.0000E+00 0.4792E+00 0.3747E+00 0.2185E-01 0.2577E-01 0.1044E+00 0.1143E+01 0.1346E-01 0.4992E-01 0.4060E+00 0.2181E-01 0.6279E+00 0.7062E+00 0.2174E-01 0.1945E-01 0.1926E-01 0.2007E-01 0.1036E+00 0.8502E+00 0.1461E+00 0.7898E-01 0.0000E+00
0.0000E+00 0.4835E+00 0.3798E+00 0.2865E-01 0.3479E-01 0.1105E+00 0.1148E+01 0.1980E-01 0.5561E-01 0.4113E+00 0.2879E-01 0.6368E+00 0.7133E+00 0.3040E-01 0.2628E-01 0.2531E-01 0.2676E-01 0.1088E+00 0.8552E+00 0.2362E+00 0.8468E-01 0.0000E+00
0.0000E+00 0.4884E+00 0.3855E+00 0.3478E-01 0.4334E-01 0.1167E+00 0.1152E+01 0.8662E-01 0.6127E-01 0.4158E+00 0.3507E-01 0.6457E+00 0.7170E+00 0.3836E-01 0.3289E-01 0.3205E-01 0.3271E-01 0.1154E+00 0.8606E+00 0.2478E+00 0.6319E-02 0.0000E+00
0.0000E+00 0.4939E+00 0.3914E+00 0.4080E-01 0.4892E-01 0.1224E+00 0.1248E+01 0.9219E-01 0.6341E-02 0.4202E+00 0.6932E+00 0.6530E+00 0.7208E+00 0.4656E-01 0.3979E-01 0.3891E-01 0.7864E-01 0.1206E+00 0.8643E+00 0.2605E+00 0.7174E-02 0.0000E+00
0.0000E+00 0.4986E+00 0.3977E+00 0.4938E-01 0.5690E-01 0.1278E+00 0.1258E+01 0.6309E-02 0.1254E-01 0.4247E+00 0.6969E+00 0.6270E-02 0.7246E+00 0.5295E-01 0.4563E-01 0.6263E-02 0.8538E-01 0.1080E+01 0.8683E+00 0.2654E+00 0.6259E-02 0.0000E+00
0.0000E+00 0.5036E+00 0.4029E+00 0.5727E-01 0.6340E-01 0.1336E+00 0.1263E+01 0.6266E-02 0.1876E-01 0.4293E+00 0.7020E+00 0.1271E-01 0.7290E+00 0.6180E-01 0.5167E-01 0.1390E-01 0.6378E-02 0.1084E+01 0.6573E-02 0.2707E+00 0.1298E-01 0.0000E+00
0.0000E+00 0.5077E+00 0.4097E+00 0.6329E-01 0.7193E-01 0.1424E+00 0.1272E+01 0.1277E-01 0.2677E-01 0.4356E+00 0.7280E+00 0.1891E-01 0.7328E+00 0.6707E-01 0.5999E-01 0.2017E-01 0.1335E-01 0.1088E+01 0.1538E-01 0.2756E+00 0.1973E-01 0.0000E+00
0.0000E+00 0.5121E+00 0.4152E+00 0.7018E-01 0.7799E-01 0.1471E+00 0.1276E+01 0.1893E-01 0.3268E-01 0.4408E+00 0.7328E+00 0.6492E-02 0.7385E+00 0.7589E-01 0.6884E-01 0.2623E-01 0.2038E-01 0.1095E+01 0.2234E-01 0.3085E+00 0.2693E-01 0.0000E+00
0.0000E+00 0.5204E+00 0.4249E+00 0.7968E-01 0.8784E-01 0.1576E+00 0.1283E+01 0.2504E-01 0.3982E-01 0.4463E+00 0.7378E+00 0.1279E-01 0.7434E+00 0.8099E-01 0.7707E-01 0.3586E-01 0.2753E-01 0.1127E+01 0.2889E-01 0.3143E+00 0.6260E-02 0.0000E+00
0.0000E+00 0.5245E+00 0.4296E+00 0.8790E-01 0.9729E-01 0.1665E+00 0.1287E+01 0.3145E-01 0.4598E-01 0.4506E+00 0.7417E+00 0.1899E-01 0.7474E+00 0.8755E-01 0.8542E-01 0.1208E+01 0.1164E+01 0.1131E+01 0.6683E-02 0.3197E+00 0.1423E-01 0.0000E+00
0.0000E+00 0.5286E+00 0.4337E+00 0.9266E-01 0.1056E+00 0.1710E+00 0.1290E+01 0.3771E-01 0.5195E-01 0.4581E+00 0.7481E+00 0.2655E-01 0.7532E+00 0.1874E+00 0.9010E-01 0.1217E+01 0.7379E-02 0.7610E-02 0.1323E-01 0.3251E+00 0.2024E-01 0.0000E+00
0.0000E+00 0.5349E+00 0.4380E+00 0.9804E-01 0.1115E+00 0.1765E+00 0.1296E+01 0.4446E-01 0.5785E-01 0.4666E+00 0.7905E+00 0.3442E-01 0.7586E+00 0.1939E+00 0.8022E-02 0.1225E+01 0.1472E-01 0.1483E-01 0.1940E-01 0.3298E+00 0.2706E-01 0.0000E+00
0.0000E+00 0.5396E+00 0.4427E+00 0.1035E+00 0.1161E+00 0.1815E+00 0.1300E+01 0.5027E-01 0.6483E-01 0.4771E+00 0.7962E+00 0.6233E-02 0.7651E+00 0.1990E+00 0.1472E-01 0.1228E+01 0.2140E-01 0.2087E-01 0.2600E-01 0.3345E+00 0.3396E-01 0.0000E+00
0.0000E+00 0.5439E+00 0.4471E+00 0.1089E+00 0.1212E+00 0.1868E+00 0.1304E+01 0.5607E-01 0.7065E-01 0.4872E+00 0.8002E+00 0.1369E-01 0.7713E+00 0.2040E+00 0.2139E-01 0.1232E+01 0.2741E-01 0.2690E-01 0.3200E-01 0.3803E+00 0.4032E-01 0.0000E+00
0.0000E+00 0.5482E+00 0.4525E+00 0.2447E+00 0.1296E+00 0.1918E+00 0.1307E+01 0.6179E-01 0.7633E-01 0.4956E+00 0.8037E+00 0.1993E-01 0.7773E+00 0.2114E+00 0.1265E+01 0.1237E+01 0.3337E-01 0.3289E-01 0.3792E-01 0.3922E+00 0.7264E-02 0.0000E+00
0.0000E+00 0.5524E+00 0.4585E+00 0.2497E+00 0.8238E-02 0.1967E+00 0.1310E+01 0.6762E-01 0.8199E-01 0.4996E+00 0.8080E+00 0.2606E-01 0.7810E+00 0.2176E+00 0.1268E+01 0.6255E-02 0.3934E-01 0.3927E-01 0.4379E-01 0.3969E+00 0.6291E-02 0.0000E+00
0.0000E+00 0.5572E+00 0.4628E+00 0.2548E+00 0.1680E-01 0.1514E+01 0.1314E+01 0.7340E-01 0.8803E-01 0.5043E+00 0.8120E+00 0.3211E-01 0.7847E+00 0.2226E+00 0.1273E+01 0.1248E-01 0.4518E-01 0.4569E-01 0.4962E-01 0.4014E+00 0.1256E-01 0.0000E+00
0.0000E+00 0.5614E+00 0.4675E+00 0.2823E+00 0.2268E-01 0.1525E+01 0.6307E-02 0.7910E-01 0.1416E+01 0.1325E+01 0.8156E+00 0.1051E+01 0.1016E+01 0.2274E+00 0.1350E+01 0.6927E-01 0.5106E-01 0.1092E+00 0.5661E-01 0.4248E+00 0.1885E-01 0.0000E+00
0.0000E+00 0.0000E+00 0.0000E+00 0.0000E+00 0.0000E+00 0.0000E+00 0.0000E+00 0.0000E+00 0.0000E+00 0.0000E+00 0.0000E+00 0.0000E+00 0.0000E+00 0.0000E+00 0.0000E+00 0.0000E+00 0.0000E+00 0.0000E+00 0.0000E+00 0.0000E+00 0.0000E+00 0.0000E+00
