p1_rainD_lowsm_dschg.asc
ncols     22
nrows     62
xllcorner      0.00000000
yllcorner      0.00000000
cellsize      0.50000000
nodata_value -9999
0.0000E+00 0.0000E+00 0.0000E+00 0.0000E+00 0.0000E+00 0.0000E+00 0.0000E+00 0.0000E+00 0.0000E+00 0.0000E+00 0.0000E+00 0.0000E+00 0.0000E+00 0.0000E+00 0.0000E+00 0.0000E+00 0.0000E+00 0.0000E+00 0.0000E+00 0.0000E+00 0.0000E+00 0.0000E+00
0.0000E+00 0.4400E-03 0.1457E-03 0.6207E-04 0.1003E-04 0.4855E-04 0.3519E-04 0.6123E-04 0.2255E-03 0.5490E-04 0.5624E-04 0.5901E-04 0.1783E-04 0.4724E-04 0.1213E-04 0.1199E-03 0.0000E+00 0.3120E-04 0.0000E+00 0.3607E-03 0.1015E-02 0.0000E+00
0.0000E+00 0.1001E-02 0.1781E-03 0.8313E-04 0.6606E-04 0.2250E-03 0.7464E-04 0.2694E-03 0.3248E-03 0.1403E-03 0.3537E-03 0.1955E-03 0.5483E-03 0.2038E-03 0.1429E-04 0.1885E-03 0.1050E-03 0.1708E-03 0.6272E-03 0.3446E-03 0.5239E-03 0.0000E+00
0.0000E+00 0.9692E-03 0.1073E-02 0.5034E-04 0.3086E-03 0.3360E-03 0.1891E-06 0.3255E-03 0.2275E-03 0.1570E-03 0.1540E-03 0.6804E-05 0.3526E-03 0.1209E-03 0.1961E-03 0.2808E-03 0.4368E-04 0.1613E-03 0.7482E-03 0.7904E-03 0.7343E-03 0.0000E+00
0.0000E+00 0.1073E-02 0.1071E-02 0.3294E-03 0.3469E-03 0.5167E-03 0.8806E-04 0.2704E-03 0.3295E-03 0.2977E-03 0.2886E-03 0.5340E-08 0.3549E-03 0.4084E-03 0.6029E-04 0.2675E-03 0.1499E-03 0.2594E-03 0.1346E-02 0.1466E-02 0.1569E-03 0.0000E+00
0.0000E+00 0.9647E-03 0.1074E-02 0.4031E-03 0.4602E-03 0.4755E-03 0.1742E-03 0.4308E-03 0.2843E-03 0.3548E-03 0.3745E-03 0.1490E-03 0.1220E-05 0.5092E-03 0.1450E-03 0.7617E-03 0.2338E-03 0.3835E-04 0.6810E-03 0.1396E-02 0.3256E-03 0.0000E+00
0.0000E+00 0.1052E-02 0.1264E-02 0.4256E-03 0.5667E-03 0.6398E-03 0.3474E-03 0.1803E-03 0.3671E-03 0.3776E-03 0.5890E-03 0.2696E-03 0.1398E-03 0.2601E-03 0.1804E-03 0.1146E-02 0.6640E-03 0.1200E-03 0.6672E-03 0.1058E-02 0.2855E-03 0.0000E+00
0.0000E+00 0.1034E-02 0.1156E-02 0.6405E-03 0.5117E-03 0.9351E-03 0.4729E-03 0.2903E-03 0.2800E-03 0.4121E-03 0.5943E-03 0.2590E-03 0.1798E-03 0.1960E-03 0.2555E-03 0.1163E-02 0.8113E-03 0.1822E-06 0.1349E-02 0.1111E-02 0.2766E-03 0.0000E+00
0.0000E+00 0.1239E-02 0.1811E-02 0.7487E-03 0.1067E-02 0.1248E-02 0.7200E-03 0.3993E-03 0.3590E-03 0.3165E-03 0.4490E-03 0.2606E-03 0.2338E-03 0.3710E-03 0.4730E-03 0.9859E-03 0.8716E-03 0.2771E-03 0.1563E-02 0.9522E-03 0.5791E-03 0.0000E+00
0.0000E+00 0.1098E-02 0.1537E-02 0.7610E-03 0.1147E-02 0.1037E-02 0.8044E-03 0.5323E-03 0.3671E-03 0.3593E-03 0.4462E-03 0.4750E-04 0.2309E-03 0.4004E-03 0.5143E-03 0.1028E-02 0.8428E-03 0.5510E-03 0.1743E-02 0.1127E-02 0.3202E-03 0.0000E+00
0.0000E+00 0.1465E-02 0.1516E-02 0.4235E-03 0.1524E-02 0.1171E-02 0.8004E-03 0.2327E-03 0.5177E-03 0.3237E-03 0.5875E-03 0.2352E-03 0.3648E-03 0.4973E-03 0.6605E-03 0.1342E-02 0.7896E-03 0.3407E-03 0.2014E-02 0.1353E-02 0.2848E-03 0.0000E+00
0.0000E+00 0.9787E-03 0.1498E-02 0.2618E-03 0.1518E-02 0.1034E-02 0.5639E-03 0.1891E-04 0.7173E-03 0.3777E-03 0.4620E-03 0.3531E-03 0.4049E-03 0.7188E-03 0.7075E-03 0.1698E-02 0.9600E-03 0.5152E-03 0.1890E-02 0.1575E-02 0.3354E-03 0.0000E+00
0.0000E+00 0.8259E-03 0.2690E-02 0.8289E-03 0.1659E-02 0.1028E-02 0.3412E-03 0.8704E-05 0.6819E-03 0.9296E-03 0.7757E-03 0.4115E-03 0.5836E-03 0.1026E-02 0.5921E-03 0.1553E-02 0.1004E-02 0.5814E-03 0.1780E-02 0.1467E-02 0.2017E-03 0.0000E+00
0.0000E+00 0.9314E-03 0.2511E-02 0.9239E-03 0.1837E-02 0.8045E-03 0.3931E-03 0.1071E-02 0.9479E-03 0.7412E-03 0.1417E-02 0.4927E-03 0.4070E-03 0.1119E-02 0.6479E-03 0.1536E-02 0.1115E-02 0.6819E-03 0.1957E-02 0.1227E-02 0.3221E-03 0.0000E+00
0.0000E+00 0.1202E-02 0.1909E-02 0.1127E-02 0.2648E-02 0.1526E-02 0.6492E-03 0.7293E-03 0.1103E-03 0.2505E-04 0.1178E-02 0.5512E-03 0.5424E-03 0.1160E-02 0.6708E-03 0.1016E-02 0.1043E-02 0.5731E-03 0.2126E-02 0.1293E-02 0.4942E-03 0.0000E+00
0.0000E+00 0.9819E-03 0.1842E-02 0.1339E-02 0.2500E-02 0.1433E-02 0.7395E-03 0.5998E-03 0.3277E-03 0.2020E-03 0.1165E-02 0.5488E-03 0.8257E-03 0.1191E-02 0.4274E-03 0.8955E-03 0.9032E-03 0.6777E-03 0.2207E-02 0.1232E-02 0.6182E-03 0.0000E+00
0.0000E+00 0.8783E-03 0.2280E-02 0.1126E-02 0.2611E-02 0.1517E-02 0.1147E-02 0.4433E-03 0.6685E-03 0.5786E-03 0.1559E-02 0.5149E-03 0.6614E-03 0.7880E-03 0.5334E-03 0.5345E-03 0.1143E-02 0.5533E-03 0.2060E-02 0.1038E-02 0.7555E-03 0.0000E+00
0.0000E+00 0.1385E-02 0.2571E-02 0.1769E-02 0.3624E-02 0.1648E-02 0.1478E-02 0.3884E-03 0.1393E-02 0.8169E-03 0.2730E-02 0.1487E-03 0.9838E-03 0.7358E-03 0.4725E-03 0.6263E-03 0.1446E-02 0.8779E-03 0.1824E-02 0.7991E-03 0.8841E-03 0.0000E+00
0.0000E+00 0.1887E-02 0.2327E-02 0.1579E-02 0.4944E-02 0.1777E-02 0.1908E-02 0.1876E-02 0.1064E-02 0.1252E-02 0.2177E-02 0.8172E-04 0.7877E-03 0.4081E-03 0.5085E-03 0.3955E-03 0.1971E-02 0.1842E-02 0.2408E-02 0.2922E-03 0.4766E-03 0.0000E+00
0.0000E+00 0.2013E-02 0.2496E-02 0.1563E-02 0.5455E-02 0.2545E-02 0.1951E-02 0.2567E-02 0.1628E-03 0.2054E-02 0.2798E-02 0.1379E-03 0.1065E-02 0.8191E-03 0.1293E-02 0.3319E-03 0.3344E-02 0.3175E-02 0.2104E-02 0.3737E-03 0.7125E-03 0.0000E+00
0.0000E+00 0.2366E-02 0.2395E-02 0.1633E-02 0.4994E-02 0.8357E-02 0.5233E-02 0.2920E-02 0.4834E-03 0.2763E-02 0.3304E-02 0.6184E-04 0.1032E-02 0.9155E-03 0.2129E-02 0.9516E-03 0.2708E-02 0.2705E-02 0.1943E-02 0.8055E-03 0.1607E-02 0.0000E+00
0.0000E+00 0.2447E-02 0.2126E-02 0.1621E-02 0.2029E-03 0.1338E-01 0.5252E-02 0.1976E-03 0.4182E-03 0.2854E-02 0.3454E-02 0.1299E-02 0.1257E-02 0.8024E-03 0.1847E-02 0.0000E+00 0.2929E-02 0.4907E-02 0.2488E-02 0.1054E-02 0.2204E-02 0.0000E+00
0.0000E+00 0.1994E-02 0.1850E-02 0.1595E-02 0.4854E-03 0.1392E-01 0.8280E-04 0.1055E-04 0.5594E-03 0.2781E-02 0.3393E-02 0.1138E-02 0.2662E-07 0.1207E-02 0.1701E-02 0.3656E-03 0.3279E-03 0.5228E-02 0.3029E-02 0.9068E-03 0.2431E-02 0.0000E+00
0.0000E+00 0.2226E-02 0.1988E-02 0.2390E-02 0.5501E-03 0.1338E-01 0.2483E-03 0.2236E-03 0.5860E-03 0.2680E-02 0.3092E-02 0.1139E-02 0.2261E-11 0.9381E-03 0.1427E-02 0.1024E-03 0.4185E-03 0.5121E-02 0.3303E-02 0.3903E-02 0.2403E-02 0.0000E+00
0.0000E+00 0.2683E-02 0.2465E-02 0.2798E-02 0.3139E-04 0.1275E-01 0.8165E-06 0.8770E-03 0.6618E-03 0.2479E-02 0.2898E-02 0.9546E-03 0.1809E-09 0.8651E-03 0.1283E-02 0.2604E-03 0.5726E-03 0.5314E-02 0.2902E-02 0.4117E-02 0.1565E-03 0.0000E+00
0.0000E+00 0.2476E-02 0.2570E-02 0.2286E-02 0.3402E-03 0.1266E-01 0.1172E-03 0.6006E-03 0.1647E-04 0.2264E-02 0.2504E-02 0.1015E-02 0.1344E-03 0.9439E-03 0.9422E-03 0.5070E-04 0.8131E-03 0.4993E-02 0.2914E-02 0.4012E-02 0.2948E-03 0.0000E+00
0.0000E+00 0.2298E-02 0.2954E-02 0.2788E-02 0.6316E-06 0.1296E-01 0.1255E-01 0.5421E-03 0.8717E-04 0.2224E-02 0.2092E-02 0.5069E-03 0.1326E-03 0.1194E-02 0.4887E-03 0.4212E-03 0.9323E-03 0.4696E-02 0.3087E-02 0.4047E-02 0.4469E-03 0.0000E+00
0.0000E+00 0.5021E-02 0.2575E-02 0.2675E-02 0.7031E-04 0.8452E-03 0.1499E-01 0.2632E-02 0.2241E-02 0.2155E-02 0.1461E-02 0.8129E-03 0.3417E-03 0.1003E-02 0.2155E-03 0.3499E-03 0.9442E-03 0.4218E-02 0.1044E-01 0.3608E-02 0.4817E-03 0.0000E+00
0.0000E+00 0.5975E-02 0.1134E-03 0.3403E-02 0.4712E-03 0.4843E-03 0.1437E-01 0.9077E-04 0.1929E-03 0.1083E-03 0.1444E-02 0.9154E-03 0.1516E-02 0.1290E-02 0.2133E-03 0.4307E-03 0.8923E-03 0.1859E-03 0.9899E-02 0.2883E-03 0.6898E-03 0.0000E+00
0.0000E+00 0.5417E-02 0.8114E-05 0.3111E-02 0.6698E-03 0.5351E-03 0.1472E-01 0.1045E-03 0.3448E-03 0.1696E-03 0.1246E-02 0.8649E-03 0.1972E-02 0.1570E-02 0.4325E-03 0.1457E-02 0.1117E-02 0.1704E-03 0.9484E-02 0.2963E-03 0.7560E-03 0.0000E+00
0.0000E+00 0.5362E-02 0.9122E-04 0.2846E-02 0.4129E-03 0.6800E-03 0.1489E-01 0.2120E-03 0.3691E-03 0.6457E-03 0.1180E-02 0.8168E-03 0.1765E-02 0.1564E-02 0.6571E-03 0.2587E-02 0.1576E-02 0.2539E-03 0.8877E-02 0.4369E-03 0.9052E-03 0.0000E+00
0.0000E+00 0.4992E-02 0.1507E-03 0.2840E-02 0.9226E-03 0.1686E-02 0.1524E-01 0.3144E-03 0.8603E-03 0.1037E-02 0.1258E-02 0.1153E-02 0.1806E-02 0.1868E-02 0.5803E-03 0.2809E-02 0.2061E-02 0.5624E-03 0.8377E-02 0.1357E-02 0.8611E-03 0.0000E+00
0.0000E+00 0.4457E-02 0.1476E-03 0.2877E-02 0.8303E-03 0.1780E-02 0.1450E-01 0.4176E-03 0.1248E-02 0.9601E-03 0.1544E-02 0.4648E-02 0.3399E-02 0.1959E-02 0.0000E+00 0.2867E-02 0.2742E-02 0.6410E-03 0.8067E-02 0.1239E-02 0.1822E-03 0.0000E+00
0.0000E+00 0.4209E-02 0.1761E-03 0.3019E-02 0.8904E-03 0.1843E-02 0.1378E-01 0.7497E-03 0.2191E-02 0.1418E-02 0.1711E-02 0.4262E-02 0.0000E+00 0.9970E-04 0.1279E-03 0.2739E-02 0.2397E-02 0.3772E-03 0.7490E-02 0.1288E-02 0.7405E-03 0.0000E+00
0.0000E+00 0.4184E-02 0.2795E-03 0.2277E-02 0.1685E-02 0.1900E-02 0.1245E-01 0.1043E-02 0.2712E-02 0.1483E-02 0.1596E-02 0.4054E-02 0.3845E-03 0.2299E-03 0.8458E-04 0.2381E-02 0.2079E-02 0.5997E-03 0.7064E-02 0.5144E-03 0.9587E-03 0.0000E+00
0.0000E+00 0.4139E-02 0.2048E-03 0.1928E-02 0.2254E-02 0.1820E-02 0.1205E-01 0.3749E-02 0.2898E-02 0.1748E-02 0.1564E-02 0.3813E-02 0.8220E-03 0.6361E-03 0.2004E-03 0.3647E-02 0.1479E-02 0.7549E-03 0.6633E-02 0.5393E-03 0.1065E-02 0.0000E+00
0.0000E+00 0.3715E-02 0.2402E-03 0.1748E-02 0.2457E-02 0.1788E-02 0.1552E-01 0.3583E-02 0.2729E-03 0.2172E-02 0.3410E-02 0.3896E-02 0.1584E-02 0.1272E-02 0.7976E-06 0.3815E-02 0.9918E-10 0.7456E-03 0.6083E-02 0.3254E-03 0.8919E-03 0.0000E+00
0.0000E+00 0.3063E-02 0.0000E+00 0.1305E-02 0.2351E-02 0.1803E-02 0.1529E-01 0.3354E-04 0.1747E-03 0.2432E-03 0.3247E-02 0.3970E-02 0.1358E-02 0.1673E-02 0.4356E-03 0.3397E-02 0.8108E-04 0.4570E-03 0.5335E-02 0.9172E-03 0.1236E-02 0.0000E+00
0.0000E+00 0.2634E-02 0.2058E-03 0.1088E-02 0.2151E-02 0.2284E-02 0.1548E-01 0.1781E-03 0.4754E-03 0.4077E-03 0.3242E-02 0.3969E-02 0.1458E-02 0.1745E-02 0.7367E-04 0.3136E-02 0.1889E-03 0.4628E-03 0.4596E-02 0.1182E-02 0.1720E-02 0.0000E+00
0.0000E+00 0.2498E-02 0.3744E-03 0.3326E-02 0.2623E-02 0.2631E-02 0.1597E-01 0.5009E-03 0.3975E-03 0.3190E-03 0.2917E-02 0.3964E-02 0.1685E-02 0.1530E-02 0.2380E-03 0.4019E-02 0.2460E-03 0.5112E-03 0.4360E-02 0.1036E-02 0.2289E-02 0.0000E+00
0.0000E+00 0.2321E-02 0.3203E-02 0.3080E-02 0.8827E-04 0.2208E-02 0.1533E-01 0.2629E-03 0.4521E-03 0.2863E-02 0.2432E-02 0.4096E-02 0.8925E-02 0.7010E-02 0.5803E-02 0.5929E-02 0.1184E-02 0.1185E-02 0.4273E-02 0.1462E-02 0.2343E-02 0.0000E+00
0.0000E+00 0.1741E-02 0.3716E-02 0.2321E-03 0.1865E-03 0.2397E-02 0.1650E-01 0.2853E-03 0.4924E-03 0.2981E-02 0.4760E-03 0.3398E-02 0.8974E-02 0.4405E-04 0.3722E-03 0.2634E-05 0.0000E+00 0.1922E-02 0.4187E-02 0.1124E-02 0.2487E-02 0.0000E+00
0.0000E+00 0.1465E-02 0.3467E-02 0.3564E-03 0.5989E-03 0.2585E-02 0.1603E-01 0.3451E-04 0.6667E-03 0.2072E-02 0.5981E-03 0.3142E-02 0.8430E-02 0.2045E-05 0.3765E-03 0.2554E-03 0.3234E-03 0.2636E-02 0.3620E-02 0.1247E-02 0.2601E-02 0.0000E+00
0.0000E+00 0.1495E-02 0.2841E-02 0.1322E-02 0.5040E-03 0.2292E-02 0.1512E-01 0.4772E-03 0.2166E-03 0.2003E-02 0.1163E-02 0.3407E-02 0.9336E-02 0.1147E-02 0.1545E-03 0.1991E-03 0.6656E-03 0.3317E-02 0.3493E-02 0.1261E-02 0.2395E-02 0.0000E+00
0.0000E+00 0.8483E-03 0.2720E-02 0.1507E-02 0.1610E-02 0.2481E-02 0.1495E-01 0.4660E-03 0.3806E-06 0.1990E-02 0.1457E-02 0.4426E-02 0.9638E-02 0.1974E-02 0.4304E-03 0.2819E-03 0.7844E-03 0.3019E-02 0.2883E-02 0.3510E-02 0.2417E-02 0.0000E+00
0.0000E+00 0.9576E-03 0.2678E-02 0.1548E-02 0.2213E-02 0.2422E-02 0.1424E-01 0.5352E-03 0.1583E-04 0.1649E-02 0.1420E-02 0.5582E-02 0.8818E-02 0.2525E-02 0.6997E-03 0.5888E-03 0.8706E-03 0.3306E-02 0.2281E-02 0.3470E-02 0.4372E-04 0.0000E+00
0.0000E+00 0.1251E-02 0.2702E-02 0.1513E-02 0.2241E-02 0.2490E-02 0.1354E-01 0.4605E-03 0.7589E-04 0.1415E-02 0.7179E-02 0.6061E-02 0.8104E-02 0.3233E-02 0.9625E-03 0.9817E-03 0.2187E-02 0.3148E-02 0.1500E-02 0.3865E-02 0.4677E-03 0.0000E+00
0.0000E+00 0.1038E-02 0.3079E-02 0.2452E-02 0.2898E-02 0.2416E-02 0.1251E-01 0.1202E-03 0.1224E-06 0.1288E-02 0.6340E-02 0.1135E-03 0.7348E-02 0.3365E-02 0.6770E-03 0.1136E-03 0.2625E-02 0.7135E-02 0.1181E-02 0.3700E-02 0.5100E-04 0.0000E+00
0.0000E+00 0.1127E-02 0.3037E-02 0.3120E-02 0.3140E-02 0.2454E-02 0.1228E-01 0.4788E-04 0.1667E-03 0.1115E-02 0.6055E-02 0.3872E-03 0.6849E-02 0.4327E-02 0.6679E-03 0.6449E-03 0.1483E-03 0.6895E-02 0.1597E-03 0.3454E-02 0.3392E-03 0.0000E+00
0.0000E+00 0.9345E-03 0.3281E-02 0.3055E-02 0.3943E-02 0.3514E-02 0.1276E-01 0.1719E-03 0.7527E-03 0.1430E-02 0.7090E-02 0.5171E-03 0.6136E-02 0.3886E-02 0.1612E-02 0.3403E-03 0.5114E-03 0.6372E-02 0.1153E-02 0.3224E-02 0.6969E-03 0.0000E+00
0.0000E+00 0.7619E-03 0.3050E-02 0.3317E-02 0.3938E-02 0.3106E-02 0.1227E-01 0.2635E-03 0.5330E-03 0.1309E-02 0.6726E-02 0.6741E-04 0.6239E-02 0.4898E-02 0.2767E-02 0.2754E-03 0.7643E-03 0.6809E-02 0.1461E-02 0.4353E-02 0.9997E-03 0.0000E+00
0.0000E+00 0.1765E-02 0.4608E-02 0.4727E-02 0.5395E-02 0.5115E-02 0.1229E-01 0.4713E-03 0.1004E-02 0.1478E-02 0.6471E-02 0.1599E-03 0.6000E-02 0.4230E-02 0.3530E-02 0.1768E-02 0.1153E-02 0.7513E-02 0.1533E-02 0.4487E-02 0.2946E-05 0.0000E+00
0.0000E+00 0.1675E-02 0.3966E-02 0.5498E-02 0.6812E-02 0.6034E-02 0.1116E-01 0.6383E-03 0.1193E-02 0.1197E-02 0.6036E-02 0.1612E-03 0.5467E-02 0.3913E-02 0.4375E-02 0.1104E-01 0.8172E-02 0.7406E-02 0.1372E-03 0.4226E-02 0.6929E-03 0.0000E+00
0.0000E+00 0.8729E-03 0.3054E-02 0.4521E-02 0.7715E-02 0.5247E-02 0.9801E-02 0.8624E-03 0.1293E-02 0.1856E-02 0.6470E-02 0.8006E-03 0.5698E-02 0.9109E-02 0.3620E-02 0.1214E-01 0.3612E-03 0.5716E-03 0.3026E-03 0.3997E-02 0.4712E-03 0.0000E+00
0.0000E+00 0.1358E-02 0.2629E-02 0.4147E-02 0.7478E-02 0.5051E-02 0.9538E-02 0.1189E-02 0.1248E-02 0.2846E-02 0.8686E-02 0.1438E-02 0.5545E-02 0.9106E-02 0.5714E-03 0.1297E-01 0.6655E-03 0.9416E-03 0.2000E-03 0.3684E-02 0.7316E-03 0.0000E+00
0.0000E+00 0.1381E-02 0.2368E-02 0.4015E-02 0.6555E-02 0.4809E-02 0.8943E-02 0.1179E-02 0.1640E-02 0.4798E-02 0.8704E-02 0.0000E+00 0.5978E-02 0.8772E-02 0.5545E-03 0.1185E-01 0.9715E-03 0.8740E-03 0.5266E-03 0.3236E-02 0.1123E-02 0.0000E+00
0.0000E+00 0.1403E-02 0.2275E-02 0.3362E-02 0.6270E-02 0.4606E-02 0.7875E-02 0.1123E-02 0.1359E-02 0.6515E-02 0.7772E-02 0.3600E-03 0.6176E-02 0.8145E-02 0.6347E-03 0.1147E-01 0.9159E-03 0.1192E-04 0.6282E-03 0.4513E-02 0.1232E-02 0.0000E+00
0.0000E+00 0.1538E-02 0.2445E-02 0.1053E-01 0.7224E-02 0.4319E-02 0.7009E-02 0.1195E-02 0.1220E-02 0.7495E-02 0.7284E-02 0.2666E-03 0.6344E-02 0.8630E-02 0.1242E-01 0.1158E-01 0.9862E-03 0.3545E-08 0.7515E-03 0.4612E-02 0.3102E-03 0.0000E+00
0.0000E+00 0.1383E-02 0.2683E-02 0.1030E-01 0.6272E-03 0.4155E-02 0.6172E-02 0.1257E-02 0.1297E-02 0.6155E-02 0.7260E-02 0.3558E-03 0.5652E-02 0.8685E-02 0.1112E-01 0.1123E-03 0.9469E-03 0.2252E-05 0.6583E-03 0.4369E-02 0.1831E-03 0.0000E+00
0.0000E+00 0.1402E-02 0.2578E-02 0.9935E-02 0.1497E-02 0.8716E-02 0.5259E-02 0.1135E-02 0.1372E-02 0.5627E-02 0.7053E-02 0.4974E-03 0.5230E-02 0.8007E-02 0.1115E-01 0.2747E-03 0.8322E-03 0.2685E-03 0.7002E-03 0.4063E-02 0.2695E-03 0.0000E+00
0.0000E+00 0.1368E-02 0.2633E-02 0.1036E-01 0.1410E-02 0.8225E-02 0.1005E-03 0.7971E-03 0.1260E-01 0.1194E-01 0.6436E-02 0.1213E-01 0.1217E-01 0.7714E-02 0.1271E-01 0.1098E-02 0.7771E-03 0.1596E-02 0.1150E-02 0.4067E-02 0.4833E-03 0.0000E+00
0.0000E+00 0.0000E+00 0.0000E+00 0.0000E+00 0.0000E+00 0.0000E+00 0.0000E+00 0.0000E+00 0.0000E+00 0.0000E+00 0.0000E+00 0.0000E+00 0.0000E+00 0.0000E+00 0.0000E+00 0.0000E+00 0.0000E+00 0.0000E+00 0.0000E+00 0.0000E+00 0.0000E+00 0.0000E+00
