p1_rainB_highsm_dschg.asc
ncols     22
nrows     62
xllcorner      0.00000000
yllcorner      0.00000000
cellsize      0.50000000
nodata_value -9999
0.0000E+00 0.0000E+00 0.0000E+00 0.0000E+00 0.0000E+00 0.0000E+00 0.0000E+00 0.0000E+00 0.0000E+00 0.0000E+00 0.0000E+00 0.0000E+00 0.0000E+00 0.0000E+00 0.0000E+00 0.0000E+00 0.0000E+00 0.0000E+00 0.0000E+00 0.0000E+00 0.0000E+00 0.0000E+00
0.0000E+00 0.2129E-02 0.2024E-02 0.1445E-02 0.1477E-02 0.1683E-02 0.1461E-02 0.2872E-02 0.1853E-02 0.1568E-02 0.1470E-02 0.1487E-02 0.1473E-02 0.1470E-02 0.1475E-02 0.1402E-02 0.1500E-02 0.1471E-02 0.1503E-02 0.2125E-02 0.3252E-02 0.0000E+00
0.0000E+00 0.4593E-02 0.3369E-02 0.2873E-02 0.2920E-02 0.3176E-02 0.1484E-02 0.4309E-02 0.3239E-02 0.3011E-02 0.3394E-02 0.2993E-02 0.3810E-02 0.3159E-02 0.2876E-02 0.2797E-02 0.2914E-02 0.3216E-02 0.4131E-02 0.3445E-02 0.4304E-02 0.0000E+00
0.0000E+00 0.5764E-02 0.6600E-02 0.4278E-02 0.4544E-02 0.4776E-02 0.2920E-02 0.5671E-02 0.4571E-02 0.4396E-02 0.4716E-02 0.4348E-02 0.5022E-02 0.4507E-02 0.4660E-02 0.4204E-02 0.4372E-02 0.4581E-02 0.5706E-02 0.5866E-02 0.5844E-02 0.0000E+00
0.0000E+00 0.7038E-02 0.7812E-02 0.5878E-02 0.5927E-02 0.6781E-02 0.4354E-02 0.6965E-02 0.6007E-02 0.6048E-02 0.6048E-02 0.5712E-02 0.6521E-02 0.6184E-02 0.5981E-02 0.5584E-02 0.5748E-02 0.5913E-02 0.8350E-02 0.8687E-02 0.7044E-02 0.0000E+00
0.0000E+00 0.8379E-02 0.8998E-02 0.7373E-02 0.7250E-02 0.8113E-02 0.5772E-02 0.8303E-02 0.7306E-02 0.7356E-02 0.7486E-02 0.7038E-02 0.7811E-02 0.7472E-02 0.7286E-02 0.7885E-02 0.7084E-02 0.7241E-02 0.9687E-02 0.9696E-02 0.8396E-02 0.0000E+00
0.0000E+00 0.9744E-02 0.1023E-01 0.8697E-02 0.8578E-02 0.9485E-02 0.7214E-02 0.9545E-02 0.8733E-02 0.8638E-02 0.8859E-02 0.8340E-02 0.9311E-02 0.8761E-02 0.8576E-02 0.9622E-02 0.9139E-02 0.8531E-02 0.1074E-01 0.1076E-01 0.9666E-02 0.0000E+00
0.0000E+00 0.1093E-01 0.1145E-01 0.1024E-01 0.9862E-02 0.1139E-01 0.8843E-02 0.1082E-01 0.9961E-02 0.9870E-02 0.1027E-01 0.9605E-02 0.1052E-01 0.1009E-01 0.9866E-02 0.1125E-01 0.1099E-01 0.9810E-02 0.1355E-01 0.1232E-01 0.1084E-01 0.0000E+00
0.0000E+00 0.1250E-01 0.1388E-01 0.1147E-01 0.1233E-01 0.1325E-01 0.1024E-01 0.1217E-01 0.1119E-01 0.1108E-01 0.1143E-01 0.1084E-01 0.1173E-01 0.1127E-01 0.1141E-01 0.1258E-01 0.1254E-01 0.1135E-01 0.1534E-01 0.1341E-01 0.1240E-01 0.0000E+00
0.0000E+00 0.1367E-01 0.1496E-01 0.1268E-01 0.1381E-01 0.1440E-01 0.1165E-01 0.1337E-01 0.1242E-01 0.1228E-01 0.1260E-01 0.1207E-01 0.1293E-01 0.1247E-01 0.1260E-01 0.1386E-01 0.1369E-01 0.1296E-01 0.1718E-01 0.1491E-01 0.1348E-01 0.0000E+00
0.0000E+00 0.1549E-01 0.1626E-01 0.1386E-01 0.1564E-01 0.1577E-01 0.1280E-01 0.1452E-01 0.1366E-01 0.1343E-01 0.1395E-01 0.1325E-01 0.1446E-01 0.1361E-01 0.1372E-01 0.1548E-01 0.1471E-01 0.1407E-01 0.1919E-01 0.1651E-01 0.1453E-01 0.0000E+00
0.0000E+00 0.1661E-01 0.1784E-01 0.1499E-01 0.1666E-01 0.1682E-01 0.1400E-01 0.1566E-01 0.1494E-01 0.1463E-01 0.1519E-01 0.1444E-01 0.1566E-01 0.1489E-01 0.1487E-01 0.1708E-01 0.1605E-01 0.1546E-01 0.2050E-01 0.1791E-01 0.1584E-01 0.0000E+00
0.0000E+00 0.1773E-01 0.2150E-01 0.1718E-01 0.1792E-01 0.1841E-01 0.1511E-01 0.1694E-01 0.1603E-01 0.1683E-01 0.1671E-01 0.1561E-01 0.1693E-01 0.1639E-01 0.1594E-01 0.1803E-01 0.1712E-01 0.1638E-01 0.2124E-01 0.1880E-01 0.1683E-01 0.0000E+00
0.0000E+00 0.1933E-01 0.2248E-01 0.1822E-01 0.1951E-01 0.1940E-01 0.1630E-01 0.3553E-01 0.1755E-01 0.1786E-01 0.3507E-01 0.1676E-01 0.1798E-01 0.1757E-01 0.1704E-01 0.1898E-01 0.1823E-01 0.1743E-01 0.2288E-01 0.1990E-01 0.1783E-01 0.0000E+00
0.0000E+00 0.2100E-01 0.2350E-01 0.2001E-01 0.2256E-01 0.2209E-01 0.1761E-01 0.3644E-01 0.1469E-02 0.1477E-02 0.3583E-01 0.1777E-01 0.1927E-01 0.1853E-01 0.1818E-01 0.1991E-01 0.1929E-01 0.1840E-01 0.2433E-01 0.2126E-01 0.1886E-01 0.0000E+00
0.0000E+00 0.2241E-01 0.2432E-01 0.2129E-01 0.2367E-01 0.2303E-01 0.1891E-01 0.3742E-01 0.3265E-02 0.3033E-02 0.3659E-01 0.1880E-01 0.2055E-01 0.1946E-01 0.1912E-01 0.2090E-01 0.2019E-01 0.1947E-01 0.2554E-01 0.2209E-01 0.1996E-01 0.0000E+00
0.0000E+00 0.2329E-01 0.2635E-01 0.2224E-01 0.2521E-01 0.2412E-01 0.2065E-01 0.3850E-01 0.5130E-02 0.5058E-02 0.3840E-01 0.1978E-01 0.2144E-01 0.2041E-01 0.2038E-01 0.2172E-01 0.2167E-01 0.2039E-01 0.2630E-01 0.2289E-01 0.2091E-01 0.0000E+00
0.0000E+00 0.2570E-01 0.2794E-01 0.2488E-01 0.2848E-01 0.2536E-01 0.2237E-01 0.3953E-01 0.7783E-02 0.7365E-02 0.4169E-01 0.2084E-01 0.2314E-01 0.2138E-01 0.2132E-01 0.2290E-01 0.2319E-01 0.2209E-01 0.2702E-01 0.2370E-01 0.2186E-01 0.0000E+00
0.0000E+00 0.2838E-01 0.2865E-01 0.2575E-01 0.3197E-01 0.2651E-01 0.2416E-01 0.5064E-01 0.8928E-02 0.9604E-02 0.4264E-01 0.2194E-01 0.2403E-01 0.2232E-01 0.2227E-01 0.2375E-01 0.2546E-01 0.2523E-01 0.2917E-01 0.2449E-01 0.2276E-01 0.0000E+00
0.0000E+00 0.2995E-01 0.2988E-01 0.2705E-01 0.3449E-01 0.2922E-01 0.2605E-01 0.5317E-01 0.1459E-02 0.1229E-01 0.4491E-01 0.2297E-01 0.2570E-01 0.2425E-01 0.2486E-01 0.2543E-01 0.2914E-01 0.2882E-01 0.2984E-01 0.2532E-01 0.2431E-01 0.0000E+00
0.0000E+00 0.3184E-01 0.3069E-01 0.2809E-01 0.3501E-01 0.6693E-01 0.8303E-01 0.5500E-01 0.3201E-02 0.1505E-01 0.4716E-01 0.2380E-01 0.2656E-01 0.2523E-01 0.5340E-01 0.2763E-01 0.2971E-01 0.2934E-01 0.3082E-01 0.2715E-01 0.2695E-01 0.0000E+00
0.0000E+00 0.3279E-01 0.3137E-01 0.2900E-01 0.1802E-02 0.1531E+00 0.8544E-01 0.1642E-02 0.4678E-02 0.1641E-01 0.4857E-01 0.5254E-01 0.2801E-01 0.2606E-01 0.5373E-01 0.1441E-02 0.3316E-01 0.6302E-01 0.3312E-01 0.2878E-01 0.2941E-01 0.0000E+00
0.0000E+00 0.3336E-01 0.3205E-01 0.2988E-01 0.3516E-02 0.1554E+00 0.1535E-02 0.1487E-02 0.6121E-02 0.1737E-01 0.4945E-01 0.5308E-01 0.1456E-02 0.2788E-01 0.5414E-01 0.1983E-02 0.2032E-02 0.6468E-01 0.3525E-01 0.2951E-01 0.3110E-01 0.0000E+00
0.0000E+00 0.3508E-01 0.3370E-01 0.3683E-01 0.4991E-02 0.1556E+00 0.2954E-02 0.3011E-02 0.7417E-02 0.1831E-01 0.4978E-01 0.5387E-01 0.2888E-02 0.2856E-01 0.5460E-01 0.3345E-02 0.3517E-02 0.6582E-01 0.3688E-01 0.6447E-01 0.3262E-01 0.0000E+00
0.0000E+00 0.3716E-01 0.3584E-01 0.3859E-01 0.1478E-02 0.1557E+00 0.4342E-02 0.1280E-01 0.8597E-02 0.1914E-01 0.5004E-01 0.5441E-01 0.4283E-02 0.2926E-01 0.5504E-01 0.4937E-02 0.4966E-02 0.6727E-01 0.3755E-01 0.6600E-01 0.1613E-02 0.0000E+00
0.0000E+00 0.3778E-01 0.3694E-01 0.3911E-01 0.3175E-02 0.1567E+00 0.5803E-02 0.1395E-01 0.1474E-02 0.2002E-01 0.5038E-01 0.5496E-01 0.5666E-02 0.3019E-01 0.5537E-01 0.6218E-02 0.6578E-02 0.6767E-01 0.3853E-01 0.6648E-01 0.3057E-02 0.0000E+00
0.0000E+00 0.3828E-01 0.3874E-01 0.4111E-01 0.4514E-02 0.1632E+00 0.1699E+00 0.1524E-01 0.2905E-02 0.2090E-01 0.5063E-01 0.5553E-01 0.7027E-02 0.3115E-01 0.5575E-01 0.7972E-02 0.8042E-02 0.6804E-01 0.3948E-01 0.6732E-01 0.4502E-02 0.0000E+00
0.0000E+00 0.7911E-01 0.3943E-01 0.4200E-01 0.1494E-02 0.2875E-02 0.2145E+00 0.4204E-01 0.2588E-01 0.2185E-01 0.5083E-01 0.5665E-01 0.8729E-02 0.3173E-01 0.5610E-01 0.9143E-02 0.9349E-02 0.6807E-01 0.1753E+00 0.6776E-01 0.5884E-02 0.0000E+00
0.0000E+00 0.8329E-01 0.1439E-02 0.4444E-01 0.3352E-02 0.2447E-02 0.2163E+00 0.1503E-02 0.1781E-02 0.1524E-02 0.5155E-01 0.5750E-01 0.1211E-01 0.3289E-01 0.5645E-01 0.1034E-01 0.1054E-01 0.1513E-02 0.1753E+00 0.1827E-02 0.7560E-02 0.0000E+00
0.0000E+00 0.8328E-01 0.1505E-02 0.4476E-01 0.5029E-02 0.4063E-02 0.2185E+00 0.1479E-02 0.3252E-02 0.2975E-02 0.5187E-01 0.5799E-01 0.1454E-01 0.3484E-01 0.5745E-01 0.1354E-01 0.1235E-01 0.3008E-02 0.1751E+00 0.3214E-02 0.9346E-02 0.0000E+00
0.0000E+00 0.8488E-01 0.2936E-02 0.4543E-01 0.6301E-02 0.5439E-02 0.2199E+00 0.3201E-02 0.4622E-02 0.5285E-02 0.5228E-01 0.5841E-01 0.1572E-01 0.3558E-01 0.5829E-01 0.1690E-01 0.1449E-01 0.4574E-02 0.1750E+00 0.4700E-02 0.1089E-01 0.0000E+00
0.0000E+00 0.8510E-01 0.4351E-02 0.4635E-01 0.8687E-02 0.8581E-02 0.2219E+00 0.4577E-02 0.7120E-02 0.7055E-02 0.5331E-01 0.5950E-01 0.1685E-01 0.3708E-01 0.5843E-01 0.7584E-01 0.1701E-01 0.6223E-02 0.1749E+00 0.1800E-01 0.1220E-01 0.0000E+00
0.0000E+00 0.8502E-01 0.5720E-02 0.4751E-01 0.9769E-02 0.1035E-01 0.2216E+00 0.5921E-02 0.9244E-02 0.8503E-02 0.5432E-01 0.1174E+00 0.5691E-01 0.3956E-01 0.1457E-02 0.7646E-01 0.1947E-01 0.7657E-02 0.1754E+00 0.1913E-01 0.1496E-02 0.0000E+00
0.0000E+00 0.8504E-01 0.6995E-02 0.4865E-01 0.1095E-01 0.1172E-01 0.2214E+00 0.7593E-02 0.1223E-01 0.1074E-01 0.5530E-01 0.1176E+00 0.1473E-02 0.1486E-02 0.1634E-02 0.7658E-01 0.2007E-01 0.9041E-02 0.1755E+00 0.2023E-01 0.3819E-02 0.0000E+00
0.0000E+00 0.8566E-01 0.8329E-02 0.4892E-01 0.1374E-01 0.1287E-01 0.2210E+00 0.9378E-02 0.1488E-01 0.1234E-01 0.5547E-01 0.1178E+00 0.3514E-02 0.2954E-02 0.3168E-02 0.7654E-01 0.2089E-01 0.1048E-01 0.1755E+00 0.2115E-01 0.5489E-02 0.0000E+00
0.0000E+00 0.8608E-01 0.9474E-02 0.4973E-01 0.1627E-01 0.1421E-01 0.2218E+00 0.2685E-01 0.1652E-01 0.1436E-01 0.5583E-01 0.1180E+00 0.5668E-02 0.4705E-02 0.4532E-02 0.9795E-01 0.2158E-01 0.1169E-01 0.1752E+00 0.2209E-01 0.6726E-02 0.0000E+00
0.0000E+00 0.9666E-01 0.1066E-01 0.5057E-01 0.1823E-01 0.1549E-01 0.2505E+00 0.2756E-01 0.1847E-02 0.1651E-01 0.7294E-01 0.1189E+00 0.8319E-02 0.7373E-02 0.5865E-02 0.9918E-01 0.1470E-02 0.1288E-01 0.1750E+00 0.2301E-01 0.7947E-02 0.0000E+00
0.0000E+00 0.9798E-01 0.1466E-02 0.5089E-01 0.1907E-01 0.1663E-01 0.2514E+00 0.1633E-02 0.3235E-02 0.1523E-02 0.7313E-01 0.1198E+00 0.9391E-02 0.9684E-02 0.7802E-02 0.9938E-01 0.2922E-02 0.1396E-01 0.1745E+00 0.2528E-01 0.9931E-02 0.0000E+00
0.0000E+00 0.9793E-01 0.1679E-02 0.5118E-01 0.1995E-01 0.1918E-01 0.2527E+00 0.3354E-02 0.4855E-02 0.3137E-02 0.7389E-01 0.1204E+00 0.1128E-01 0.1113E-01 0.8977E-02 0.9937E-01 0.4327E-02 0.1514E-01 0.1744E+00 0.2698E-01 0.1225E-01 0.0000E+00
0.0000E+00 0.9813E-01 0.3342E-02 0.7372E-01 0.2245E-01 0.2107E-01 0.2547E+00 0.5047E-02 0.6171E-02 0.4538E-02 0.7416E-01 0.1217E+00 0.1291E-01 0.1232E-01 0.1047E-01 0.1019E+00 0.5690E-02 0.1623E-01 0.1745E+00 0.2774E-01 0.1481E-01 0.0000E+00
0.0000E+00 0.9843E-01 0.7732E-01 0.7382E-01 0.1471E-02 0.2185E-01 0.2555E+00 0.6405E-02 0.7664E-02 0.7954E-01 0.7423E-01 0.1227E+00 0.1502E+00 0.1361E+00 0.1242E+00 0.1132E+00 0.8860E-02 0.1874E-01 0.1753E+00 0.2958E-01 0.1618E-01 0.0000E+00
0.0000E+00 0.9836E-01 0.7927E-01 0.1754E-02 0.2917E-02 0.2351E-01 0.2661E+00 0.7703E-02 0.9224E-02 0.8024E-01 0.2636E-02 0.1226E+00 0.1509E+00 0.1520E-02 0.1975E-02 0.1509E-02 0.1511E-02 0.2125E-01 0.1760E+00 0.3037E-01 0.1753E-01 0.0000E+00
0.0000E+00 0.9829E-01 0.7956E-01 0.3163E-02 0.5059E-02 0.2535E-01 0.2668E+00 0.1502E-02 0.1035E-01 0.8016E-01 0.3927E-02 0.1227E+00 0.1504E+00 0.2979E-02 0.3393E-02 0.3325E-02 0.3476E-02 0.2375E-01 0.1758E+00 0.3176E-01 0.1905E-01 0.0000E+00
0.0000E+00 0.9880E-01 0.7964E-01 0.6491E-02 0.6315E-02 0.2607E-01 0.2662E+00 0.3535E-02 0.1151E-01 0.8070E-01 0.6418E-02 0.1241E+00 0.1531E+00 0.6478E-02 0.4752E-02 0.4670E-02 0.5182E-02 0.2640E-01 0.1765E+00 0.3252E-01 0.2012E-01 0.0000E+00
0.0000E+00 0.9870E-01 0.8012E-01 0.8433E-02 0.9728E-02 0.2743E-01 0.2672E+00 0.5002E-02 0.1262E-01 0.8123E-01 0.8354E-02 0.1272E+00 0.1550E+00 0.9705E-02 0.6575E-02 0.6002E-02 0.6898E-02 0.2711E-01 0.1769E+00 0.5451E-01 0.2115E-01 0.0000E+00
0.0000E+00 0.9900E-01 0.8102E-01 0.9664E-02 0.1290E-01 0.2880E-01 0.2670E+00 0.1973E-01 0.1371E-01 0.8115E-01 0.9734E-02 0.1304E+00 0.1544E+00 0.1249E-01 0.8263E-02 0.7787E-02 0.8108E-02 0.2881E-01 0.1775E+00 0.5673E-01 0.1507E-02 0.0000E+00
0.0000E+00 0.9977E-01 0.8206E-01 0.1082E-01 0.1401E-01 0.2982E-01 0.2872E+00 0.2076E-01 0.1519E-02 0.8107E-01 0.1428E+00 0.1325E+00 0.1539E+00 0.1544E-01 0.1020E-01 0.9691E-02 0.1989E-01 0.2942E-01 0.1769E+00 0.5973E-01 0.2036E-02 0.0000E+00
0.0000E+00 0.9998E-01 0.8337E-01 0.1398E-01 0.1676E-01 0.3065E-01 0.2880E+00 0.1503E-02 0.2951E-02 0.8102E-01 0.1422E+00 0.1483E-02 0.1532E+00 0.1715E-01 0.1131E-01 0.1477E-02 0.2176E-01 0.2288E+00 0.1766E+00 0.6016E-01 0.1475E-02 0.0000E+00
0.0000E+00 0.1004E+00 0.8391E-01 0.1671E-01 0.1840E-01 0.3174E-01 0.2889E+00 0.1481E-02 0.4398E-02 0.8106E-01 0.1427E+00 0.3059E-02 0.1531E+00 0.2048E-01 0.1261E-01 0.3898E-02 0.1540E-02 0.2285E+00 0.1652E-02 0.6083E-01 0.3222E-02 0.0000E+00
0.0000E+00 0.1002E+00 0.8565E-01 0.1807E-01 0.2152E-01 0.3497E-01 0.2916E+00 0.3094E-02 0.7140E-02 0.8237E-01 0.1490E+00 0.4483E-02 0.1524E+00 0.2129E-01 0.1560E-01 0.5263E-02 0.3444E-02 0.2281E+00 0.4898E-02 0.6131E-01 0.4982E-02 0.0000E+00
0.0000E+00 0.1002E+00 0.8636E-01 0.1999E-01 0.2292E-01 0.3546E-01 0.2920E+00 0.4490E-02 0.8243E-02 0.8284E-01 0.1492E+00 0.1604E-02 0.1532E+00 0.2459E-01 0.1894E-01 0.6548E-02 0.5399E-02 0.2295E+00 0.6936E-02 0.6967E-01 0.7094E-02 0.0000E+00
0.0000E+00 0.1029E+00 0.9003E-01 0.2374E-01 0.2688E-01 0.3983E-01 0.2938E+00 0.5864E-02 0.1034E-01 0.8353E-01 0.1496E+00 0.3089E-02 0.1534E+00 0.2520E-01 0.2193E-01 0.1036E-01 0.7483E-02 0.2372E+00 0.8563E-02 0.7074E-01 0.1476E-02 0.0000E+00
0.0000E+00 0.1028E+00 0.9038E-01 0.2672E-01 0.3059E-01 0.4307E-01 0.2936E+00 0.7428E-02 0.1168E-01 0.8332E-01 0.1491E+00 0.4517E-02 0.1530E+00 0.2678E-01 0.2500E-01 0.2580E+00 0.2449E+00 0.2373E+00 0.1716E-02 0.7154E-01 0.4167E-02 0.0000E+00
0.0000E+00 0.1026E+00 0.9012E-01 0.2731E-01 0.3366E-01 0.4369E-01 0.2927E+00 0.8884E-02 0.1290E-01 0.8545E-01 0.1505E+00 0.6911E-02 0.1538E+00 0.5622E-01 0.2557E-01 0.2612E+00 0.2193E-02 0.2375E-02 0.3341E-02 0.7226E-01 0.5320E-02 0.0000E+00
0.0000E+00 0.1040E+00 0.8991E-01 0.2799E-01 0.3525E-01 0.4463E-01 0.2940E+00 0.1068E-01 0.1410E-01 0.8825E-01 0.1625E+00 0.9593E-02 0.1544E+00 0.5813E-01 0.2717E-02 0.2635E+00 0.4398E-02 0.4474E-02 0.4730E-02 0.7253E-01 0.7116E-02 0.0000E+00
0.0000E+00 0.1042E+00 0.9004E-01 0.2875E-01 0.3568E-01 0.4512E-01 0.2938E+00 0.1185E-01 0.1612E-01 0.9249E-01 0.1634E+00 0.1457E-02 0.1558E+00 0.5881E-01 0.4383E-02 0.2628E+00 0.6061E-02 0.5641E-02 0.6410E-02 0.7281E-01 0.9035E-02 0.0000E+00
0.0000E+00 0.1040E+00 0.8996E-01 0.2948E-01 0.3614E-01 0.4580E-01 0.2932E+00 0.1301E-01 0.1724E-01 0.9644E-01 0.1630E+00 0.3728E-02 0.1570E+00 0.5912E-01 0.6039E-02 0.2623E+00 0.7243E-02 0.6898E-02 0.7684E-02 0.8420E-01 0.1053E-01 0.0000E+00
0.0000E+00 0.1040E+00 0.9068E-01 0.7012E-01 0.3911E-01 0.4619E-01 0.2926E+00 0.1412E-01 0.1829E-01 0.9923E-01 0.1623E+00 0.5097E-02 0.1580E+00 0.6140E-01 0.2703E+00 0.2629E+00 0.8465E-02 0.8166E-02 0.8922E-02 0.8652E-01 0.2106E-02 0.0000E+00
0.0000E+00 0.1037E+00 0.9171E-01 0.7047E-01 0.2857E-02 0.4656E-01 0.2917E+00 0.1531E-01 0.1935E-01 0.9913E-01 0.1621E+00 0.6442E-02 0.1573E+00 0.6279E-01 0.2693E+00 0.1473E-02 0.9724E-02 0.9703E-02 0.1014E-01 0.8675E-01 0.1491E-02 0.0000E+00
0.0000E+00 0.1039E+00 0.9152E-01 0.7087E-01 0.5957E-02 0.3372E+00 0.2910E+00 0.1646E-01 0.2067E-01 0.9929E-01 0.1616E+00 0.7760E-02 0.1566E+00 0.6312E-01 0.2701E+00 0.2922E-02 0.1091E-01 0.1128E-01 0.1133E-01 0.8686E-01 0.2963E-02 0.0000E+00
0.0000E+00 0.1037E+00 0.9167E-01 0.7819E-01 0.7111E-02 0.3387E+00 0.1496E-02 0.1757E-01 0.2802E+00 0.2603E+00 0.1609E+00 0.2260E+00 0.2190E+00 0.6334E-01 0.2884E+00 0.1617E-01 0.1213E-01 0.2660E-01 0.1337E-01 0.9141E-01 0.4453E-02 0.0000E+00
0.0000E+00 0.0000E+00 0.0000E+00 0.0000E+00 0.0000E+00 0.0000E+00 0.0000E+00 0.0000E+00 0.0000E+00 0.0000E+00 0.0000E+00 0.0000E+00 0.0000E+00 0.0000E+00 0.0000E+00 0.0000E+00 0.0000E+00 0.0000E+00 0.0000E+00 0.0000E+00 0.0000E+00 0.0000E+00
