p1_rainA_medsm_sedtr.asc
ncols     22
nrows     62
xllcorner      0.00000000
yllcorner      0.00000000
cellsize      0.50000000
nodata_value -9999
0.0000E+00 0.0000E+00 0.0000E+00 0.0000E+00 0.0000E+00 0.0000E+00 0.0000E+00 0.0000E+00 0.0000E+00 0.0000E+00 0.0000E+00 0.0000E+00 0.0000E+00 0.0000E+00 0.0000E+00 0.0000E+00 0.0000E+00 0.0000E+00 0.0000E+00 0.0000E+00 0.0000E+00 0.0000E+00
0.0000E+00 0.4764E+00 0.3233E+00 0.6372E-01 0.1235E+00 0.6029E+00 0.8165E-01 0.3131E+00 0.4870E+00 0.1861E+00 0.9247E-01 0.1393E+00 0.9817E-01 0.9379E-01 0.1017E+00 0.3427E-01 0.9101E-01 0.1009E+00 0.2384E+00 0.4480E+00 0.4454E+00 0.0000E+00
0.0000E+00 0.8811E+00 0.3084E+00 0.1486E+00 0.2412E+00 0.8832E+00 0.2037E+00 0.6982E+00 0.5486E+00 0.3421E+00 0.4802E+00 0.4271E+00 0.5895E+00 0.3022E+00 0.1373E+00 0.9895E-01 0.1552E+00 0.2528E+00 0.7175E+00 0.3836E+00 0.3517E+00 0.0000E+00
0.0000E+00 0.7424E+00 0.8401E+00 0.2624E+00 0.7850E+00 0.9439E+00 0.2470E+00 0.6330E+00 0.4666E+00 0.4821E+00 0.4247E+00 0.3655E+00 0.4794E+00 0.2919E+00 0.6439E+00 0.2130E+00 0.3410E+00 0.2929E+00 0.7084E+00 0.7009E+00 0.5728E+00 0.0000E+00
0.0000E+00 0.7924E+00 0.1357E+01 0.8445E+00 0.1135E+01 0.1469E+01 0.7406E+00 0.9120E+00 0.9045E+00 0.8213E+00 0.4208E+00 0.3993E+00 0.9176E+00 0.5988E+00 0.6077E+00 0.2925E+00 0.3766E+00 0.3024E+00 0.7662E+00 0.9685E+00 0.5203E+00 0.0000E+00
0.0000E+00 0.1019E+01 0.1354E+01 0.1370E+01 0.9542E+00 0.1634E+01 0.1266E+01 0.1206E+01 0.7696E+00 0.9919E+00 0.6987E+00 0.4046E+00 0.8755E+00 0.5875E+00 0.5606E+00 0.7495E+00 0.3889E+00 0.3435E+00 0.7816E+00 0.8354E+00 0.9832E+00 0.0000E+00
0.0000E+00 0.1266E+01 0.1829E+01 0.1383E+01 0.1464E+01 0.1918E+01 0.1715E+01 0.1014E+01 0.1140E+01 0.9988E+00 0.9074E+00 0.6885E+00 0.1078E+01 0.5746E+00 0.5479E+00 0.1024E+01 0.5052E+00 0.3724E+00 0.7210E+00 0.7365E+00 0.8431E+00 0.0000E+00
0.0000E+00 0.1087E+01 0.1735E+01 0.1514E+01 0.1240E+01 0.1929E+01 0.1794E+01 0.1075E+01 0.1125E+01 0.9415E+00 0.1434E+01 0.8131E+00 0.9326E+00 0.1050E+01 0.6248E+00 0.1324E+01 0.5828E+00 0.3912E+00 0.9626E+00 0.8668E+00 0.7427E+00 0.0000E+00
0.0000E+00 0.1261E+01 0.1855E+01 0.1312E+01 0.1501E+01 0.1858E+01 0.1628E+01 0.1377E+01 0.1080E+01 0.8447E+00 0.1192E+01 0.8736E+00 0.8769E+00 0.8981E+00 0.7679E+00 0.1409E+01 0.7456E+00 0.4246E+00 0.9432E+00 0.8189E+00 0.1069E+01 0.0000E+00
0.0000E+00 0.1160E+01 0.1915E+01 0.1337E+01 0.1551E+01 0.1727E+01 0.1778E+01 0.1303E+01 0.1359E+01 0.1029E+01 0.1069E+01 0.1000E+01 0.1123E+01 0.1080E+01 0.9003E+00 0.1622E+01 0.8033E+00 0.5103E+00 0.9807E+00 0.1089E+01 0.9091E+00 0.0000E+00
0.0000E+00 0.1229E+01 0.1786E+01 0.1223E+01 0.1669E+01 0.2036E+01 0.1635E+01 0.1173E+01 0.1452E+01 0.9043E+00 0.1341E+01 0.9073E+00 0.1270E+01 0.9558E+00 0.8263E+00 0.1766E+01 0.7055E+00 0.5553E+00 0.1296E+01 0.1205E+01 0.8064E+00 0.0000E+00
0.0000E+00 0.1117E+01 0.1759E+01 0.1109E+01 0.1466E+01 0.1758E+01 0.1712E+01 0.1084E+01 0.1474E+01 0.1041E+01 0.1375E+01 0.9519E+00 0.1191E+01 0.1258E+01 0.1047E+01 0.1714E+01 0.9440E+00 0.6540E+00 0.1178E+01 0.1249E+01 0.9896E+00 0.0000E+00
0.0000E+00 0.1192E+01 0.2055E+01 0.1351E+01 0.1740E+01 0.1834E+01 0.1527E+01 0.1481E+01 0.1309E+01 0.1291E+01 0.1575E+01 0.9842E+00 0.1240E+01 0.1377E+01 0.9405E+00 0.1521E+01 0.9406E+00 0.5614E+00 0.1030E+01 0.1104E+01 0.8716E+00 0.0000E+00
0.0000E+00 0.1225E+01 0.1779E+01 0.1288E+01 0.1733E+01 0.1625E+01 0.1961E+01 0.2558E+01 0.1303E+01 0.1252E+01 0.2325E+01 0.1019E+01 0.1195E+01 0.1429E+01 0.1075E+01 0.1375E+01 0.1107E+01 0.7529E+00 0.1109E+01 0.1157E+01 0.9611E+00 0.0000E+00
0.0000E+00 0.1421E+01 0.1600E+01 0.1595E+01 0.1932E+01 0.1768E+01 0.2143E+01 0.2248E+01 0.9217E-01 0.1052E+00 0.2407E+01 0.1042E+01 0.1319E+01 0.1253E+01 0.1224E+01 0.1253E+01 0.1266E+01 0.7030E+00 0.1321E+01 0.1182E+01 0.1240E+01 0.0000E+00
0.0000E+00 0.1785E+01 0.1561E+01 0.1733E+01 0.1947E+01 0.1813E+01 0.2120E+01 0.2077E+01 0.8779E+00 0.5384E+00 0.2566E+01 0.1134E+01 0.1335E+01 0.1123E+01 0.1098E+01 0.1191E+01 0.1207E+01 0.7755E+00 0.1388E+01 0.1146E+01 0.1339E+01 0.0000E+00
0.0000E+00 0.1554E+01 0.2053E+01 0.1573E+01 0.2192E+01 0.1798E+01 0.2368E+01 0.2122E+01 0.1304E+01 0.1084E+01 0.2630E+01 0.1029E+01 0.1211E+01 0.1065E+01 0.1471E+01 0.1096E+01 0.1211E+01 0.7116E+00 0.1392E+01 0.1059E+01 0.1450E+01 0.0000E+00
0.0000E+00 0.1732E+01 0.1905E+01 0.1563E+01 0.2209E+01 0.1653E+01 0.2362E+01 0.1988E+01 0.1431E+01 0.1342E+01 0.2559E+01 0.9992E+00 0.1368E+01 0.1074E+01 0.1312E+01 0.1531E+01 0.1259E+01 0.9003E+00 0.1524E+01 0.1167E+01 0.1616E+01 0.0000E+00
0.0000E+00 0.2024E+01 0.1971E+01 0.1510E+01 0.2440E+01 0.2008E+01 0.2381E+01 0.2930E+01 0.1214E+01 0.1364E+01 0.2324E+01 0.1010E+01 0.1386E+01 0.1049E+01 0.1333E+01 0.1383E+01 0.1330E+01 0.1047E+01 0.1697E+01 0.1043E+01 0.1448E+01 0.0000E+00
0.0000E+00 0.1839E+01 0.2151E+01 0.1509E+01 0.2195E+01 0.2105E+01 0.2539E+01 0.2673E+01 0.7861E-01 0.1616E+01 0.2265E+01 0.9772E+00 0.1536E+01 0.1085E+01 0.1297E+01 0.1372E+01 0.1549E+01 0.1312E+01 0.1657E+01 0.1015E+01 0.1850E+01 0.0000E+00
0.0000E+00 0.1963E+01 0.2196E+01 0.1557E+01 0.1968E+01 0.3736E+01 0.4577E+01 0.2610E+01 0.3965E+00 0.1765E+01 0.2266E+01 0.8817E+00 0.1381E+01 0.1097E+01 0.2214E+01 0.1217E+01 0.1344E+01 0.1159E+01 0.1858E+01 0.1231E+01 0.1893E+01 0.0000E+00
0.0000E+00 0.1984E+01 0.2049E+01 0.1688E+01 0.3551E+00 0.7398E+01 0.4364E+01 0.2876E+00 0.6308E+00 0.1639E+01 0.2153E+01 0.2001E+01 0.1310E+01 0.1139E+01 0.2058E+01 0.5342E-01 0.1399E+01 0.2274E+01 0.1785E+01 0.1411E+01 0.1823E+01 0.0000E+00
0.0000E+00 0.1777E+01 0.1945E+01 0.1709E+01 0.7802E+00 0.6877E+01 0.1410E+00 0.1258E+00 0.1038E+01 0.1738E+01 0.2151E+01 0.1864E+01 0.8549E-01 0.1243E+01 0.1965E+01 0.7171E+00 0.4190E+00 0.2277E+01 0.1823E+01 0.1281E+01 0.1749E+01 0.0000E+00
0.0000E+00 0.1863E+01 0.1971E+01 0.2217E+01 0.7986E+00 0.6539E+01 0.1933E+00 0.5374E+00 0.8753E+00 0.1745E+01 0.2140E+01 0.1897E+01 0.1703E+00 0.1138E+01 0.1938E+01 0.5886E+00 0.7015E+00 0.2166E+01 0.1707E+01 0.2688E+01 0.1798E+01 0.0000E+00
0.0000E+00 0.1846E+01 0.2102E+01 0.2048E+01 0.1327E+00 0.6336E+01 0.2363E+00 0.1094E+01 0.7245E+00 0.1609E+01 0.1970E+01 0.1797E+01 0.2520E+00 0.1095E+01 0.1870E+01 0.7388E+00 0.7762E+00 0.1993E+01 0.1549E+01 0.2440E+01 0.1833E+00 0.0000E+00
0.0000E+00 0.1745E+01 0.2253E+01 0.1843E+01 0.6129E+00 0.6210E+01 0.8175E+00 0.1091E+01 0.9979E-01 0.1590E+01 0.1889E+01 0.1719E+01 0.4303E+00 0.1112E+01 0.1780E+01 0.6315E+00 0.1068E+01 0.1955E+01 0.1694E+01 0.2359E+01 0.3764E+00 0.0000E+00
0.0000E+00 0.1680E+01 0.2136E+01 0.1832E+01 0.4969E+00 0.6159E+01 0.6447E+01 0.1236E+01 0.2392E+00 0.1560E+01 0.1813E+01 0.1719E+01 0.6155E+00 0.1086E+01 0.1739E+01 0.9873E+00 0.1294E+01 0.2053E+01 0.1934E+01 0.2396E+01 0.6477E+00 0.0000E+00
0.0000E+00 0.3390E+01 0.1998E+01 0.1722E+01 0.1247E+00 0.5031E+00 0.8689E+01 0.2739E+01 0.1976E+01 0.1666E+01 0.1739E+01 0.1880E+01 0.7782E+00 0.1018E+01 0.1796E+01 0.8168E+00 0.1355E+01 0.1871E+01 0.5448E+01 0.2259E+01 0.7758E+00 0.0000E+00
0.0000E+00 0.3145E+01 0.5760E-01 0.1759E+01 0.6315E+00 0.3333E+00 0.8216E+01 0.1789E+00 0.5291E+00 0.3517E+00 0.1846E+01 0.1794E+01 0.1032E+01 0.1254E+01 0.1767E+01 0.7541E+00 0.1159E+01 0.4471E+00 0.5184E+01 0.4120E+00 0.1020E+01 0.0000E+00
0.0000E+00 0.3014E+01 0.1684E+00 0.1611E+01 0.7499E+00 0.3962E+00 0.7903E+01 0.4892E+00 0.8420E+00 0.3909E+00 0.1918E+01 0.1812E+01 0.1200E+01 0.1482E+01 0.2093E+01 0.1334E+01 0.1210E+01 0.9641E+00 0.4997E+01 0.3755E+00 0.1378E+01 0.0000E+00
0.0000E+00 0.3212E+01 0.2219E+00 0.1850E+01 0.8192E+00 0.4876E+00 0.7735E+01 0.6641E+00 0.8015E+00 0.6959E+00 0.1916E+01 0.2246E+01 0.1395E+01 0.1554E+01 0.2041E+01 0.1495E+01 0.1242E+01 0.1039E+01 0.4846E+01 0.6995E+00 0.1358E+01 0.0000E+00
0.0000E+00 0.3311E+01 0.3507E+00 0.1889E+01 0.1082E+01 0.9579E+00 0.7502E+01 0.7684E+00 0.1263E+01 0.9567E+00 0.2031E+01 0.2243E+01 0.1596E+01 0.1607E+01 0.1890E+01 0.2928E+01 0.1263E+01 0.1133E+01 0.4742E+01 0.1786E+01 0.1433E+01 0.0000E+00
0.0000E+00 0.3103E+01 0.4523E+00 0.2191E+01 0.9057E+00 0.9674E+00 0.7279E+01 0.8286E+00 0.1439E+01 0.1034E+01 0.2073E+01 0.4622E+01 0.2865E+01 0.1705E+01 0.7695E-01 0.2699E+01 0.1049E+01 0.9671E+00 0.4611E+01 0.1675E+01 0.2037E+00 0.0000E+00
0.0000E+00 0.3036E+01 0.3982E+00 0.2283E+01 0.8674E+00 0.1053E+01 0.7062E+01 0.1062E+01 0.1533E+01 0.1200E+01 0.2118E+01 0.4306E+01 0.9991E-01 0.1232E+00 0.3666E+00 0.2669E+01 0.9875E+00 0.9178E+00 0.4523E+01 0.1494E+01 0.5490E+00 0.0000E+00
0.0000E+00 0.3134E+01 0.6381E+00 0.2051E+01 0.1205E+01 0.9400E+00 0.6969E+01 0.1364E+01 0.1545E+01 0.1107E+01 0.2067E+01 0.4205E+01 0.7413E+00 0.2349E+00 0.4286E+00 0.2584E+01 0.1016E+01 0.1319E+01 0.4478E+01 0.1313E+01 0.6511E+00 0.0000E+00
0.0000E+00 0.3153E+01 0.5218E+00 0.1975E+01 0.1315E+01 0.1097E+01 0.7055E+01 0.2277E+01 0.1375E+01 0.1179E+01 0.2275E+01 0.4124E+01 0.1084E+01 0.6356E+00 0.4041E+00 0.3336E+01 0.9503E+00 0.1423E+01 0.4408E+01 0.1227E+01 0.8839E+00 0.0000E+00
0.0000E+00 0.3436E+01 0.5146E+00 0.2101E+01 0.1359E+01 0.1109E+01 0.8625E+01 0.1965E+01 0.4410E+00 0.1355E+01 0.3284E+01 0.4048E+01 0.1316E+01 0.1031E+01 0.4041E+00 0.3344E+01 0.9424E-01 0.1741E+01 0.4398E+01 0.1155E+01 0.7465E+00 0.0000E+00
0.0000E+00 0.3329E+01 0.8821E-01 0.2084E+01 0.1256E+01 0.1022E+01 0.8385E+01 0.3298E+00 0.4020E+00 0.1643E+00 0.3087E+01 0.3919E+01 0.1081E+01 0.1126E+01 0.8477E+00 0.3274E+01 0.4168E+00 0.1459E+01 0.4328E+01 0.1445E+01 0.1260E+01 0.0000E+00
0.0000E+00 0.3267E+01 0.6921E+00 0.2087E+01 0.1154E+01 0.1376E+01 0.8227E+01 0.5056E+00 0.1012E+01 0.7868E+00 0.3215E+01 0.3781E+01 0.1344E+01 0.1102E+01 0.7075E+00 0.3280E+01 0.5115E+00 0.1610E+01 0.4374E+01 0.1545E+01 0.1404E+01 0.0000E+00
0.0000E+00 0.3272E+01 0.9370E+00 0.3130E+01 0.1430E+01 0.1389E+01 0.8085E+01 0.6466E+00 0.8229E+00 0.7069E+00 0.2969E+01 0.3728E+01 0.1562E+01 0.1104E+01 0.9928E+00 0.3181E+01 0.4765E+00 0.1468E+01 0.4447E+01 0.1489E+01 0.1662E+01 0.0000E+00
0.0000E+00 0.3269E+01 0.3403E+01 0.2910E+01 0.1072E+00 0.1226E+01 0.7963E+01 0.6840E+00 0.9239E+00 0.3370E+01 0.2841E+01 0.3651E+01 0.5586E+01 0.4650E+01 0.4003E+01 0.3382E+01 0.6504E+00 0.1521E+01 0.4415E+01 0.1681E+01 0.1475E+01 0.0000E+00
0.0000E+00 0.3195E+01 0.3364E+01 0.4351E+00 0.2087E+00 0.1677E+01 0.8418E+01 0.7941E+00 0.9561E+00 0.3122E+01 0.5008E+00 0.3598E+01 0.5187E+01 0.1030E+00 0.5332E+00 0.1364E+00 0.9989E-01 0.1718E+01 0.4439E+01 0.1501E+01 0.1573E+01 0.0000E+00
0.0000E+00 0.3181E+01 0.3183E+01 0.4087E+00 0.4620E+00 0.1549E+01 0.8269E+01 0.3813E+00 0.8271E+00 0.2988E+01 0.4902E+00 0.3584E+01 0.4923E+01 0.2099E+00 0.9167E+00 0.9337E+00 0.6965E+00 0.2150E+01 0.4436E+01 0.1636E+01 0.1765E+01 0.0000E+00
0.0000E+00 0.3256E+01 0.3043E+01 0.9458E+00 0.4442E+00 0.1398E+01 0.8167E+01 0.9830E+00 0.7922E+00 0.3223E+01 0.9423E+00 0.3716E+01 0.4813E+01 0.6421E+00 0.7454E+00 0.7563E+00 0.1145E+01 0.2212E+01 0.4603E+01 0.1540E+01 0.1601E+01 0.0000E+00
0.0000E+00 0.3170E+01 0.3132E+01 0.9462E+00 0.9991E+00 0.1451E+01 0.7997E+01 0.9378E+00 0.7146E+00 0.3175E+01 0.1070E+01 0.3749E+01 0.4652E+01 0.9264E+00 0.1041E+01 0.6753E+00 0.1284E+01 0.1919E+01 0.4595E+01 0.2946E+01 0.1696E+01 0.0000E+00
0.0000E+00 0.3293E+01 0.3151E+01 0.1038E+01 0.1194E+01 0.1518E+01 0.8114E+01 0.1334E+01 0.6905E+00 0.3062E+01 0.1274E+01 0.3628E+01 0.4506E+01 0.1141E+01 0.1220E+01 0.9796E+00 0.1065E+01 0.2024E+01 0.4624E+01 0.2842E+01 0.2367E+00 0.0000E+00
0.0000E+00 0.3441E+01 0.3236E+01 0.1217E+01 0.1270E+01 0.1727E+01 0.9079E+01 0.1181E+01 0.3245E+00 0.2976E+01 0.4292E+01 0.3326E+01 0.4431E+01 0.1488E+01 0.1253E+01 0.1092E+01 0.1859E+01 0.1783E+01 0.4558E+01 0.3046E+01 0.7100E+00 0.0000E+00
0.0000E+00 0.3510E+01 0.3285E+01 0.1436E+01 0.1531E+01 0.1682E+01 0.9121E+01 0.4384E+00 0.3684E+00 0.2983E+01 0.4116E+01 0.1173E+00 0.4379E+01 0.1850E+01 0.1116E+01 0.1073E+00 0.1599E+01 0.7468E+01 0.4580E+01 0.2720E+01 0.1094E+00 0.0000E+00
0.0000E+00 0.3357E+01 0.3130E+01 0.1459E+01 0.1568E+01 0.1669E+01 0.8934E+01 0.3444E+00 0.6193E+00 0.2960E+01 0.4046E+01 0.7383E+00 0.4404E+01 0.1990E+01 0.1093E+01 0.7613E+00 0.3804E+00 0.7210E+01 0.4356E+00 0.2715E+01 0.6934E+00 0.0000E+00
0.0000E+00 0.3255E+01 0.3126E+01 0.1429E+01 0.1753E+01 0.1778E+01 0.8812E+01 0.5858E+00 0.9729E+00 0.3056E+01 0.4403E+01 0.6603E+00 0.4334E+01 0.1706E+01 0.1487E+01 0.6556E+00 0.9573E+00 0.6998E+01 0.9969E+00 0.2615E+01 0.9967E+00 0.0000E+00
0.0000E+00 0.3358E+01 0.3137E+01 0.1442E+01 0.1808E+01 0.1613E+01 0.8882E+01 0.5633E+00 0.8669E+00 0.3088E+01 0.4295E+01 0.3257E+00 0.4384E+01 0.1909E+01 0.1669E+01 0.5978E+00 0.1177E+01 0.6838E+01 0.1075E+01 0.3327E+01 0.1120E+01 0.0000E+00
0.0000E+00 0.3585E+01 0.3148E+01 0.1667E+01 0.2058E+01 0.1839E+01 0.8778E+01 0.7460E+00 0.1188E+01 0.3059E+01 0.4285E+01 0.8875E+00 0.4534E+01 0.1660E+01 0.1839E+01 0.1156E+01 0.1219E+01 0.7132E+01 0.9566E+00 0.3048E+01 0.1037E+00 0.0000E+00
0.0000E+00 0.3510E+01 0.3086E+01 0.1718E+01 0.2184E+01 0.1882E+01 0.8790E+01 0.1205E+01 0.1127E+01 0.2973E+01 0.4250E+01 0.1008E+01 0.4492E+01 0.1685E+01 0.1810E+01 0.8176E+01 0.7686E+01 0.6957E+01 0.4621E+00 0.2869E+01 0.6264E+00 0.0000E+00
0.0000E+00 0.3465E+01 0.3029E+01 0.1526E+01 0.2323E+01 0.1674E+01 0.8709E+01 0.1255E+01 0.1452E+01 0.3277E+01 0.4395E+01 0.1400E+01 0.4516E+01 0.3021E+01 0.1585E+01 0.7812E+01 0.3679E+00 0.8201E+00 0.7165E+00 0.2905E+01 0.5262E+00 0.0000E+00
0.0000E+00 0.3550E+01 0.3019E+01 0.1560E+01 0.2311E+01 0.1833E+01 0.8726E+01 0.1690E+01 0.1547E+01 0.3366E+01 0.5279E+01 0.1329E+01 0.4480E+01 0.2866E+01 0.3776E+00 0.7533E+01 0.6131E+00 0.1027E+01 0.5729E+00 0.2763E+01 0.8716E+00 0.0000E+00
0.0000E+00 0.3527E+01 0.3051E+01 0.1812E+01 0.2052E+01 0.2130E+01 0.8768E+01 0.1404E+01 0.1644E+01 0.3404E+01 0.5070E+01 0.7677E-01 0.4550E+01 0.2706E+01 0.6029E+00 0.7364E+01 0.1092E+01 0.8560E+00 0.1071E+01 0.2692E+01 0.1026E+01 0.0000E+00
0.0000E+00 0.3590E+01 0.3275E+01 0.1624E+01 0.1868E+01 0.2225E+01 0.8854E+01 0.1433E+01 0.1474E+01 0.3469E+01 0.4930E+01 0.7069E+00 0.4482E+01 0.2451E+01 0.6264E+00 0.7275E+01 0.9045E+00 0.7688E+00 0.1047E+01 0.3435E+01 0.1061E+01 0.0000E+00
0.0000E+00 0.3702E+01 0.3507E+01 0.3448E+01 0.2214E+01 0.2154E+01 0.9037E+01 0.1396E+01 0.1482E+01 0.3490E+01 0.4800E+01 0.6524E+00 0.4524E+01 0.2497E+01 0.7556E+01 0.7231E+01 0.7922E+00 0.7080E+00 0.1074E+01 0.3528E+01 0.5502E+00 0.0000E+00
0.0000E+00 0.3604E+01 0.3446E+01 0.3128E+01 0.6920E+00 0.2000E+01 0.8946E+01 0.1641E+01 0.1395E+01 0.3455E+01 0.4782E+01 0.1003E+01 0.4502E+01 0.2476E+01 0.7390E+01 0.9765E-01 0.9671E+00 0.7593E+00 0.9501E+00 0.3465E+01 0.1903E+00 0.0000E+00
0.0000E+00 0.3665E+01 0.3379E+01 0.3045E+01 0.1168E+01 0.1075E+02 0.8980E+01 0.1616E+01 0.1748E+01 0.3557E+01 0.4866E+01 0.1368E+01 0.4728E+01 0.2313E+01 0.7340E+01 0.6114E+00 0.8557E+00 0.7923E+00 0.9042E+00 0.3246E+01 0.7174E+00 0.0000E+00
0.0000E+00 0.3605E+01 0.3327E+01 0.3549E+01 0.1014E+01 0.1081E+02 0.3371E+00 0.1626E+01 0.9410E+01 0.8172E+01 0.4856E+01 0.7504E+01 0.6646E+01 0.2245E+01 0.8541E+01 0.1701E+01 0.1118E+01 0.1737E+01 0.1079E+01 0.3840E+01 0.1024E+01 0.0000E+00
0.0000E+00 0.0000E+00 0.0000E+00 0.0000E+00 0.0000E+00 0.0000E+00 0.0000E+00 0.0000E+00 0.0000E+00 0.0000E+00 0.0000E+00 0.0000E+00 0.0000E+00 0.0000E+00 0.0000E+00 0.0000E+00 0.0000E+00 0.0000E+00 0.0000E+00 0.0000E+00 0.0000E+00 0.0000E+00
