p1_rainE_medsm_dschg.asc
ncols     22
nrows     62
xllcorner      0.00000000
yllcorner      0.00000000
cellsize      0.50000000
nodata_value -9999
0.0000E+00 0.0000E+00 0.0000E+00 0.0000E+00 0.0000E+00 0.0000E+00 0.0000E+00 0.0000E+00 0.0000E+00 0.0000E+00 0.0000E+00 0.0000E+00 0.0000E+00 0.0000E+00 0.0000E+00 0.0000E+00 0.0000E+00 0.0000E+00 0.0000E+00 0.0000E+00 0.0000E+00 0.0000E+00
0.0000E+00 0.1787E-03 0.1619E-03 0.6199E-04 0.7234E-04 0.1045E-03 0.6908E-04 0.1201E-03 0.1343E-03 0.8268E-04 0.6789E-04 0.6535E-04 0.7390E-04 0.4898E-04 0.6730E-04 0.3199E-04 0.6441E-04 0.6742E-04 0.7284E-04 0.1782E-03 0.5382E-03 0.0000E+00
0.0000E+00 0.4347E-03 0.1935E-03 0.1200E-03 0.1272E-03 0.1689E-03 0.6190E-04 0.1714E-03 0.1787E-03 0.1400E-03 0.2101E-03 0.1297E-03 0.3056E-03 0.1508E-03 0.1171E-03 0.8947E-04 0.1074E-03 0.1732E-03 0.3670E-03 0.1918E-03 0.3541E-03 0.0000E+00
0.0000E+00 0.3815E-03 0.7150E-03 0.1695E-03 0.2143E-03 0.2396E-03 0.1272E-03 0.1913E-03 0.1942E-03 0.1844E-03 0.2022E-03 0.1619E-03 0.2783E-03 0.1615E-03 0.2326E-03 0.1460E-03 0.1741E-03 0.2118E-03 0.3949E-03 0.4378E-03 0.4013E-03 0.0000E+00
0.0000E+00 0.3891E-03 0.5945E-03 0.2468E-03 0.2487E-03 0.4010E-03 0.1838E-03 0.2143E-03 0.2327E-03 0.2640E-03 0.2298E-03 0.1959E-03 0.3214E-03 0.2468E-03 0.2535E-03 0.1623E-03 0.1972E-03 0.2363E-03 0.7042E-03 0.8066E-03 0.3704E-03 0.0000E+00
0.0000E+00 0.3964E-03 0.5314E-03 0.3075E-03 0.2313E-03 0.4064E-03 0.2312E-03 0.2424E-03 0.2470E-03 0.2830E-03 0.2750E-03 0.2170E-03 0.3301E-03 0.2592E-03 0.2671E-03 0.3885E-03 0.2145E-03 0.2539E-03 0.6510E-03 0.6770E-03 0.3846E-03 0.0000E+00
0.0000E+00 0.4093E-03 0.5167E-03 0.3335E-03 0.2523E-03 0.4281E-03 0.2766E-03 0.2438E-03 0.2794E-03 0.2868E-03 0.3016E-03 0.2330E-03 0.3819E-03 0.2741E-03 0.2779E-03 0.4827E-03 0.3836E-03 0.2632E-03 0.5574E-03 0.5905E-03 0.3754E-03 0.0000E+00
0.0000E+00 0.3777E-03 0.4800E-03 0.3938E-03 0.2629E-03 0.5685E-03 0.3565E-03 0.2616E-03 0.2744E-03 0.2863E-03 0.3319E-03 0.2458E-03 0.3494E-03 0.2924E-03 0.2883E-03 0.5505E-03 0.4965E-03 0.2745E-03 0.9330E-03 0.6347E-03 0.3173E-03 0.0000E+00
0.0000E+00 0.4372E-03 0.7435E-03 0.3818E-03 0.5371E-03 0.6938E-03 0.3793E-03 0.2963E-03 0.2644E-03 0.2793E-03 0.3113E-03 0.2517E-03 0.3272E-03 0.2748E-03 0.3432E-03 0.5418E-03 0.5394E-03 0.3427E-03 0.9927E-03 0.5550E-03 0.3839E-03 0.0000E+00
0.0000E+00 0.3783E-03 0.6717E-03 0.3641E-03 0.5575E-03 0.6444E-03 0.4085E-03 0.3005E-03 0.2701E-03 0.2734E-03 0.2952E-03 0.2537E-03 0.3193E-03 0.2617E-03 0.3262E-03 0.5274E-03 0.4993E-03 0.4136E-03 0.1091E-02 0.5865E-03 0.3326E-03 0.0000E+00
0.0000E+00 0.4922E-03 0.6435E-03 0.3392E-03 0.6815E-03 0.6482E-03 0.3690E-03 0.2943E-03 0.2801E-03 0.2455E-03 0.3209E-03 0.2615E-03 0.3811E-03 0.2447E-03 0.2930E-03 0.6019E-03 0.4111E-03 0.3570E-03 0.1227E-02 0.6125E-03 0.2836E-03 0.0000E+00
0.0000E+00 0.4534E-03 0.6912E-03 0.2677E-03 0.5980E-03 0.5479E-03 0.3539E-03 0.2878E-03 0.3034E-03 0.2574E-03 0.3298E-03 0.2681E-03 0.3721E-03 0.2732E-03 0.2891E-03 0.6462E-03 0.4306E-03 0.3908E-03 0.1168E-02 0.6156E-03 0.3081E-03 0.0000E+00
0.0000E+00 0.3999E-03 0.1430E-02 0.4831E-03 0.5904E-03 0.6045E-03 0.3327E-03 0.3190E-03 0.2874E-03 0.4777E-03 0.4047E-03 0.2700E-03 0.3840E-03 0.3491E-03 0.2661E-03 0.5513E-03 0.3842E-03 0.3129E-03 0.8708E-03 0.5012E-03 0.2727E-03 0.0000E+00
0.0000E+00 0.4732E-03 0.1146E-02 0.4379E-03 0.6528E-03 0.5167E-03 0.3393E-03 0.6460E-03 0.3622E-03 0.4349E-03 0.6367E-03 0.2652E-03 0.3338E-03 0.3582E-03 0.2638E-03 0.4631E-03 0.3562E-03 0.2682E-03 0.9086E-03 0.4449E-03 0.2502E-03 0.0000E+00
0.0000E+00 0.5625E-03 0.9940E-03 0.5674E-03 0.1154E-02 0.8667E-03 0.3729E-03 0.5846E-03 0.6439E-04 0.6693E-04 0.5311E-03 0.2457E-03 0.3578E-03 0.3024E-03 0.2731E-03 0.3872E-03 0.3195E-03 0.2344E-03 0.9093E-03 0.4760E-03 0.2500E-03 0.0000E+00
0.0000E+00 0.6092E-03 0.8268E-03 0.5785E-03 0.1028E-02 0.7448E-03 0.4100E-03 0.5370E-03 0.1860E-03 0.1452E-03 0.4115E-03 0.2505E-03 0.3778E-03 0.2598E-03 0.2468E-03 0.3294E-03 0.2884E-03 0.2507E-03 0.8592E-03 0.3905E-03 0.2755E-03 0.0000E+00
0.0000E+00 0.5272E-03 0.9923E-03 0.5280E-03 0.1063E-02 0.6935E-03 0.5361E-03 0.5188E-03 0.3192E-03 0.3082E-03 0.5703E-03 0.2349E-03 0.3116E-03 0.2295E-03 0.2949E-03 0.2677E-03 0.3793E-03 0.2476E-03 0.6873E-03 0.3259E-03 0.2739E-03 0.0000E+00
0.0000E+00 0.8096E-03 0.1048E-02 0.8915E-03 0.1660E-02 0.6776E-03 0.6606E-03 0.5003E-03 0.6100E-03 0.5261E-03 0.1216E-02 0.2547E-03 0.4485E-03 0.2374E-03 0.2871E-03 0.2989E-03 0.4779E-03 0.3833E-03 0.5440E-03 0.2887E-03 0.2696E-03 0.0000E+00
0.0000E+00 0.1174E-02 0.8732E-03 0.7641E-03 0.2353E-02 0.6563E-03 0.7984E-03 0.1286E-02 0.5419E-03 0.7292E-03 0.1045E-02 0.2832E-03 0.4069E-03 0.2427E-03 0.2863E-03 0.2671E-03 0.7326E-03 0.9355E-03 0.7849E-03 0.2508E-03 0.2626E-03 0.0000E+00
0.0000E+00 0.1221E-02 0.8528E-03 0.7693E-03 0.2634E-02 0.1047E-02 0.9579E-03 0.1636E-02 0.3263E-04 0.1054E-02 0.1324E-02 0.2914E-03 0.5435E-03 0.4247E-03 0.6440E-03 0.4138E-03 0.1523E-02 0.1676E-02 0.6425E-03 0.2557E-03 0.3836E-03 0.0000E+00
0.0000E+00 0.1365E-02 0.7211E-03 0.7214E-03 0.2244E-02 0.3681E-02 0.2901E-02 0.1769E-02 0.1413E-03 0.1404E-02 0.1597E-02 0.2626E-03 0.4995E-03 0.4033E-03 0.1213E-02 0.6740E-03 0.1189E-02 0.1306E-02 0.6160E-03 0.4378E-03 0.7447E-03 0.0000E+00
0.0000E+00 0.1265E-02 0.5827E-03 0.6382E-03 0.1267E-03 0.6244E-02 0.2804E-02 0.8609E-04 0.1970E-03 0.1331E-02 0.1634E-02 0.7643E-03 0.5827E-03 0.3411E-03 0.9885E-03 0.6595E-04 0.1450E-02 0.2498E-02 0.9020E-03 0.5768E-03 0.1039E-02 0.0000E+00
0.0000E+00 0.1076E-02 0.4790E-03 0.5644E-03 0.2273E-03 0.6443E-02 0.7489E-04 0.6480E-04 0.2451E-03 0.1169E-02 0.1530E-02 0.6415E-03 0.6361E-04 0.5209E-03 0.8142E-03 0.1600E-03 0.1672E-03 0.2604E-02 0.1146E-02 0.4995E-03 0.1143E-02 0.0000E+00
0.0000E+00 0.1185E-02 0.6188E-03 0.1026E-02 0.2662E-03 0.5997E-02 0.1287E-03 0.1344E-03 0.2597E-03 0.1004E-02 0.1302E-02 0.5911E-03 0.1242E-03 0.4257E-03 0.6565E-03 0.2031E-03 0.2113E-03 0.2554E-02 0.1257E-02 0.2003E-02 0.1204E-02 0.0000E+00
0.0000E+00 0.1399E-02 0.8735E-03 0.1135E-02 0.7453E-04 0.5553E-02 0.1728E-03 0.3606E-03 0.2420E-03 0.8223E-03 0.1065E-02 0.4692E-03 0.1692E-03 0.3610E-03 0.5065E-03 0.2651E-03 0.2362E-03 0.2573E-02 0.1069E-02 0.2030E-02 0.9428E-04 0.0000E+00
0.0000E+00 0.1215E-02 0.8605E-03 0.9615E-03 0.1765E-03 0.5391E-02 0.2319E-03 0.3303E-03 0.6347E-04 0.6674E-03 0.8656E-03 0.3736E-03 0.2046E-03 0.3659E-03 0.3653E-03 0.2546E-03 0.3042E-03 0.2313E-02 0.1032E-02 0.1795E-02 0.1482E-03 0.0000E+00
0.0000E+00 0.9797E-03 0.1029E-02 0.1170E-02 0.1973E-03 0.5708E-02 0.5713E-02 0.3478E-03 0.1204E-03 0.5167E-03 0.6724E-03 0.2831E-03 0.2337E-03 0.3807E-03 0.2624E-03 0.3519E-03 0.3476E-03 0.2056E-02 0.9997E-03 0.1687E-02 0.1931E-03 0.0000E+00
0.0000E+00 0.1967E-02 0.9221E-03 0.1094E-02 0.7483E-04 0.3704E-03 0.6245E-02 0.7984E-03 0.5016E-03 0.4103E-03 0.4864E-03 0.3654E-03 0.3292E-03 0.3168E-03 0.2209E-03 0.3265E-03 0.3471E-03 0.1665E-02 0.3747E-02 0.1479E-02 0.2166E-03 0.0000E+00
0.0000E+00 0.2465E-02 0.5748E-04 0.1428E-02 0.2042E-03 0.2459E-03 0.5833E-02 0.7239E-04 0.1246E-03 0.7177E-04 0.4367E-03 0.3942E-03 0.9372E-03 0.3867E-03 0.2186E-03 0.3021E-03 0.3214E-03 0.7963E-04 0.3332E-02 0.1286E-03 0.3058E-03 0.0000E+00
0.0000E+00 0.1981E-02 0.7566E-04 0.1177E-02 0.2895E-03 0.2982E-03 0.6020E-02 0.7707E-04 0.1727E-03 0.1325E-03 0.3350E-03 0.3687E-03 0.1154E-02 0.6170E-03 0.3039E-03 0.8386E-03 0.4438E-03 0.1491E-03 0.2895E-02 0.1791E-03 0.4221E-03 0.0000E+00
0.0000E+00 0.2079E-02 0.1332E-03 0.1023E-02 0.2790E-03 0.3234E-03 0.5948E-02 0.1883E-03 0.2032E-03 0.3512E-03 0.2899E-03 0.3458E-03 0.1031E-02 0.5745E-03 0.3784E-03 0.1437E-02 0.6293E-03 0.2114E-03 0.2491E-02 0.2318E-03 0.4650E-03 0.0000E+00
0.0000E+00 0.1819E-02 0.1727E-03 0.9696E-03 0.5194E-03 0.8273E-03 0.6040E-02 0.2041E-03 0.4644E-03 0.4433E-03 0.3986E-03 0.4519E-03 0.9586E-03 0.7004E-03 0.3109E-03 0.1513E-02 0.9184E-03 0.2942E-03 0.2107E-02 0.6158E-03 0.4603E-03 0.0000E+00
0.0000E+00 0.1485E-02 0.2131E-03 0.9846E-03 0.4529E-03 0.8424E-03 0.5375E-02 0.2280E-03 0.6433E-03 0.4656E-03 0.4841E-03 0.2091E-02 0.1627E-02 0.7942E-03 0.6670E-04 0.1376E-02 0.1162E-02 0.3207E-03 0.1860E-02 0.5744E-03 0.7844E-04 0.0000E+00
0.0000E+00 0.1193E-02 0.2097E-03 0.9906E-03 0.4137E-03 0.8158E-03 0.4696E-02 0.3169E-03 0.1092E-02 0.6680E-03 0.5730E-03 0.1850E-02 0.6892E-04 0.7733E-04 0.9386E-04 0.1173E-02 0.8964E-03 0.3327E-03 0.1522E-02 0.5202E-03 0.3059E-03 0.0000E+00
0.0000E+00 0.1080E-02 0.2334E-03 0.7892E-03 0.7751E-03 0.7470E-03 0.4013E-02 0.4279E-03 0.1386E-02 0.6780E-03 0.4946E-03 0.1679E-02 0.2307E-03 0.1389E-03 0.1632E-03 0.9133E-03 0.7060E-03 0.3732E-03 0.1120E-02 0.3833E-03 0.3711E-03 0.0000E+00
0.0000E+00 0.9246E-03 0.2108E-03 0.7397E-03 0.1052E-02 0.7163E-03 0.3739E-02 0.1639E-02 0.1394E-02 0.8232E-03 0.4632E-03 0.1505E-02 0.4209E-03 0.2422E-03 0.1802E-03 0.1196E-02 0.5218E-03 0.3513E-03 0.6765E-03 0.3026E-03 0.3285E-03 0.0000E+00
0.0000E+00 0.8716E-03 0.1986E-03 0.7165E-03 0.1171E-02 0.6637E-03 0.4971E-02 0.1380E-02 0.1329E-03 0.1011E-02 0.1408E-02 0.1513E-02 0.7357E-03 0.5506E-03 0.1962E-03 0.1286E-02 0.6930E-04 0.3391E-03 0.3434E-03 0.2431E-03 0.3045E-03 0.0000E+00
0.0000E+00 0.7257E-03 0.7078E-04 0.5914E-03 0.9787E-03 0.5743E-03 0.4708E-02 0.9641E-04 0.1837E-03 0.8082E-04 0.1242E-02 0.1507E-02 0.6401E-03 0.7683E-03 0.3458E-03 0.1124E-02 0.1244E-03 0.3027E-03 0.2484E-03 0.4999E-03 0.4615E-03 0.0000E+00
0.0000E+00 0.6153E-03 0.1103E-03 0.4759E-03 0.8236E-03 0.8744E-03 0.4641E-02 0.2008E-03 0.2701E-03 0.1734E-03 0.1217E-02 0.1426E-02 0.7551E-03 0.7590E-03 0.3076E-03 0.9257E-03 0.1758E-03 0.3038E-03 0.2609E-03 0.6142E-03 0.6878E-03 0.0000E+00
0.0000E+00 0.5866E-03 0.1983E-03 0.1354E-02 0.1107E-02 0.9877E-03 0.4779E-02 0.2883E-03 0.2795E-03 0.2176E-03 0.1074E-02 0.1520E-02 0.7765E-03 0.7059E-03 0.3336E-03 0.1419E-02 0.2128E-03 0.2836E-03 0.3253E-03 0.5330E-03 0.9829E-03 0.0000E+00
0.0000E+00 0.5620E-03 0.1127E-02 0.1144E-02 0.6871E-04 0.7987E-03 0.4471E-02 0.3021E-03 0.3242E-03 0.1076E-02 0.8691E-03 0.1505E-02 0.3758E-02 0.2926E-02 0.2620E-02 0.2518E-02 0.7240E-03 0.5827E-03 0.4611E-03 0.7015E-03 0.9496E-03 0.0000E+00
0.0000E+00 0.4728E-03 0.1379E-02 0.1203E-03 0.1269E-03 0.8678E-03 0.5305E-02 0.2951E-03 0.3758E-03 0.1044E-02 0.2878E-03 0.1164E-02 0.3683E-02 0.6856E-04 0.1562E-03 0.7587E-04 0.7330E-04 0.8787E-03 0.5549E-03 0.6275E-03 0.9292E-03 0.0000E+00
0.0000E+00 0.3882E-03 0.1204E-02 0.1462E-03 0.3126E-03 0.9860E-03 0.4871E-02 0.8111E-04 0.3278E-03 0.8047E-03 0.2765E-03 0.9449E-03 0.3305E-02 0.1280E-03 0.2059E-03 0.2003E-03 0.2275E-03 0.1179E-02 0.5101E-03 0.7065E-03 0.9576E-03 0.0000E+00
0.0000E+00 0.4341E-03 0.9864E-03 0.7105E-03 0.2967E-03 0.8049E-03 0.4161E-02 0.2475E-03 0.3040E-03 0.7368E-03 0.5413E-03 0.1071E-02 0.3880E-02 0.7764E-03 0.2135E-03 0.2123E-03 0.3209E-03 0.1518E-02 0.6376E-03 0.6272E-03 0.8698E-03 0.0000E+00
0.0000E+00 0.3510E-03 0.9038E-03 0.7520E-03 0.8909E-03 0.8216E-03 0.3952E-02 0.2892E-03 0.2654E-03 0.7000E-03 0.6636E-03 0.1759E-02 0.4112E-02 0.1293E-02 0.3322E-03 0.2335E-03 0.4171E-03 0.1304E-02 0.6801E-03 0.1318E-02 0.7721E-03 0.0000E+00
0.0000E+00 0.3663E-03 0.9273E-03 0.6848E-03 0.1393E-02 0.8478E-03 0.3304E-02 0.4920E-03 0.2496E-03 0.5286E-03 0.6598E-03 0.2428E-02 0.3629E-02 0.1620E-02 0.4133E-03 0.3396E-03 0.3864E-03 0.1390E-02 0.7765E-03 0.1267E-02 0.7614E-04 0.0000E+00
0.0000E+00 0.4656E-03 0.9823E-03 0.6233E-03 0.1175E-02 0.7828E-03 0.3156E-02 0.4468E-03 0.7719E-04 0.3996E-03 0.3064E-02 0.2649E-02 0.3230E-02 0.1990E-02 0.5499E-03 0.4690E-03 0.1029E-02 0.1126E-02 0.6433E-03 0.1372E-02 0.1712E-03 0.0000E+00
0.0000E+00 0.4727E-03 0.1097E-02 0.1136E-02 0.1523E-02 0.6698E-03 0.2606E-02 0.8147E-04 0.1339E-03 0.3336E-03 0.2499E-02 0.7041E-04 0.2818E-02 0.1964E-02 0.4797E-03 0.7040E-04 0.1132E-02 0.2967E-02 0.5810E-03 0.1158E-02 0.7303E-04 0.0000E+00
0.0000E+00 0.4905E-03 0.1031E-02 0.1475E-02 0.1532E-02 0.6556E-03 0.2542E-02 0.7334E-04 0.1786E-03 0.3038E-03 0.2399E-02 0.1586E-03 0.2528E-02 0.2554E-02 0.4668E-03 0.3131E-03 0.8495E-04 0.2779E-02 0.1015E-03 0.1010E-02 0.1759E-03 0.0000E+00
0.0000E+00 0.4053E-03 0.1233E-02 0.1365E-02 0.2025E-02 0.1283E-02 0.3100E-02 0.1590E-03 0.5026E-03 0.4921E-03 0.2857E-02 0.1965E-03 0.2141E-02 0.2224E-02 0.9146E-03 0.3227E-03 0.2254E-03 0.2566E-02 0.6360E-03 0.8347E-03 0.2798E-03 0.0000E+00
0.0000E+00 0.3634E-03 0.1203E-02 0.1476E-02 0.1942E-02 0.1024E-02 0.2832E-02 0.2000E-03 0.4191E-03 0.5300E-03 0.2669E-02 0.9328E-04 0.2096E-02 0.2796E-02 0.1502E-02 0.3300E-03 0.3744E-03 0.2783E-02 0.7147E-03 0.1328E-02 0.4550E-03 0.0000E+00
0.0000E+00 0.9509E-03 0.2081E-02 0.2257E-02 0.2811E-02 0.2105E-02 0.3056E-02 0.2340E-03 0.5909E-03 0.6044E-03 0.2563E-02 0.1616E-03 0.1904E-02 0.2402E-02 0.1928E-02 0.1123E-02 0.5372E-03 0.3077E-02 0.7365E-03 0.1301E-02 0.7496E-04 0.0000E+00
0.0000E+00 0.7320E-03 0.1785E-02 0.2690E-02 0.3583E-02 0.2715E-02 0.2694E-02 0.2931E-03 0.5920E-03 0.4664E-03 0.2261E-02 0.2085E-03 0.1540E-02 0.2352E-02 0.2419E-02 0.4969E-02 0.3222E-02 0.2881E-02 0.1115E-03 0.1199E-02 0.3699E-03 0.0000E+00
0.0000E+00 0.6329E-03 0.1510E-02 0.2261E-02 0.4056E-02 0.2296E-02 0.2204E-02 0.3363E-03 0.5598E-03 0.8405E-03 0.2429E-02 0.4528E-03 0.1505E-02 0.5219E-02 0.2014E-02 0.5693E-02 0.1944E-03 0.2343E-03 0.1948E-03 0.1099E-02 0.3025E-03 0.0000E+00
0.0000E+00 0.8373E-03 0.1255E-02 0.1982E-02 0.3897E-02 0.2168E-02 0.2325E-02 0.4588E-03 0.5283E-03 0.1424E-02 0.3689E-02 0.7726E-03 0.1409E-02 0.5182E-02 0.3187E-03 0.6112E-02 0.3887E-03 0.4016E-03 0.2178E-03 0.9009E-03 0.4213E-03 0.0000E+00
0.0000E+00 0.7667E-03 0.1126E-02 0.1754E-02 0.3423E-02 0.1943E-02 0.2073E-02 0.4161E-03 0.6577E-03 0.2510E-02 0.3638E-02 0.5705E-04 0.1539E-02 0.4830E-02 0.3683E-03 0.5486E-02 0.4653E-03 0.3547E-03 0.3073E-03 0.7139E-03 0.5436E-03 0.0000E+00
0.0000E+00 0.6825E-03 0.9541E-03 0.1506E-02 0.3043E-02 0.1781E-02 0.1741E-02 0.3694E-03 0.5310E-03 0.3478E-02 0.3276E-02 0.2636E-03 0.1609E-02 0.4372E-02 0.4394E-03 0.5069E-02 0.4182E-03 0.3409E-03 0.3030E-03 0.1286E-02 0.5794E-03 0.0000E+00
0.0000E+00 0.6223E-03 0.9896E-03 0.4928E-02 0.3511E-02 0.1535E-02 0.1446E-02 0.3353E-03 0.4535E-03 0.4005E-02 0.2881E-02 0.2899E-03 0.1622E-02 0.4571E-02 0.5509E-02 0.4957E-02 0.3831E-03 0.3359E-03 0.2964E-03 0.1283E-02 0.1786E-03 0.0000E+00
0.0000E+00 0.5156E-03 0.1083E-02 0.4455E-02 0.3614E-03 0.1308E-02 0.1134E-02 0.3328E-03 0.3770E-03 0.3457E-02 0.2638E-02 0.3140E-03 0.1273E-02 0.4463E-02 0.4951E-02 0.5147E-04 0.3682E-03 0.3818E-03 0.2613E-03 0.1118E-02 0.7737E-04 0.0000E+00
0.0000E+00 0.5081E-03 0.8690E-03 0.4080E-02 0.8325E-03 0.2043E-02 0.8722E-03 0.3302E-03 0.4105E-03 0.3202E-02 0.2322E-02 0.3243E-03 0.1072E-02 0.4036E-02 0.4902E-02 0.1173E-03 0.3148E-03 0.4449E-03 0.2556E-03 0.9351E-03 0.1430E-03 0.0000E+00
0.0000E+00 0.4138E-03 0.7746E-03 0.4297E-02 0.6756E-03 0.2027E-02 0.6981E-04 0.3062E-03 0.5014E-02 0.5041E-02 0.1980E-02 0.4053E-02 0.4196E-02 0.3591E-02 0.5684E-02 0.3871E-03 0.3038E-03 0.1024E-02 0.4271E-03 0.9743E-03 0.2023E-03 0.0000E+00
0.0000E+00 0.0000E+00 0.0000E+00 0.0000E+00 0.0000E+00 0.0000E+00 0.0000E+00 0.0000E+00 0.0000E+00 0.0000E+00 0.0000E+00 0.0000E+00 0.0000E+00 0.0000E+00 0.0000E+00 0.0000E+00 0.0000E+00 0.0000E+00 0.0000E+00 0.0000E+00 0.0000E+00 0.0000E+00
