p1_rainC_medsm_sedtr.asc
ncols     22
nrows     62
xllcorner      0.00000000
yllcorner      0.00000000
cellsize      0.50000000
nodata_value -9999
0.0000E+00 0.0000E+00 0.0000E+00 0.0000E+00 0.0000E+00 0.0000E+00 0.0000E+00 0.0000E+00 0.0000E+00 0.0000E+00 0.0000E+00 0.0000E+00 0.0000E+00 0.0000E+00 0.0000E+00 0.0000E+00 0.0000E+00 0.0000E+00 0.0000E+00 0.0000E+00 0.0000E+00 0.0000E+00
0.0000E+00 0.1402E-01 0.8634E-02 0.7183E-03 0.2977E-02 0.1860E-01 0.1467E-02 0.7695E-02 0.1431E-01 0.3831E-02 0.1364E-02 0.3866E-02 0.2431E-02 0.1846E-02 0.2555E-02 0.1043E-03 0.9133E-03 0.2190E-02 0.6792E-02 0.1466E-01 0.1568E-01 0.0000E+00
0.0000E+00 0.4019E-01 0.5507E-02 0.4345E-02 0.7331E-02 0.1973E-01 0.4582E-02 0.2347E-01 0.1123E-01 0.9067E-02 0.2024E-01 0.1045E-01 0.2225E-01 0.9627E-02 0.1681E-02 0.1795E-02 0.3487E-02 0.6999E-02 0.3125E-01 0.6051E-02 0.5106E-02 0.0000E+00
0.0000E+00 0.1859E-01 0.4287E-01 0.8198E-02 0.3260E-01 0.2037E-01 0.4669E-02 0.8512E-02 0.4315E-02 0.1197E-01 0.8674E-02 0.3819E-02 0.8085E-02 0.4497E-02 0.2949E-01 0.8436E-02 0.1449E-01 0.7447E-02 0.1740E-01 0.2381E-01 0.1955E-01 0.0000E+00
0.0000E+00 0.2032E-01 0.7523E-01 0.4113E-01 0.4228E-01 0.6175E-01 0.3054E-01 0.2601E-01 0.3142E-01 0.2510E-01 0.7093E-02 0.7869E-02 0.3985E-01 0.1797E-01 0.1574E-01 0.1065E-01 0.1166E-01 0.5294E-02 0.1187E-01 0.3184E-01 0.1087E-01 0.0000E+00
0.0000E+00 0.3038E-01 0.5119E-01 0.6667E-01 0.1923E-01 0.5586E-01 0.5477E-01 0.4083E-01 0.1318E-01 0.3079E-01 0.2476E-01 0.6640E-02 0.2464E-01 0.1283E-01 0.1008E-01 0.3429E-01 0.8783E-02 0.6777E-02 0.1939E-01 0.1667E-01 0.5006E-01 0.0000E+00
0.0000E+00 0.4360E-01 0.8592E-01 0.4678E-01 0.5743E-01 0.6527E-01 0.7063E-01 0.1621E-01 0.3810E-01 0.2228E-01 0.2780E-01 0.1833E-01 0.3406E-01 0.1060E-01 0.8549E-02 0.3658E-01 0.1023E-01 0.6740E-02 0.1429E-01 0.1068E-01 0.2067E-01 0.0000E+00
0.0000E+00 0.1814E-01 0.5398E-01 0.4240E-01 0.2327E-01 0.4858E-01 0.5463E-01 0.2280E-01 0.2349E-01 0.1369E-01 0.6557E-01 0.2171E-01 0.1623E-01 0.4370E-01 0.1234E-01 0.4925E-01 0.9343E-02 0.5707E-02 0.3572E-01 0.1558E-01 0.1159E-01 0.0000E+00
0.0000E+00 0.3686E-01 0.4869E-01 0.2262E-01 0.4532E-01 0.3431E-01 0.2384E-01 0.4066E-01 0.1761E-01 0.9214E-02 0.2467E-01 0.1899E-01 0.1281E-01 0.1630E-01 0.1153E-01 0.3621E-01 0.2027E-01 0.4802E-02 0.2367E-01 0.9893E-02 0.3381E-01 0.0000E+00
0.0000E+00 0.2101E-01 0.4594E-01 0.2826E-01 0.4187E-01 0.2426E-01 0.3287E-01 0.2221E-01 0.4357E-01 0.2773E-01 0.1659E-01 0.2618E-01 0.3675E-01 0.2604E-01 0.1814E-01 0.4475E-01 0.1736E-01 0.7066E-02 0.2194E-01 0.3132E-01 0.1265E-01 0.0000E+00
0.0000E+00 0.1703E-01 0.3299E-01 0.1759E-01 0.4007E-01 0.5944E-01 0.2031E-01 0.1300E-01 0.3339E-01 0.1077E-01 0.4165E-01 0.1286E-01 0.3214E-01 0.1242E-01 0.9102E-02 0.4513E-01 0.7545E-02 0.9444E-02 0.5763E-01 0.2968E-01 0.8074E-02 0.0000E+00
0.0000E+00 0.9627E-02 0.2611E-01 0.1200E-01 0.1810E-01 0.2140E-01 0.2892E-01 0.1029E-01 0.2084E-01 0.2221E-01 0.3194E-01 0.9244E-02 0.1500E-01 0.3551E-01 0.2115E-01 0.2560E-01 0.2710E-01 0.1261E-01 0.2890E-01 0.2060E-01 0.1891E-01 0.0000E+00
0.0000E+00 0.2224E-01 0.6890E-01 0.3262E-01 0.4812E-01 0.3340E-01 0.1245E-01 0.5022E-01 0.1372E-01 0.3665E-01 0.3937E-01 0.7475E-02 0.1277E-01 0.2869E-01 0.9003E-02 0.1844E-01 0.1222E-01 0.3664E-02 0.1678E-01 0.1218E-01 0.7462E-02 0.0000E+00
0.0000E+00 0.1806E-01 0.2624E-01 0.1946E-01 0.3641E-01 0.1389E-01 0.6083E-01 0.4358E-01 0.1054E-01 0.1682E-01 0.1876E-01 0.9181E-02 0.1086E-01 0.2749E-01 0.2218E-01 0.1514E-01 0.3039E-01 0.2019E-01 0.2929E-01 0.1970E-01 0.1384E-01 0.0000E+00
0.0000E+00 0.3723E-01 0.1961E-01 0.5201E-01 0.5873E-01 0.3492E-01 0.5903E-01 0.2101E-01 0.1950E-02 0.2777E-02 0.5927E-01 0.1275E-01 0.2344E-01 0.1185E-01 0.2400E-01 0.1142E-01 0.4038E-01 0.1057E-01 0.4907E-01 0.1786E-01 0.3548E-01 0.0000E+00
0.0000E+00 0.7180E-01 0.2669E-01 0.5345E-01 0.5139E-01 0.3884E-01 0.3686E-01 0.1985E-01 0.5092E-01 0.2634E-01 0.8919E-01 0.1879E-01 0.1914E-01 0.8246E-02 0.8398E-02 0.1031E-01 0.2139E-01 0.1341E-01 0.4224E-01 0.1400E-01 0.3206E-01 0.0000E+00
0.0000E+00 0.2903E-01 0.1019E+00 0.2761E-01 0.8013E-01 0.3483E-01 0.6307E-01 0.4369E-01 0.5668E-01 0.5131E-01 0.9692E-01 0.6657E-02 0.1018E-01 0.1018E-01 0.5037E-01 0.8722E-02 0.1836E-01 0.6741E-02 0.3550E-01 0.1076E-01 0.3257E-01 0.0000E+00
0.0000E+00 0.5504E-01 0.6083E-01 0.2483E-01 0.6772E-01 0.1808E-01 0.4863E-01 0.3045E-01 0.3948E-01 0.4589E-01 0.8241E-01 0.4926E-02 0.3339E-01 0.1590E-01 0.2260E-01 0.6258E-01 0.2342E-01 0.2927E-01 0.4767E-01 0.2645E-01 0.4150E-01 0.0000E+00
0.0000E+00 0.9026E-01 0.6298E-01 0.2141E-01 0.9965E-01 0.7073E-01 0.4515E-01 0.5417E-01 0.2013E-01 0.2792E-01 0.5080E-01 0.7203E-02 0.3110E-01 0.1385E-01 0.2384E-01 0.3280E-01 0.3160E-01 0.3680E-01 0.6329E-01 0.1179E-01 0.2193E-01 0.0000E+00
0.0000E+00 0.4591E-01 0.7969E-01 0.2591E-01 0.4744E-01 0.7303E-01 0.6684E-01 0.3940E-01 0.9979E-03 0.5139E-01 0.5494E-01 0.4126E-02 0.4427E-01 0.1487E-01 0.1549E-01 0.2960E-01 0.5940E-01 0.6651E-01 0.4676E-01 0.1312E-01 0.7657E-01 0.0000E+00
0.0000E+00 0.6537E-01 0.7106E-01 0.2916E-01 0.3191E-01 0.8463E-01 0.6640E-01 0.6042E-01 0.6735E-02 0.5780E-01 0.6534E-01 0.1505E-02 0.1729E-01 0.1344E-01 0.1956E-01 0.1410E-01 0.2073E-01 0.3104E-01 0.7226E-01 0.4064E-01 0.6496E-01 0.0000E+00
0.0000E+00 0.5871E-01 0.4649E-01 0.4642E-01 0.1436E-01 0.1011E+00 0.5329E-01 0.7571E-02 0.1654E-01 0.3052E-01 0.4673E-01 0.1190E-01 0.1272E-01 0.1830E-01 0.2120E-01 0.4314E-03 0.3005E-01 0.3559E-01 0.4863E-01 0.5346E-01 0.4616E-01 0.0000E+00
0.0000E+00 0.3197E-01 0.3942E-01 0.4518E-01 0.2654E-01 0.9526E-01 0.3260E-02 0.4229E-02 0.3861E-01 0.4296E-01 0.5473E-01 0.9846E-02 0.1216E-02 0.2831E-01 0.2410E-01 0.3730E-01 0.1862E-01 0.7680E-01 0.5332E-01 0.2648E-01 0.3578E-01 0.0000E+00
0.0000E+00 0.5548E-01 0.4648E-01 0.3601E-01 0.1550E-01 0.9530E-01 0.3572E-02 0.1638E-01 0.1707E-01 0.4185E-01 0.5442E-01 0.3679E-01 0.5074E-02 0.1361E-01 0.3401E-01 0.1329E-01 0.2656E-01 0.6656E-01 0.3336E-01 0.3895E-01 0.4949E-01 0.0000E+00
0.0000E+00 0.5164E-01 0.6708E-01 0.2953E-01 0.3260E-02 0.1083E+00 0.4559E-02 0.1106E-01 0.7284E-02 0.1837E-01 0.3296E-01 0.1940E-01 0.6109E-02 0.1351E-01 0.2944E-01 0.1032E-01 0.1502E-01 0.3923E-01 0.2304E-01 0.3017E-01 0.4182E-02 0.0000E+00
0.0000E+00 0.3476E-01 0.8372E-01 0.2091E-01 0.2026E-01 0.1405E+00 0.4897E-01 0.2060E-01 0.2380E-02 0.1607E-01 0.2994E-01 0.1312E-01 0.1066E-01 0.1469E-01 0.1860E-01 0.5614E-02 0.2548E-01 0.4151E-01 0.5834E-01 0.4281E-01 0.1040E-01 0.0000E+00
0.0000E+00 0.3185E-01 0.5113E-01 0.4025E-01 0.6798E-02 0.9759E-01 0.1172E+00 0.3504E-01 0.6572E-02 0.1252E-01 0.2583E-01 0.1934E-01 0.1898E-01 0.1022E-01 0.1820E-01 0.3204E-01 0.2949E-01 0.7334E-01 0.9452E-01 0.7646E-01 0.1566E-01 0.0000E+00
0.0000E+00 0.5144E-01 0.3436E-01 0.2911E-01 0.2780E-02 0.1780E-01 0.9812E-01 0.3114E-01 0.4596E-01 0.2602E-01 0.2311E-01 0.5703E-01 0.2347E-01 0.8597E-02 0.3589E-01 0.1060E-01 0.2359E-01 0.3233E-01 0.7881E-01 0.4669E-01 0.1157E-01 0.0000E+00
0.0000E+00 0.3866E-01 0.5271E-03 0.4523E-01 0.2371E-01 0.1111E-01 0.8883E-01 0.2541E-02 0.1514E-01 0.1015E-01 0.5376E-01 0.3079E-01 0.3511E-01 0.4693E-01 0.2614E-01 0.8051E-02 0.1235E-01 0.1069E-01 0.7684E-01 0.1329E-01 0.2617E-01 0.0000E+00
0.0000E+00 0.3990E-01 0.3172E-02 0.2069E-01 0.1189E-01 0.8100E-02 0.1547E+00 0.1549E-01 0.2836E-01 0.1008E-01 0.5983E-01 0.3185E-01 0.4396E-01 0.7137E-01 0.9286E-01 0.7126E-01 0.1901E-01 0.3209E-01 0.7066E-01 0.6604E-02 0.4793E-01 0.0000E+00
0.0000E+00 0.1300E+00 0.5198E-02 0.7295E-01 0.2136E-01 0.1549E-01 0.2047E+00 0.1822E-01 0.1526E-01 0.1658E-01 0.5685E-01 0.1091E+00 0.6166E-01 0.6419E-01 0.6222E-01 0.6337E-01 0.2011E-01 0.1506E-01 0.7485E-01 0.1947E-01 0.2363E-01 0.0000E+00
0.0000E+00 0.1584E+00 0.9974E-02 0.7071E-01 0.3157E-01 0.4887E-01 0.1934E+00 0.1539E-01 0.4835E-01 0.2424E-01 0.7795E-01 0.8966E-01 0.6735E-01 0.5938E-01 0.2948E-01 0.3627E-01 0.1546E-01 0.1860E-01 0.8593E-01 0.2116E-01 0.2520E-01 0.0000E+00
0.0000E+00 0.9428E-01 0.1221E-01 0.1167E+00 0.1216E-01 0.2678E-01 0.1305E+00 0.1254E-01 0.4740E-01 0.2413E-01 0.6986E-01 0.9436E-01 0.6209E-01 0.5775E-01 0.1234E-02 0.2957E-01 0.5470E-02 0.6393E-02 0.7670E-01 0.2008E-01 0.5818E-02 0.0000E+00
0.0000E+00 0.8047E-01 0.4746E-02 0.1126E+00 0.1310E-01 0.2748E-01 0.9694E-01 0.2051E-01 0.3977E-01 0.2913E-01 0.6526E-01 0.7623E-01 0.2467E-02 0.4292E-02 0.1634E-01 0.5046E-01 0.1027E-01 0.7389E-02 0.7549E-01 0.1141E-01 0.1323E-01 0.0000E+00
0.0000E+00 0.1154E+00 0.2223E-01 0.5656E-01 0.4294E-01 0.1484E-01 0.8906E-01 0.3709E-01 0.3552E-01 0.1527E-01 0.4450E-01 0.1182E+00 0.3553E-01 0.6843E-02 0.7908E-02 0.4315E-01 0.2081E-01 0.4209E-01 0.7139E-01 0.7714E-02 0.1254E-01 0.0000E+00
0.0000E+00 0.1115E+00 0.5845E-02 0.4574E-01 0.3748E-01 0.3224E-01 0.1752E+00 0.2602E-01 0.1988E-01 0.1580E-01 0.8495E-01 0.1326E+00 0.3970E-01 0.2170E-01 0.4117E-02 0.3582E-01 0.1380E-01 0.3131E-01 0.5672E-01 0.7895E-02 0.1945E-01 0.0000E+00
0.0000E+00 0.7194E-01 0.5698E-02 0.7205E-01 0.3547E-01 0.2546E-01 0.1795E+00 0.2424E-01 0.9550E-02 0.3181E-01 0.6130E-01 0.1454E+00 0.4214E-01 0.4151E-01 0.4833E-02 0.9044E-01 0.2130E-02 0.5367E-01 0.7640E-01 0.7127E-02 0.9246E-02 0.0000E+00
0.0000E+00 0.5856E-01 0.1814E-02 0.5810E-01 0.2328E-01 0.1397E-01 0.1799E+00 0.1251E-01 0.7779E-02 0.4350E-02 0.4823E-01 0.1279E+00 0.1789E-01 0.2903E-01 0.3331E-01 0.7006E-01 0.1528E-01 0.2029E-01 0.5152E-01 0.4875E-01 0.6096E-01 0.0000E+00
0.0000E+00 0.6531E-01 0.2866E-01 0.5084E-01 0.1686E-01 0.5385E-01 0.1904E+00 0.1424E-01 0.4910E-01 0.4215E-01 0.1134E+00 0.9636E-01 0.3982E-01 0.1959E-01 0.1192E-01 0.8168E-01 0.1449E-01 0.3717E-01 0.7585E-01 0.5298E-01 0.5335E-01 0.0000E+00
0.0000E+00 0.8831E-01 0.2547E-01 0.5135E-01 0.5378E-01 0.3501E-01 0.1842E+00 0.1431E-01 0.1884E-01 0.1890E-01 0.5832E-01 0.1069E+00 0.5598E-01 0.2303E-01 0.3470E-01 0.7583E-01 0.8182E-02 0.1975E-01 0.9807E-01 0.3896E-01 0.6593E-01 0.0000E+00
0.0000E+00 0.9457E-01 0.4567E-01 0.4279E-01 0.2278E-02 0.1976E-01 0.1462E+00 0.8897E-02 0.1800E-01 0.7093E-01 0.4137E-01 0.9673E-01 0.8717E-01 0.5281E-01 0.5832E-01 0.4060E-01 0.1157E-01 0.2320E-01 0.9347E-01 0.6474E-01 0.3203E-01 0.0000E+00
0.0000E+00 0.6679E-01 0.1082E+00 0.1480E-01 0.7318E-02 0.8501E-01 0.1495E+00 0.1201E-01 0.1007E-01 0.4410E-01 0.2198E-01 0.7603E-01 0.7597E-01 0.1616E-02 0.1677E-01 0.3178E-02 0.1945E-02 0.4778E-01 0.9874E-01 0.3184E-01 0.3929E-01 0.0000E+00
0.0000E+00 0.6270E-01 0.8367E-01 0.8075E-02 0.1495E-01 0.4734E-01 0.1461E+00 0.1383E-01 0.6819E-02 0.3837E-01 0.1265E-01 0.8778E-01 0.6561E-01 0.6228E-02 0.3438E-01 0.5323E-01 0.3981E-01 0.1047E+00 0.7790E-01 0.5275E-01 0.5151E-01 0.0000E+00
0.0000E+00 0.9288E-01 0.6532E-01 0.4693E-01 0.9612E-02 0.2854E-01 0.1258E+00 0.4491E-01 0.1014E-01 0.1228E+00 0.4023E-01 0.1443E+00 0.1257E+00 0.2898E-01 0.1282E-01 0.1922E-01 0.5117E-01 0.9282E-01 0.1293E+00 0.3393E-01 0.2505E-01 0.0000E+00
0.0000E+00 0.6217E-01 0.1174E+00 0.2843E-01 0.5726E-01 0.4033E-01 0.1070E+00 0.2044E-01 0.4375E-02 0.1127E+00 0.3502E-01 0.1659E+00 0.1193E+00 0.4045E-01 0.3047E-01 0.1131E-01 0.4012E-01 0.4303E-01 0.1054E+00 0.4978E-01 0.3177E-01 0.0000E+00
0.0000E+00 0.1007E+00 0.1289E+00 0.3125E-01 0.5055E-01 0.4776E-01 0.1822E+00 0.1144E-01 0.3721E-02 0.7924E-01 0.3612E-01 0.1319E+00 0.8073E-01 0.5003E-01 0.2665E-01 0.2462E-01 0.1899E-01 0.6368E-01 0.1020E+00 0.4366E-01 0.6388E-02 0.0000E+00
0.0000E+00 0.1308E+00 0.1476E+00 0.4182E-01 0.4896E-01 0.7241E-01 0.1769E+00 0.9959E-02 0.9183E-02 0.5819E-01 0.9156E-01 0.7450E-01 0.7726E-01 0.8129E-01 0.1994E-01 0.1773E-01 0.2392E-01 0.3139E-01 0.6461E-01 0.4396E-01 0.3256E-01 0.0000E+00
0.0000E+00 0.1266E+00 0.1542E+00 0.5054E-01 0.6925E-01 0.5298E-01 0.1341E+00 0.1442E-01 0.6547E-02 0.6485E-01 0.7742E-01 0.3470E-02 0.6680E-01 0.1105E+00 0.1298E-01 0.2609E-02 0.1829E-01 0.9700E-01 0.6333E-01 0.3692E-01 0.2783E-02 0.0000E+00
0.0000E+00 0.7860E-01 0.1031E+00 0.4072E-01 0.6033E-01 0.4384E-01 0.1328E+00 0.1092E-01 0.1813E-01 0.5979E-01 0.9750E-01 0.3441E-01 0.9451E-01 0.1042E+00 0.1493E-01 0.3982E-01 0.1187E-01 0.1099E+00 0.1682E-01 0.7450E-01 0.2764E-01 0.0000E+00
0.0000E+00 0.5735E-01 0.1076E+00 0.3433E-01 0.7431E-01 0.5841E-01 0.1499E+00 0.1441E-01 0.3369E-01 0.8932E-01 0.9751E-01 0.1257E-01 0.6770E-01 0.5679E-01 0.6001E-01 0.1638E-01 0.4021E-01 0.9461E-01 0.4991E-01 0.6885E-01 0.2828E-01 0.0000E+00
0.0000E+00 0.8275E-01 0.9862E-01 0.3645E-01 0.6482E-01 0.3217E-01 0.2132E+00 0.7456E-02 0.1729E-01 0.8584E-01 0.1005E+00 0.9768E-02 0.1042E+00 0.8562E-01 0.6495E-01 0.1072E-01 0.3964E-01 0.1208E+00 0.3353E-01 0.7421E-01 0.3051E-01 0.0000E+00
0.0000E+00 0.1529E+00 0.1146E+00 0.6420E-01 0.9532E-01 0.8032E-01 0.1914E+00 0.1959E-01 0.3861E-01 0.7561E-01 0.1303E+00 0.3987E-01 0.1630E+00 0.4791E-01 0.7389E-01 0.6626E-01 0.2901E-01 0.8016E-01 0.1283E-01 0.5963E-01 0.2802E-02 0.0000E+00
0.0000E+00 0.1048E+00 0.8312E-01 0.6042E-01 0.1009E+00 0.7889E-01 0.2016E+00 0.4554E-01 0.2128E-01 0.4894E-01 0.1232E+00 0.3043E-01 0.1310E+00 0.5917E-01 0.5333E-01 0.1178E+00 0.9075E-01 0.8491E-01 0.1370E-01 0.5354E-01 0.2654E-01 0.0000E+00
0.0000E+00 0.8054E-01 0.6887E-01 0.3288E-01 0.1113E+00 0.3696E-01 0.1479E+00 0.3245E-01 0.5231E-01 0.1347E+00 0.1848E+00 0.5005E-01 0.1493E+00 0.9147E-01 0.3242E-01 0.1388E+00 0.1422E-01 0.4790E-01 0.2568E-01 0.9070E-01 0.1109E-01 0.0000E+00
0.0000E+00 0.1091E+00 0.6682E-01 0.4304E-01 0.9710E-01 0.7426E-01 0.1729E+00 0.6608E-01 0.4673E-01 0.1454E+00 0.1498E+00 0.2418E-01 0.1294E+00 0.9511E-01 0.1470E-01 0.1379E+00 0.1847E-01 0.3097E-01 0.6208E-02 0.6072E-01 0.3775E-01 0.0000E+00
0.0000E+00 0.8290E-01 0.7759E-01 0.7843E-01 0.5853E-01 0.1214E+00 0.1830E+00 0.1738E-01 0.3841E-01 0.1481E+00 0.1375E+00 0.1147E-02 0.1520E+00 0.8162E-01 0.2413E-01 0.1089E+00 0.5206E-01 0.1479E-01 0.4004E-01 0.5140E-01 0.2781E-01 0.0000E+00
0.0000E+00 0.8303E-01 0.1259E+00 0.4576E-01 0.4955E-01 0.1186E+00 0.1979E+00 0.2122E-01 0.2106E-01 0.1542E+00 0.1138E+00 0.3637E-01 0.1142E+00 0.6188E-01 0.1795E-01 0.1095E+00 0.2227E-01 0.1042E-01 0.2353E-01 0.6421E-01 0.2265E-01 0.0000E+00
0.0000E+00 0.1014E+00 0.1767E+00 0.1134E+00 0.1214E+00 0.8438E-01 0.2482E+00 0.1868E-01 0.2675E-01 0.1421E+00 0.8848E-01 0.1695E-01 0.1193E+00 0.1023E+00 0.1351E+00 0.1387E+00 0.1344E-01 0.7816E-02 0.1750E-01 0.5343E-01 0.1825E-01 0.0000E+00
0.0000E+00 0.6750E-01 0.1400E+00 0.7269E-01 0.3741E-01 0.5798E-01 0.1844E+00 0.4233E-01 0.1916E-01 0.1002E+00 0.1128E+00 0.3683E-01 0.9070E-01 0.1075E+00 0.1072E+00 0.2088E-02 0.2268E-01 0.1047E-01 0.1056E-01 0.9595E-01 0.4708E-02 0.0000E+00
0.0000E+00 0.8195E-01 0.9977E-01 0.8855E-01 0.6262E-01 0.1891E+00 0.1806E+00 0.2822E-01 0.5732E-01 0.1118E+00 0.1533E+00 0.5522E-01 0.1527E+00 0.7216E-01 0.1314E+00 0.2335E-01 0.9866E-02 0.1166E-01 0.9487E-02 0.6502E-01 0.3157E-01 0.0000E+00
0.0000E+00 0.5736E-01 0.8215E-01 0.7038E-01 0.2738E-01 0.1681E+00 0.5237E-02 0.1723E-01 0.1788E+00 0.2186E+00 0.1485E+00 0.1455E+00 0.1524E+00 0.6865E-01 0.1287E+00 0.4266E-01 0.3028E-01 0.2185E-01 0.1717E-01 0.7122E-01 0.2791E-01 0.0000E+00
0.0000E+00 0.0000E+00 0.0000E+00 0.0000E+00 0.0000E+00 0.0000E+00 0.0000E+00 0.0000E+00 0.0000E+00 0.0000E+00 0.0000E+00 0.0000E+00 0.0000E+00 0.0000E+00 0.0000E+00 0.0000E+00 0.0000E+00 0.0000E+00 0.0000E+00 0.0000E+00 0.0000E+00 0.0000E+00
