p1_rainC_highsm_dschg.asc
ncols     22
nrows     62
xllcorner      0.00000000
yllcorner      0.00000000
cellsize      0.50000000
nodata_value -9999
0.0000E+00 0.0000E+00 0.0000E+00 0.0000E+00 0.0000E+00 0.0000E+00 0.0000E+00 0.0000E+00 0.0000E+00 0.0000E+00 0.0000E+00 0.0000E+00 0.0000E+00 0.0000E+00 0.0000E+00 0.0000E+00 0.0000E+00 0.0000E+00 0.0000E+00 0.0000E+00 0.0000E+00 0.0000E+00
0.0000E+00 0.1212E-02 0.1145E-02 0.6946E-03 0.7281E-03 0.8991E-03 0.7122E-03 0.1364E-02 0.1028E-02 0.8028E-03 0.7183E-03 0.7378E-03 0.7242E-03 0.7217E-03 0.7264E-03 0.6456E-03 0.7388E-03 0.7220E-03 0.7513E-03 0.1213E-02 0.1874E-02 0.0000E+00
0.0000E+00 0.2603E-02 0.1785E-02 0.1367E-02 0.1414E-02 0.1629E-02 0.7340E-03 0.2026E-02 0.1685E-02 0.1489E-02 0.1781E-02 0.1469E-02 0.2041E-02 0.1606E-02 0.1367E-02 0.1284E-02 0.1400E-02 0.1649E-02 0.2248E-02 0.1844E-02 0.2391E-02 0.0000E+00
0.0000E+00 0.3179E-02 0.3633E-02 0.2008E-02 0.2232E-02 0.2431E-02 0.1414E-02 0.2597E-02 0.2251E-02 0.2109E-02 0.2378E-02 0.2059E-02 0.2597E-02 0.2202E-02 0.2307E-02 0.1933E-02 0.2089E-02 0.2271E-02 0.3076E-02 0.3182E-02 0.3173E-02 0.0000E+00
0.0000E+00 0.3749E-02 0.4223E-02 0.2794E-02 0.2849E-02 0.3519E-02 0.2079E-02 0.3113E-02 0.2891E-02 0.2927E-02 0.2948E-02 0.2653E-02 0.3309E-02 0.3036E-02 0.2884E-02 0.2553E-02 0.2703E-02 0.2835E-02 0.4499E-02 0.4740E-02 0.3689E-02 0.0000E+00
0.0000E+00 0.4313E-02 0.4754E-02 0.3494E-02 0.3400E-02 0.4120E-02 0.2721E-02 0.3664E-02 0.3415E-02 0.3473E-02 0.3588E-02 0.3206E-02 0.3844E-02 0.3569E-02 0.3422E-02 0.3809E-02 0.3266E-02 0.3383E-02 0.5081E-02 0.5150E-02 0.4271E-02 0.0000E+00
0.0000E+00 0.4883E-02 0.5273E-02 0.4051E-02 0.3946E-02 0.4715E-02 0.3375E-02 0.4125E-02 0.4033E-02 0.3979E-02 0.4161E-02 0.3714E-02 0.4524E-02 0.4087E-02 0.3934E-02 0.4673E-02 0.4327E-02 0.3890E-02 0.5471E-02 0.5547E-02 0.4746E-02 0.0000E+00
0.0000E+00 0.5275E-02 0.5724E-02 0.4762E-02 0.4437E-02 0.5677E-02 0.4169E-02 0.4615E-02 0.4478E-02 0.4422E-02 0.4758E-02 0.4191E-02 0.4959E-02 0.4620E-02 0.4433E-02 0.5441E-02 0.5215E-02 0.4374E-02 0.7005E-02 0.6222E-02 0.5117E-02 0.0000E+00
0.0000E+00 0.5972E-02 0.6993E-02 0.5201E-02 0.5762E-02 0.6578E-02 0.4707E-02 0.5150E-02 0.4922E-02 0.4832E-02 0.5126E-02 0.4634E-02 0.5377E-02 0.5001E-02 0.5081E-02 0.5973E-02 0.5891E-02 0.5036E-02 0.7825E-02 0.6546E-02 0.5781E-02 0.0000E+00
0.0000E+00 0.6367E-02 0.7355E-02 0.5618E-02 0.6432E-02 0.6962E-02 0.5265E-02 0.5562E-02 0.5358E-02 0.5241E-02 0.5494E-02 0.5070E-02 0.5784E-02 0.5389E-02 0.5466E-02 0.6444E-02 0.6263E-02 0.5729E-02 0.8680E-02 0.7144E-02 0.6059E-02 0.0000E+00
0.0000E+00 0.7181E-02 0.7835E-02 0.6002E-02 0.7295E-02 0.7491E-02 0.5632E-02 0.5925E-02 0.5788E-02 0.5591E-02 0.6002E-02 0.5457E-02 0.6418E-02 0.5728E-02 0.5789E-02 0.7152E-02 0.6508E-02 0.6047E-02 0.9657E-02 0.7803E-02 0.6284E-02 0.0000E+00
0.0000E+00 0.7477E-02 0.8487E-02 0.6326E-02 0.7577E-02 0.7754E-02 0.6031E-02 0.6266E-02 0.6213E-02 0.5979E-02 0.6421E-02 0.5798E-02 0.6759E-02 0.6162E-02 0.6117E-02 0.7810E-02 0.6982E-02 0.6558E-02 0.1013E-01 0.8297E-02 0.6697E-02 0.0000E+00
0.0000E+00 0.7765E-02 0.1060E-01 0.7423E-02 0.8007E-02 0.8420E-02 0.6351E-02 0.6719E-02 0.6494E-02 0.7083E-02 0.7038E-02 0.6110E-02 0.7139E-02 0.6754E-02 0.6382E-02 0.7986E-02 0.7223E-02 0.6674E-02 0.1018E-01 0.8405E-02 0.6850E-02 0.0000E+00
0.0000E+00 0.8409E-02 0.1085E-01 0.7698E-02 0.8676E-02 0.8621E-02 0.6734E-02 0.1402E-01 0.7085E-02 0.7331E-02 0.1423E-01 0.6413E-02 0.7351E-02 0.7111E-02 0.6669E-02 0.8151E-02 0.7497E-02 0.6893E-02 0.1089E-01 0.8657E-02 0.7009E-02 0.0000E+00
0.0000E+00 0.9115E-02 0.1110E-01 0.8505E-02 0.1038E-01 0.1008E-01 0.7201E-02 0.1411E-01 0.7202E-03 0.7286E-03 0.1428E-01 0.6621E-02 0.7750E-02 0.7261E-02 0.6986E-02 0.8288E-02 0.7740E-02 0.7060E-02 0.1146E-01 0.9142E-02 0.7203E-02 0.0000E+00
0.0000E+00 0.9626E-02 0.1117E-01 0.8941E-02 0.1072E-01 0.1026E-01 0.7649E-02 0.1427E-01 0.1696E-02 0.1515E-02 0.1429E-01 0.6849E-02 0.8167E-02 0.7387E-02 0.7129E-02 0.8484E-02 0.7859E-02 0.7318E-02 0.1188E-01 0.9222E-02 0.7475E-02 0.0000E+00
0.0000E+00 0.9724E-02 0.1215E-01 0.9131E-02 0.1135E-01 0.1054E-01 0.8429E-02 0.1453E-01 0.2707E-02 0.2637E-02 0.1513E-01 0.7061E-02 0.8277E-02 0.7534E-02 0.7543E-02 0.8552E-02 0.8470E-02 0.7466E-02 0.1195E-01 0.9276E-02 0.7646E-02 0.0000E+00
0.0000E+00 0.1099E-01 0.1283E-01 0.1057E-01 0.1322E-01 0.1094E-01 0.9205E-02 0.1475E-01 0.4169E-02 0.3896E-02 0.1700E-01 0.7336E-02 0.9050E-02 0.7709E-02 0.7703E-02 0.8910E-02 0.9124E-02 0.8264E-02 0.1199E-01 0.9350E-02 0.7838E-02 0.0000E+00
0.0000E+00 0.1246E-01 0.1287E-01 0.1076E-01 0.1523E-01 0.1128E-01 0.1005E-01 0.2052E-01 0.4649E-02 0.5060E-02 0.1729E-01 0.7662E-02 0.9225E-02 0.7881E-02 0.7883E-02 0.9010E-02 0.1033E-01 0.1009E-01 0.1309E-01 0.9420E-02 0.8007E-02 0.0000E+00
0.0000E+00 0.1317E-01 0.1328E-01 0.1125E-01 0.1660E-01 0.1276E-01 0.1098E-01 0.2190E-01 0.7102E-03 0.6507E-02 0.1849E-01 0.7938E-02 0.1002E-01 0.8871E-02 0.9340E-02 0.9783E-02 0.1250E-01 0.1220E-01 0.1315E-01 0.9528E-02 0.8719E-02 0.0000E+00
0.0000E+00 0.1412E-01 0.1340E-01 0.1157E-01 0.1662E-01 0.3086E-01 0.3480E-01 0.2281E-01 0.1621E-02 0.8016E-02 0.1970E-01 0.8086E-02 0.1025E-01 0.9189E-02 0.2066E-01 0.1098E-01 0.1259E-01 0.1227E-01 0.1342E-01 0.1044E-01 0.1022E-01 0.0000E+00
0.0000E+00 0.1441E-01 0.1341E-01 0.1178E-01 0.9943E-03 0.6693E-01 0.3586E-01 0.8657E-03 0.2321E-02 0.8551E-02 0.2035E-01 0.1918E-01 0.1093E-01 0.9374E-02 0.2058E-01 0.6870E-03 0.1435E-01 0.2667E-01 0.1465E-01 0.1122E-01 0.1162E-01 0.0000E+00
0.0000E+00 0.1443E-01 0.1344E-01 0.1197E-01 0.1905E-02 0.6808E-01 0.7764E-03 0.7389E-03 0.2982E-02 0.8783E-02 0.2064E-01 0.1920E-01 0.7066E-03 0.1032E-01 0.2052E-01 0.1130E-02 0.1161E-02 0.2752E-01 0.1578E-01 0.1137E-01 0.1250E-01 0.0000E+00
0.0000E+00 0.1528E-01 0.1421E-01 0.1559E-01 0.2610E-02 0.6789E-01 0.1440E-02 0.1489E-02 0.3517E-02 0.8992E-02 0.2057E-01 0.1940E-01 0.1382E-02 0.1044E-01 0.2050E-01 0.1783E-02 0.1916E-02 0.2802E-01 0.1658E-01 0.2594E-01 0.1327E-01 0.0000E+00
0.0000E+00 0.1639E-01 0.1534E-01 0.1648E-01 0.7285E-03 0.6763E-01 0.2063E-02 0.5752E-02 0.3902E-02 0.9075E-02 0.2046E-01 0.1941E-01 0.2010E-02 0.1056E-01 0.2047E-01 0.2554E-02 0.2590E-02 0.2873E-01 0.1674E-01 0.2672E-01 0.8400E-03 0.0000E+00
0.0000E+00 0.1651E-01 0.1577E-01 0.1649E-01 0.1616E-02 0.6801E-01 0.2744E-02 0.6107E-02 0.7254E-03 0.9185E-02 0.2044E-01 0.1943E-01 0.2606E-02 0.1090E-01 0.2037E-01 0.3071E-02 0.3368E-02 0.2877E-01 0.1713E-01 0.2682E-01 0.1529E-02 0.0000E+00
0.0000E+00 0.1652E-01 0.1670E-01 0.1755E-01 0.2202E-02 0.7116E-01 0.7413E-01 0.6563E-02 0.1400E-02 0.9288E-02 0.2038E-01 0.1947E-01 0.3180E-02 0.1129E-01 0.2032E-01 0.3944E-02 0.4018E-02 0.2875E-01 0.1750E-01 0.2716E-01 0.2191E-02 0.0000E+00
0.0000E+00 0.3407E-01 0.1689E-01 0.1785E-01 0.7424E-03 0.1650E-02 0.9303E-01 0.1787E-01 0.1115E-01 0.9445E-02 0.2030E-01 0.1994E-01 0.4020E-02 0.1138E-01 0.2027E-01 0.4357E-02 0.4528E-02 0.2852E-01 0.7297E-01 0.2722E-01 0.2776E-02 0.0000E+00
0.0000E+00 0.3627E-01 0.6872E-03 0.1922E-01 0.1755E-02 0.1398E-02 0.9357E-01 0.7448E-03 0.9731E-03 0.7695E-03 0.2060E-01 0.2025E-01 0.5952E-02 0.1192E-01 0.2023E-01 0.4774E-02 0.4939E-02 0.7585E-03 0.7270E-01 0.1010E-02 0.3593E-02 0.0000E+00
0.0000E+00 0.3600E-01 0.7501E-03 0.1915E-01 0.2590E-02 0.2257E-02 0.9465E-01 0.7305E-03 0.1699E-02 0.1474E-02 0.2062E-01 0.2030E-01 0.7242E-02 0.1301E-01 0.2067E-01 0.6576E-02 0.5798E-02 0.1488E-02 0.7237E-01 0.1669E-02 0.4479E-02 0.0000E+00
0.0000E+00 0.3680E-01 0.1429E-02 0.1930E-01 0.3128E-02 0.2930E-02 0.9529E-01 0.1645E-02 0.2312E-02 0.2745E-02 0.2072E-01 0.2030E-01 0.7678E-02 0.1329E-01 0.2104E-01 0.8494E-02 0.6867E-02 0.2243E-02 0.7201E-01 0.2369E-02 0.5142E-02 0.0000E+00
0.0000E+00 0.3670E-01 0.2076E-02 0.1964E-01 0.4407E-02 0.4709E-02 0.9620E-01 0.2269E-02 0.3700E-02 0.3647E-02 0.2124E-01 0.2081E-01 0.8079E-02 0.1409E-01 0.2095E-01 0.2965E-01 0.8199E-02 0.3055E-02 0.7173E-01 0.8327E-02 0.5632E-02 0.0000E+00
0.0000E+00 0.3642E-01 0.2673E-02 0.2014E-01 0.4808E-02 0.5573E-02 0.9558E-01 0.2839E-02 0.4833E-02 0.4321E-02 0.2176E-01 0.4475E-01 0.2349E-01 0.1528E-01 0.7080E-03 0.2994E-01 0.9494E-02 0.3658E-02 0.7173E-01 0.8636E-02 0.7450E-03 0.0000E+00
0.0000E+00 0.3620E-01 0.3158E-02 0.2063E-01 0.5237E-02 0.6160E-02 0.9502E-01 0.3652E-02 0.6492E-02 0.5481E-02 0.2225E-01 0.4468E-01 0.7245E-03 0.7376E-03 0.8634E-03 0.2990E-01 0.9513E-02 0.4217E-02 0.7158E-01 0.8889E-02 0.2039E-02 0.0000E+00
0.0000E+00 0.3639E-01 0.3697E-02 0.2053E-01 0.6758E-02 0.6567E-02 0.9436E-01 0.4532E-02 0.7929E-02 0.6202E-02 0.2220E-01 0.4461E-01 0.1870E-02 0.1447E-02 0.1621E-02 0.2970E-01 0.9639E-02 0.4818E-02 0.7127E-01 0.8987E-02 0.2895E-02 0.0000E+00
0.0000E+00 0.3645E-01 0.4034E-02 0.2081E-01 0.8106E-02 0.7077E-02 0.9451E-01 0.1345E-01 0.8674E-02 0.7171E-02 0.2227E-01 0.4453E-01 0.3053E-02 0.2359E-02 0.2216E-02 0.3906E-01 0.9643E-02 0.5226E-02 0.7079E-01 0.9085E-02 0.3418E-02 0.0000E+00
0.0000E+00 0.4056E-01 0.4415E-02 0.2112E-01 0.9055E-02 0.7535E-02 0.1083E+00 0.1348E-01 0.1019E-02 0.8243E-02 0.3075E-01 0.4496E-01 0.4512E-02 0.3843E-02 0.2777E-02 0.3975E-01 0.7207E-03 0.5628E-02 0.7037E-01 0.9166E-02 0.3891E-02 0.0000E+00
0.0000E+00 0.4094E-01 0.7171E-03 0.2107E-01 0.9186E-02 0.7866E-02 0.1085E+00 0.8623E-03 0.1684E-02 0.7681E-03 0.3071E-01 0.4537E-01 0.4941E-02 0.5062E-02 0.3788E-02 0.3973E-01 0.1415E-02 0.5924E-02 0.6983E-01 0.1033E-01 0.4919E-02 0.0000E+00
0.0000E+00 0.4066E-01 0.8995E-03 0.2100E-01 0.9330E-02 0.9215E-02 0.1091E+00 0.1775E-02 0.2504E-02 0.1601E-02 0.3105E-01 0.4562E-01 0.5868E-02 0.5699E-02 0.4226E-02 0.3956E-01 0.2059E-02 0.6298E-02 0.6943E-01 0.1108E-01 0.6136E-02 0.0000E+00
0.0000E+00 0.4056E-01 0.1769E-02 0.3150E-01 0.1065E-01 0.1011E-01 0.1100E+00 0.2647E-02 0.3062E-02 0.2246E-02 0.3105E-01 0.4633E-01 0.6623E-02 0.6171E-02 0.4888E-02 0.4109E-01 0.2651E-02 0.6610E-02 0.6928E-01 0.1114E-01 0.7492E-02 0.0000E+00
0.0000E+00 0.4053E-01 0.3298E-01 0.3134E-01 0.7223E-03 0.1017E-01 0.1101E+00 0.3228E-02 0.3730E-02 0.3347E-01 0.3089E-01 0.4681E-01 0.6489E-01 0.5767E-01 0.5191E-01 0.4688E-01 0.4441E-02 0.7959E-02 0.6949E-01 0.1201E-01 0.8036E-02 0.0000E+00
0.0000E+00 0.4024E-01 0.3407E-01 0.9554E-03 0.1418E-02 0.1088E-01 0.1154E+00 0.3734E-02 0.4395E-02 0.3377E-01 0.1516E-02 0.4659E-01 0.6518E-01 0.7606E-03 0.1114E-02 0.7551E-03 0.7555E-03 0.9314E-02 0.6967E-01 0.1214E-01 0.8544E-02 0.0000E+00
0.0000E+00 0.3996E-01 0.3405E-01 0.1631E-02 0.2595E-02 0.1174E-01 0.1155E+00 0.7516E-03 0.4743E-02 0.3351E-01 0.2193E-02 0.4647E-01 0.6470E-01 0.1462E-02 0.1811E-02 0.1746E-02 0.1855E-02 0.1067E-01 0.6927E-01 0.1273E-01 0.9160E-02 0.0000E+00
0.0000E+00 0.4009E-01 0.3387E-01 0.3546E-02 0.3155E-02 0.1179E-01 0.1147E+00 0.1896E-02 0.5120E-02 0.3367E-01 0.3574E-02 0.4721E-01 0.6630E-01 0.3477E-02 0.2417E-02 0.2353E-02 0.2753E-02 0.1213E-01 0.6948E-01 0.1287E-01 0.9439E-02 0.0000E+00
0.0000E+00 0.3981E-01 0.3397E-01 0.4577E-02 0.5108E-02 0.1231E-01 0.1148E+00 0.2610E-02 0.5417E-02 0.3382E-01 0.4588E-02 0.4908E-01 0.6736E-01 0.5312E-02 0.3365E-02 0.2918E-02 0.3634E-02 0.1224E-01 0.6944E-01 0.2272E-01 0.9663E-02 0.0000E+00
0.0000E+00 0.3980E-01 0.3436E-01 0.5148E-02 0.6903E-02 0.1284E-01 0.1143E+00 0.8514E-02 0.5694E-02 0.3354E-01 0.5207E-02 0.5094E-01 0.6681E-01 0.6857E-02 0.4181E-02 0.3811E-02 0.4111E-02 0.1305E-01 0.6961E-01 0.2358E-01 0.7542E-03 0.0000E+00
0.0000E+00 0.4012E-01 0.3484E-01 0.5642E-02 0.7326E-02 0.1313E-01 0.1222E+00 0.8732E-02 0.7648E-03 0.3325E-01 0.5744E-01 0.5210E-01 0.6627E-01 0.8503E-02 0.5135E-02 0.4739E-02 0.9865E-02 0.1309E-01 0.6891E-01 0.2506E-01 0.1164E-02 0.0000E+00
0.0000E+00 0.4007E-01 0.3551E-01 0.7417E-02 0.8828E-02 0.1327E-01 0.1220E+00 0.7516E-03 0.1441E-02 0.3297E-01 0.5688E-01 0.7340E-03 0.6572E-01 0.9320E-02 0.5524E-02 0.7276E-03 0.1073E-01 0.9264E-01 0.6840E-01 0.2498E-01 0.7264E-03 0.0000E+00
0.0000E+00 0.4012E-01 0.3566E-01 0.8908E-02 0.9557E-02 0.1364E-01 0.1222E+00 0.7323E-03 0.2116E-02 0.3276E-01 0.5696E-01 0.1534E-02 0.6545E-01 0.1122E-01 0.6022E-02 0.2107E-02 0.7831E-03 0.9217E-01 0.8775E-03 0.2507E-01 0.1657E-02 0.0000E+00
0.0000E+00 0.3975E-01 0.3660E-01 0.9422E-02 0.1131E-01 0.1550E-01 0.1237E+00 0.1556E-02 0.3650E-02 0.3343E-01 0.6017E-01 0.2182E-02 0.6490E-01 0.1141E-01 0.7677E-02 0.2789E-02 0.1836E-02 0.9159E-01 0.2752E-02 0.2503E-01 0.2578E-02 0.0000E+00
0.0000E+00 0.3953E-01 0.3688E-01 0.1034E-01 0.1190E-01 0.1551E-01 0.1235E+00 0.2185E-02 0.4146E-02 0.3354E-01 0.6010E-01 0.8358E-03 0.6525E-01 0.1329E-01 0.9590E-02 0.3349E-02 0.2902E-02 0.9229E-01 0.3856E-02 0.2928E-01 0.3718E-02 0.0000E+00
0.0000E+00 0.4113E-01 0.3905E-01 0.1250E-01 0.1419E-01 0.1806E-01 0.1243E+00 0.2787E-02 0.5236E-02 0.3379E-01 0.6015E-01 0.1567E-02 0.6524E-01 0.1334E-01 0.1126E-01 0.5569E-02 0.4017E-02 0.9601E-01 0.4617E-02 0.2969E-01 0.7276E-03 0.0000E+00
0.0000E+00 0.4084E-01 0.3907E-01 0.1416E-01 0.1634E-01 0.1996E-01 0.1237E+00 0.3530E-02 0.5800E-02 0.3343E-01 0.5964E-01 0.2230E-02 0.6482E-01 0.1405E-01 0.1297E-01 0.1067E+00 0.9960E-01 0.9578E-01 0.9240E-03 0.2993E-01 0.2257E-02 0.0000E+00
0.0000E+00 0.4049E-01 0.3871E-01 0.1418E-01 0.1805E-01 0.2011E-01 0.1227E+00 0.4181E-02 0.6258E-02 0.3464E-01 0.6036E-01 0.3560E-02 0.6521E-01 0.2928E-01 0.1300E-01 0.1085E+00 0.1259E-02 0.1378E-02 0.1770E-02 0.3010E-01 0.2819E-02 0.0000E+00
0.0000E+00 0.4119E-01 0.3837E-01 0.1422E-01 0.1876E-01 0.2049E-01 0.1231E+00 0.5079E-02 0.6672E-02 0.3628E-01 0.6677E-01 0.5015E-02 0.6543E-01 0.3020E-01 0.1560E-02 0.1098E+00 0.2480E-02 0.2536E-02 0.2374E-02 0.2995E-01 0.3760E-02 0.0000E+00
0.0000E+00 0.4109E-01 0.3824E-01 0.1431E-01 0.1871E-01 0.2056E-01 0.1226E+00 0.5409E-02 0.7649E-02 0.3881E-01 0.6715E-01 0.7080E-03 0.6617E-01 0.3031E-01 0.2475E-02 0.1091E+00 0.3354E-02 0.3084E-02 0.3206E-02 0.2979E-01 0.4720E-02 0.0000E+00
0.0000E+00 0.4078E-01 0.3795E-01 0.1433E-01 0.1865E-01 0.2076E-01 0.1217E+00 0.5744E-02 0.7986E-02 0.4117E-01 0.6669E-01 0.1999E-02 0.6680E-01 0.3016E-01 0.3347E-02 0.1085E+00 0.3878E-02 0.3616E-02 0.3721E-02 0.3546E-01 0.5382E-02 0.0000E+00
0.0000E+00 0.4050E-01 0.3822E-01 0.3528E-01 0.2029E-01 0.2076E-01 0.1209E+00 0.6062E-02 0.8255E-02 0.4282E-01 0.6601E-01 0.2670E-02 0.6726E-01 0.3133E-01 0.1127E+00 0.1086E+00 0.4356E-02 0.4117E-02 0.4174E-02 0.3651E-01 0.1201E-02 0.0000E+00
0.0000E+00 0.4011E-01 0.3870E-01 0.3517E-01 0.1652E-02 0.2072E-01 0.1199E+00 0.6449E-02 0.8518E-02 0.4254E-01 0.6573E-01 0.3268E-02 0.6663E-01 0.3191E-01 0.1118E+00 0.7241E-03 0.4821E-02 0.4804E-02 0.4602E-02 0.3634E-01 0.7399E-03 0.0000E+00
0.0000E+00 0.4001E-01 0.3837E-01 0.3507E-01 0.3431E-02 0.1391E+00 0.1190E+00 0.6813E-02 0.8978E-02 0.4246E-01 0.6524E-01 0.3819E-02 0.6602E-01 0.3177E-01 0.1121E+00 0.1417E-02 0.5199E-02 0.5508E-02 0.5011E-02 0.3610E-01 0.1455E-02 0.0000E+00
0.0000E+00 0.3964E-01 0.3828E-01 0.3883E-01 0.3988E-02 0.1394E+00 0.7396E-03 0.7107E-02 0.1153E+00 0.1070E+00 0.6465E-01 0.9987E-01 0.9676E-01 0.3154E-01 0.1207E+00 0.7326E-02 0.5594E-02 0.1243E-01 0.6004E-02 0.3802E-01 0.2159E-02 0.0000E+00
0.0000E+00 0.0000E+00 0.0000E+00 0.0000E+00 0.0000E+00 0.0000E+00 0.0000E+00 0.0000E+00 0.0000E+00 0.0000E+00 0.0000E+00 0.0000E+00 0.0000E+00 0.0000E+00 0.0000E+00 0.0000E+00 0.0000E+00 0.0000E+00 0.0000E+00 0.0000E+00 0.0000E+00 0.0000E+00
