p1_rainD_medsm_sedtr.asc
ncols     22
nrows     62
xllcorner      0.00000000
yllcorner      0.00000000
cellsize      0.50000000
nodata_value -9999
0.0000E+00 0.0000E+00 0.0000E+00 0.0000E+00 0.0000E+00 0.0000E+00 0.0000E+00 0.0000E+00 0.0000E+00 0.0000E+00 0.0000E+00 0.0000E+00 0.0000E+00 0.0000E+00 0.0000E+00 0.0000E+00 0.0000E+00 0.0000E+00 0.0000E+00 0.0000E+00 0.0000E+00 0.0000E+00
0.0000E+00 0.1530E-02 0.8960E-03 0.5476E-04 0.2742E-03 0.1985E-02 0.1234E-03 0.7386E-03 0.1508E-02 0.3499E-03 0.1115E-03 0.3763E-03 0.2230E-03 0.1556E-03 0.2373E-03 0.3507E-05 0.6955E-04 0.1950E-03 0.6794E-03 0.1650E-02 0.1893E-02 0.0000E+00
0.0000E+00 0.6176E-02 0.6848E-03 0.4700E-03 0.8459E-03 0.2110E-02 0.4252E-03 0.2709E-02 0.1275E-02 0.9925E-03 0.2490E-02 0.1035E-02 0.2619E-02 0.1063E-02 0.1500E-03 0.1507E-03 0.3554E-03 0.7427E-03 0.4246E-02 0.7279E-03 0.6718E-03 0.0000E+00
0.0000E+00 0.2840E-02 0.6513E-02 0.9290E-03 0.3978E-02 0.2813E-02 0.5021E-03 0.9785E-03 0.6218E-03 0.1325E-02 0.9999E-03 0.4415E-03 0.9792E-03 0.4745E-03 0.3755E-02 0.1132E-02 0.2026E-02 0.9628E-03 0.2223E-02 0.3183E-02 0.2770E-02 0.0000E+00
0.0000E+00 0.3381E-02 0.1284E-01 0.5444E-02 0.5550E-02 0.1013E-01 0.3880E-02 0.3556E-02 0.4184E-02 0.2889E-02 0.9971E-03 0.1263E-02 0.5943E-02 0.2043E-02 0.1916E-02 0.1436E-02 0.1540E-02 0.6057E-03 0.1391E-02 0.4295E-02 0.1649E-02 0.0000E+00
0.0000E+00 0.4426E-02 0.8197E-02 0.9864E-02 0.2646E-02 0.8690E-02 0.7660E-02 0.6048E-02 0.1813E-02 0.4380E-02 0.3508E-02 0.9611E-03 0.3710E-02 0.1878E-02 0.1357E-02 0.4345E-02 0.1098E-02 0.9007E-03 0.3223E-02 0.2706E-02 0.8437E-02 0.0000E+00
0.0000E+00 0.7172E-02 0.1542E-01 0.6883E-02 0.9088E-02 0.1033E-01 0.1040E-01 0.2486E-02 0.5461E-02 0.2983E-02 0.3487E-02 0.2040E-02 0.4955E-02 0.1674E-02 0.1339E-02 0.4438E-02 0.1104E-02 0.8863E-03 0.2480E-02 0.2001E-02 0.3036E-02 0.0000E+00
0.0000E+00 0.2967E-02 0.9169E-02 0.5822E-02 0.3633E-02 0.7590E-02 0.7781E-02 0.4409E-02 0.3118E-02 0.1939E-02 0.1047E-01 0.2970E-02 0.2730E-02 0.6228E-02 0.1768E-02 0.6915E-02 0.9618E-03 0.6747E-03 0.5257E-02 0.2208E-02 0.2096E-02 0.0000E+00
0.0000E+00 0.7679E-02 0.8043E-02 0.3538E-02 0.7944E-02 0.5834E-02 0.3481E-02 0.6235E-02 0.2892E-02 0.1429E-02 0.3542E-02 0.2421E-02 0.2566E-02 0.2230E-02 0.1259E-02 0.4560E-02 0.2813E-02 0.4752E-03 0.3059E-02 0.1687E-02 0.5076E-02 0.0000E+00
0.0000E+00 0.4402E-02 0.9238E-02 0.5490E-02 0.8257E-02 0.4551E-02 0.5071E-02 0.3510E-02 0.8028E-02 0.4805E-02 0.2923E-02 0.4195E-02 0.7101E-02 0.3850E-02 0.2436E-02 0.6386E-02 0.2237E-02 0.6624E-03 0.2588E-02 0.4687E-02 0.2184E-02 0.0000E+00
0.0000E+00 0.2770E-02 0.6716E-02 0.3618E-02 0.6654E-02 0.1155E-01 0.4479E-02 0.2528E-02 0.4473E-02 0.1785E-02 0.7234E-02 0.1849E-02 0.4503E-02 0.2079E-02 0.1414E-02 0.6567E-02 0.1124E-02 0.1325E-02 0.9726E-02 0.4125E-02 0.1515E-02 0.0000E+00
0.0000E+00 0.1724E-02 0.5114E-02 0.2427E-02 0.3861E-02 0.4558E-02 0.5646E-02 0.2097E-02 0.2626E-02 0.3805E-02 0.5135E-02 0.1016E-02 0.2183E-02 0.5398E-02 0.2535E-02 0.3442E-02 0.3906E-02 0.1412E-02 0.3600E-02 0.2569E-02 0.2525E-02 0.0000E+00
0.0000E+00 0.4831E-02 0.1457E-01 0.5189E-02 0.9136E-02 0.7804E-02 0.2785E-02 0.8480E-02 0.2032E-02 0.5425E-02 0.5866E-02 0.7939E-03 0.1767E-02 0.3698E-02 0.1267E-02 0.2627E-02 0.1481E-02 0.3605E-03 0.2332E-02 0.1783E-02 0.1228E-02 0.0000E+00
0.0000E+00 0.2792E-02 0.4332E-02 0.3649E-02 0.7116E-02 0.3552E-02 0.1193E-01 0.8248E-02 0.1338E-02 0.2277E-02 0.2299E-02 0.1183E-02 0.1857E-02 0.4368E-02 0.3544E-02 0.2191E-02 0.5408E-02 0.2706E-02 0.4391E-02 0.2974E-02 0.1930E-02 0.0000E+00
0.0000E+00 0.6751E-02 0.2372E-02 0.9267E-02 0.1077E-01 0.6310E-02 0.9654E-02 0.4363E-02 0.1719E-03 0.2620E-03 0.1157E-01 0.2341E-02 0.3822E-02 0.1718E-02 0.2920E-02 0.1546E-02 0.7125E-02 0.1496E-02 0.7004E-02 0.2050E-02 0.5148E-02 0.0000E+00
0.0000E+00 0.1342E-01 0.4712E-02 0.9415E-02 0.9411E-02 0.7610E-02 0.5723E-02 0.4012E-02 0.7489E-02 0.3591E-02 0.1638E-01 0.2833E-02 0.2435E-02 0.1092E-02 0.1028E-02 0.8354E-03 0.3210E-02 0.1621E-02 0.4907E-02 0.1620E-02 0.3830E-02 0.0000E+00
0.0000E+00 0.4950E-02 0.2190E-01 0.5201E-02 0.1472E-01 0.5855E-02 0.1245E-01 0.1010E-01 0.7686E-02 0.7186E-02 0.1568E-01 0.1260E-02 0.1544E-02 0.1709E-02 0.8244E-02 0.5708E-03 0.2752E-02 0.9665E-03 0.4167E-02 0.9743E-03 0.3501E-02 0.0000E+00
0.0000E+00 0.1118E-01 0.7934E-02 0.3769E-02 0.1006E-01 0.3132E-02 0.7677E-02 0.5625E-02 0.5005E-02 0.5997E-02 0.1173E-01 0.9836E-03 0.5201E-02 0.2755E-02 0.3424E-02 0.9781E-02 0.3762E-02 0.4877E-02 0.6242E-02 0.3494E-02 0.4889E-02 0.0000E+00
0.0000E+00 0.1792E-01 0.8633E-02 0.3684E-02 0.1945E-01 0.1412E-01 0.6999E-02 0.1002E-01 0.3167E-02 0.3658E-02 0.7147E-02 0.1464E-02 0.4836E-02 0.2192E-02 0.3771E-02 0.3880E-02 0.5189E-02 0.4756E-02 0.8675E-02 0.1235E-02 0.2534E-02 0.0000E+00
0.0000E+00 0.7645E-02 0.1177E-01 0.4624E-02 0.6444E-02 0.1265E-01 0.1219E-01 0.6625E-02 0.7541E-04 0.9100E-02 0.7998E-02 0.9893E-03 0.5772E-02 0.1557E-02 0.1984E-02 0.3123E-02 0.1014E-01 0.1141E-01 0.6615E-02 0.2080E-02 0.1310E-01 0.0000E+00
0.0000E+00 0.1345E-01 0.9301E-02 0.3555E-02 0.4317E-02 0.1514E-01 0.1118E-01 0.1214E-01 0.5933E-03 0.9530E-02 0.1021E-01 0.1870E-03 0.2057E-02 0.1142E-02 0.1688E-02 0.1170E-02 0.3179E-02 0.4680E-02 0.1028E-01 0.5335E-02 0.8320E-02 0.0000E+00
0.0000E+00 0.9750E-02 0.6320E-02 0.8563E-02 0.1690E-02 0.1741E-01 0.8343E-02 0.7621E-03 0.1829E-02 0.4544E-02 0.5900E-02 0.1515E-02 0.1312E-02 0.1878E-02 0.2335E-02 0.2925E-04 0.5130E-02 0.6335E-02 0.5579E-02 0.7074E-02 0.5727E-02 0.0000E+00
0.0000E+00 0.5928E-02 0.5386E-02 0.7088E-02 0.3083E-02 0.1562E-01 0.3036E-03 0.4337E-03 0.5081E-02 0.7110E-02 0.7337E-02 0.1086E-02 0.9822E-04 0.3058E-02 0.2922E-02 0.5092E-02 0.2338E-02 0.1695E-01 0.7681E-02 0.3568E-02 0.4406E-02 0.0000E+00
0.0000E+00 0.1204E-01 0.5325E-02 0.4673E-02 0.1774E-02 0.1630E-01 0.3576E-03 0.1723E-02 0.2271E-02 0.8148E-02 0.7867E-02 0.5479E-02 0.5805E-03 0.1544E-02 0.4294E-02 0.1668E-02 0.3520E-02 0.1258E-01 0.3481E-02 0.4519E-02 0.8290E-02 0.0000E+00
0.0000E+00 0.7995E-02 0.9243E-02 0.4426E-02 0.3016E-03 0.2037E-01 0.5161E-03 0.1634E-02 0.1230E-02 0.3647E-02 0.3819E-02 0.2448E-02 0.6272E-03 0.1570E-02 0.2787E-02 0.1280E-02 0.1756E-02 0.6944E-02 0.1759E-02 0.2680E-02 0.3906E-03 0.0000E+00
0.0000E+00 0.5372E-02 0.1193E-01 0.2900E-02 0.2206E-02 0.2755E-01 0.8133E-02 0.4164E-02 0.2174E-03 0.3693E-02 0.3166E-02 0.1540E-02 0.1066E-02 0.1125E-02 0.1652E-02 0.1049E-02 0.3167E-02 0.8774E-02 0.8137E-02 0.5647E-02 0.1121E-02 0.0000E+00
0.0000E+00 0.5777E-02 0.5208E-02 0.6525E-02 0.8048E-03 0.1431E-01 0.1754E-01 0.6154E-02 0.6915E-03 0.2497E-02 0.2452E-02 0.2899E-02 0.2401E-02 0.5273E-03 0.1615E-02 0.4743E-02 0.3659E-02 0.1390E-01 0.1366E-01 0.1069E-01 0.1592E-02 0.0000E+00
0.0000E+00 0.5539E-02 0.3305E-02 0.3706E-02 0.2517E-03 0.2136E-02 0.1449E-01 0.5724E-02 0.8283E-02 0.5071E-02 0.1605E-02 0.7542E-02 0.2980E-02 0.8365E-03 0.2998E-02 0.1773E-02 0.2968E-02 0.4799E-02 0.9637E-02 0.4947E-02 0.1126E-02 0.0000E+00
0.0000E+00 0.2532E-02 0.3801E-04 0.5861E-02 0.2748E-02 0.1275E-02 0.1286E-01 0.2106E-03 0.1569E-02 0.1038E-02 0.4729E-02 0.3053E-02 0.4276E-02 0.6077E-02 0.2454E-02 0.1848E-02 0.1925E-02 0.1030E-02 0.1133E-01 0.1434E-02 0.3435E-02 0.0000E+00
0.0000E+00 0.3390E-02 0.2798E-03 0.2526E-02 0.1272E-02 0.9268E-03 0.2991E-01 0.1621E-02 0.3672E-02 0.1427E-02 0.6788E-02 0.4661E-02 0.6234E-02 0.9712E-02 0.1289E-01 0.1390E-01 0.3030E-02 0.3853E-02 0.1040E-01 0.7722E-03 0.6986E-02 0.0000E+00
0.0000E+00 0.2173E-01 0.6035E-03 0.1322E-01 0.3606E-02 0.2523E-02 0.3973E-01 0.2199E-02 0.1818E-02 0.1818E-02 0.5405E-02 0.1946E-01 0.1114E-01 0.7970E-02 0.5487E-02 0.9708E-02 0.3314E-02 0.1662E-02 0.1021E-01 0.2183E-02 0.2945E-02 0.0000E+00
0.0000E+00 0.2285E-01 0.1163E-02 0.8960E-02 0.4184E-02 0.7633E-02 0.3184E-01 0.1755E-02 0.7477E-02 0.2931E-02 0.6627E-02 0.1059E-01 0.1052E-01 0.6999E-02 0.2602E-02 0.4016E-02 0.1920E-02 0.2465E-02 0.1116E-01 0.3633E-02 0.3681E-02 0.0000E+00
0.0000E+00 0.1064E-01 0.1481E-02 0.1905E-01 0.1957E-02 0.3571E-02 0.2019E-01 0.1424E-02 0.7324E-02 0.3447E-02 0.5070E-02 0.1469E-01 0.9230E-02 0.7104E-02 0.1015E-03 0.2770E-02 0.4128E-03 0.1095E-02 0.8216E-02 0.3558E-02 0.5734E-03 0.0000E+00
0.0000E+00 0.9298E-02 0.6046E-03 0.1513E-01 0.2860E-02 0.4335E-02 0.1427E-01 0.2340E-02 0.5308E-02 0.3965E-02 0.5072E-02 0.1199E-01 0.2274E-03 0.4525E-03 0.2027E-02 0.6953E-02 0.1219E-02 0.1283E-02 0.7501E-02 0.2111E-02 0.1385E-02 0.0000E+00
0.0000E+00 0.1553E-01 0.3350E-02 0.7426E-02 0.7251E-02 0.2557E-02 0.1347E-01 0.5057E-02 0.4940E-02 0.2289E-02 0.3337E-02 0.2139E-01 0.4666E-02 0.7419E-03 0.8465E-03 0.4697E-02 0.3290E-02 0.6404E-02 0.7883E-02 0.1370E-02 0.1415E-02 0.0000E+00
0.0000E+00 0.1430E-01 0.8677E-03 0.5927E-02 0.5141E-02 0.6186E-02 0.3022E-01 0.3202E-02 0.2263E-02 0.2197E-02 0.9383E-02 0.2260E-01 0.5098E-02 0.2427E-02 0.5324E-03 0.3906E-02 0.1564E-02 0.3873E-02 0.5562E-02 0.1447E-02 0.2191E-02 0.0000E+00
0.0000E+00 0.9571E-02 0.1036E-02 0.1008E-01 0.5191E-02 0.4499E-02 0.2901E-01 0.3499E-02 0.9247E-03 0.4648E-02 0.6482E-02 0.2255E-01 0.5834E-02 0.5772E-02 0.7320E-03 0.1329E-01 0.1907E-03 0.8289E-02 0.7704E-02 0.1448E-02 0.1330E-02 0.0000E+00
0.0000E+00 0.7615E-02 0.1578E-03 0.7601E-02 0.3563E-02 0.2853E-02 0.2862E-01 0.1423E-02 0.1062E-02 0.4178E-03 0.5404E-02 0.1762E-01 0.2889E-02 0.3585E-02 0.4578E-02 0.9402E-02 0.1752E-02 0.3220E-02 0.4581E-02 0.8408E-02 0.1094E-01 0.0000E+00
0.0000E+00 0.9883E-02 0.3426E-02 0.7792E-02 0.2968E-02 0.9882E-02 0.3009E-01 0.1621E-02 0.7083E-02 0.6092E-02 0.1832E-01 0.1311E-01 0.6543E-02 0.2637E-02 0.1651E-02 0.1156E-01 0.1780E-02 0.6786E-02 0.8595E-02 0.8287E-02 0.8130E-02 0.0000E+00
0.0000E+00 0.1205E-01 0.2955E-02 0.7309E-02 0.9111E-02 0.4725E-02 0.2730E-01 0.1609E-02 0.2539E-02 0.2309E-02 0.6595E-02 0.1594E-01 0.1050E-01 0.4530E-02 0.5578E-02 0.8397E-02 0.9796E-03 0.3938E-02 0.1192E-01 0.6051E-02 0.1101E-01 0.0000E+00
0.0000E+00 0.1149E-01 0.6036E-02 0.5472E-02 0.2023E-03 0.3214E-02 0.2097E-01 0.1027E-02 0.2315E-02 0.9004E-02 0.4811E-02 0.1278E-01 0.1543E-01 0.7375E-02 0.6964E-02 0.3268E-02 0.1124E-02 0.3351E-02 0.7933E-02 0.9735E-02 0.5479E-02 0.0000E+00
0.0000E+00 0.8286E-02 0.1927E-01 0.1618E-02 0.9505E-03 0.1734E-01 0.2349E-01 0.1439E-02 0.1330E-02 0.4468E-02 0.2841E-02 0.9952E-02 0.1303E-01 0.1368E-03 0.1839E-02 0.2926E-03 0.1704E-03 0.8036E-02 0.8106E-02 0.4486E-02 0.7508E-02 0.0000E+00
0.0000E+00 0.7955E-02 0.1207E-01 0.9818E-03 0.1657E-02 0.6505E-02 0.2481E-01 0.1523E-02 0.1266E-02 0.3890E-02 0.1693E-02 0.1120E-01 0.1159E-01 0.7142E-03 0.4637E-02 0.7818E-02 0.5874E-02 0.2197E-01 0.6295E-02 0.7957E-02 0.9546E-02 0.0000E+00
0.0000E+00 0.1140E-01 0.8818E-02 0.7363E-02 0.1332E-02 0.4913E-02 0.1933E-01 0.6252E-02 0.2111E-02 0.1814E-01 0.5903E-02 0.2136E-01 0.2545E-01 0.3699E-02 0.1698E-02 0.2461E-02 0.6933E-02 0.1556E-01 0.1433E-01 0.5160E-02 0.5264E-02 0.0000E+00
0.0000E+00 0.6796E-02 0.1728E-01 0.4076E-02 0.9695E-02 0.6842E-02 0.1434E-01 0.2509E-02 0.8485E-03 0.1103E-01 0.5110E-02 0.2303E-01 0.2062E-01 0.5561E-02 0.4357E-02 0.1696E-02 0.5269E-02 0.7602E-02 0.8878E-02 0.1026E-01 0.6510E-02 0.0000E+00
0.0000E+00 0.1123E-01 0.1669E-01 0.5387E-02 0.7018E-02 0.7975E-02 0.3179E-01 0.2149E-02 0.7126E-03 0.7078E-02 0.4972E-02 0.1396E-01 0.1367E-01 0.7426E-02 0.3283E-02 0.3176E-02 0.3009E-02 0.1220E-01 0.7860E-02 0.8237E-02 0.6257E-03 0.0000E+00
0.0000E+00 0.1489E-01 0.2035E-01 0.7481E-02 0.8099E-02 0.1246E-01 0.2929E-01 0.2489E-02 0.9251E-03 0.5618E-02 0.8692E-02 0.4248E-02 0.1290E-01 0.1441E-01 0.2560E-02 0.2117E-02 0.3503E-02 0.6481E-02 0.5013E-02 0.7367E-02 0.4178E-02 0.0000E+00
0.0000E+00 0.1302E-01 0.2019E-01 0.7482E-02 0.1125E-01 0.7502E-02 0.2047E-01 0.1529E-02 0.6900E-03 0.7028E-02 0.7778E-02 0.3422E-03 0.1177E-01 0.2078E-01 0.2369E-02 0.2403E-03 0.2285E-02 0.1389E-01 0.5539E-02 0.5438E-02 0.2587E-03 0.0000E+00
0.0000E+00 0.6018E-02 0.1123E-01 0.5779E-02 0.9634E-02 0.5738E-02 0.2063E-01 0.1138E-02 0.2248E-02 0.5720E-02 0.1231E-01 0.4413E-02 0.1682E-01 0.1762E-01 0.2724E-02 0.5573E-02 0.1237E-02 0.1950E-01 0.1936E-02 0.1445E-01 0.3261E-02 0.0000E+00
0.0000E+00 0.4194E-02 0.1357E-01 0.5090E-02 0.1169E-01 0.8903E-02 0.2337E-01 0.1535E-02 0.4486E-02 0.1071E-01 0.9613E-02 0.1473E-02 0.1111E-01 0.1021E-01 0.1042E-01 0.2088E-02 0.5350E-02 0.1558E-01 0.7628E-02 0.1128E-01 0.3189E-02 0.0000E+00
0.0000E+00 0.8918E-02 0.1393E-01 0.5659E-02 0.9052E-02 0.4528E-02 0.3909E-01 0.8328E-03 0.2478E-02 0.9976E-02 0.1196E-01 0.1007E-02 0.1793E-01 0.1715E-01 0.9857E-02 0.1594E-02 0.5394E-02 0.1929E-01 0.4659E-02 0.1076E-01 0.4338E-02 0.0000E+00
0.0000E+00 0.1963E-01 0.1599E-01 0.1041E-01 0.1740E-01 0.1459E-01 0.2787E-01 0.2791E-02 0.5544E-02 0.6757E-02 0.1700E-01 0.5463E-02 0.2699E-01 0.9789E-02 0.1187E-01 0.1162E-01 0.3950E-02 0.8530E-02 0.2097E-02 0.8257E-02 0.2650E-03 0.0000E+00
0.0000E+00 0.9564E-02 0.1005E-01 0.8751E-02 0.1718E-01 0.1327E-01 0.2943E-01 0.6379E-02 0.3050E-02 0.4413E-02 0.1422E-01 0.3785E-02 0.1853E-01 0.1359E-01 0.7194E-02 0.1685E-01 0.1183E-01 0.1025E-01 0.1431E-02 0.7406E-02 0.3352E-02 0.0000E+00
0.0000E+00 0.7440E-02 0.8372E-02 0.4817E-02 0.2006E-01 0.5728E-02 0.1952E-01 0.4280E-02 0.9471E-02 0.2030E-01 0.2698E-01 0.7239E-02 0.1938E-01 0.1923E-01 0.5103E-02 0.2478E-01 0.1696E-02 0.7088E-02 0.3531E-02 0.1534E-01 0.1419E-02 0.0000E+00
0.0000E+00 0.1077E-01 0.8474E-02 0.6825E-02 0.1630E-01 0.1469E-01 0.2533E-01 0.1084E-01 0.7706E-02 0.1952E-01 0.1702E-01 0.3292E-02 0.1499E-01 0.1971E-01 0.1798E-02 0.2199E-01 0.2220E-02 0.3887E-02 0.9085E-03 0.8243E-02 0.6025E-02 0.0000E+00
0.0000E+00 0.7429E-02 0.9977E-02 0.1668E-01 0.9614E-02 0.2447E-01 0.2664E-01 0.2602E-02 0.5564E-02 0.1893E-01 0.1673E-01 0.9323E-04 0.1949E-01 0.1793E-01 0.3459E-02 0.1545E-01 0.8260E-02 0.2201E-02 0.5673E-02 0.6944E-02 0.3479E-02 0.0000E+00
0.0000E+00 0.9002E-02 0.1890E-01 0.7436E-02 0.7918E-02 0.2016E-01 0.2982E-01 0.3764E-02 0.3793E-02 0.2140E-01 0.1383E-01 0.4989E-02 0.1183E-01 0.1277E-01 0.2600E-02 0.1740E-01 0.3407E-02 0.2016E-02 0.3131E-02 0.8410E-02 0.3303E-02 0.0000E+00
0.0000E+00 0.1155E-01 0.2469E-01 0.1836E-01 0.2620E-01 0.1495E-01 0.3925E-01 0.4536E-02 0.6446E-02 0.1892E-01 0.1067E-01 0.2094E-02 0.1415E-01 0.2182E-01 0.2097E-01 0.2292E-01 0.2504E-02 0.1720E-02 0.2291E-02 0.6700E-02 0.2064E-02 0.0000E+00
0.0000E+00 0.5946E-02 0.1377E-01 0.1273E-01 0.5336E-02 0.1136E-01 0.2440E-01 0.8032E-02 0.4463E-02 0.1355E-01 0.1619E-01 0.5238E-02 0.9686E-02 0.2008E-01 0.1596E-01 0.1799E-03 0.3510E-02 0.1868E-02 0.1745E-02 0.1692E-01 0.4425E-03 0.0000E+00
0.0000E+00 0.6561E-02 0.9943E-02 0.1882E-01 0.1044E-01 0.2761E-01 0.2305E-01 0.5170E-02 0.1111E-01 0.1923E-01 0.2329E-01 0.8614E-02 0.2124E-01 0.1375E-01 0.2347E-01 0.2692E-02 0.1831E-02 0.2147E-02 0.1704E-02 0.8538E-02 0.4087E-02 0.0000E+00
0.0000E+00 0.3578E-02 0.7612E-02 0.1353E-01 0.4161E-02 0.2450E-01 0.4521E-03 0.2855E-02 0.2674E-01 0.3415E-01 0.1938E-01 0.2067E-01 0.2045E-01 0.1176E-01 0.2029E-01 0.6760E-02 0.4947E-02 0.3219E-02 0.2149E-02 0.8808E-02 0.3010E-02 0.0000E+00
0.0000E+00 0.0000E+00 0.0000E+00 0.0000E+00 0.0000E+00 0.0000E+00 0.0000E+00 0.0000E+00 0.0000E+00 0.0000E+00 0.0000E+00 0.0000E+00 0.0000E+00 0.0000E+00 0.0000E+00 0.0000E+00 0.0000E+00 0.0000E+00 0.0000E+00 0.0000E+00 0.0000E+00 0.0000E+00
