p1_rainA_lowsm_sedtr.asc
ncols     22
nrows     62
xllcorner      0.00000000
yllcorner      0.00000000
cellsize      0.50000000
nodata_value -9999
0.0000E+00 0.0000E+00 0.0000E+00 0.0000E+00 0.0000E+00 0.0000E+00 0.0000E+00 0.0000E+00 0.0000E+00 0.0000E+00 0.0000E+00 0.0000E+00 0.0000E+00 0.0000E+00 0.0000E+00 0.0000E+00 0.0000E+00 0.0000E+00 0.0000E+00 0.0000E+00 0.0000E+00 0.0000E+00
0.0000E+00 0.4713E+00 0.3123E+00 0.6182E-01 0.1175E+00 0.5778E+00 0.7851E-01 0.3022E+00 0.4764E+00 0.1794E+00 0.8946E-01 0.1347E+00 0.9364E-01 0.9084E-01 0.9693E-01 0.3386E-01 0.8538E-01 0.9682E-01 0.2231E+00 0.4404E+00 0.4428E+00 0.0000E+00
0.0000E+00 0.8729E+00 0.2983E+00 0.1437E+00 0.2316E+00 0.8565E+00 0.1980E+00 0.6816E+00 0.5372E+00 0.3316E+00 0.4698E+00 0.4171E+00 0.5776E+00 0.2946E+00 0.1319E+00 0.9727E-01 0.1481E+00 0.2450E+00 0.6970E+00 0.3767E+00 0.3487E+00 0.0000E+00
0.0000E+00 0.7346E+00 0.8249E+00 0.2531E+00 0.7659E+00 0.9185E+00 0.2381E+00 0.6198E+00 0.4575E+00 0.4682E+00 0.4148E+00 0.3571E+00 0.4691E+00 0.2849E+00 0.6245E+00 0.2090E+00 0.3254E+00 0.2838E+00 0.6898E+00 0.6907E+00 0.5655E+00 0.0000E+00
0.0000E+00 0.7842E+00 0.1336E+01 0.8256E+00 0.1110E+01 0.1435E+01 0.7144E+00 0.8936E+00 0.8869E+00 0.8025E+00 0.4118E+00 0.3873E+00 0.8965E+00 0.5881E+00 0.5890E+00 0.2863E+00 0.3613E+00 0.2943E+00 0.7517E+00 0.9581E+00 0.5127E+00 0.0000E+00
0.0000E+00 0.1008E+01 0.1332E+01 0.1343E+01 0.9340E+00 0.1596E+01 0.1228E+01 0.1185E+01 0.7552E+00 0.9709E+00 0.6858E+00 0.3942E+00 0.8518E+00 0.5774E+00 0.5456E+00 0.7404E+00 0.3756E+00 0.3341E+00 0.7648E+00 0.8257E+00 0.9641E+00 0.0000E+00
0.0000E+00 0.1252E+01 0.1806E+01 0.1355E+01 0.1442E+01 0.1880E+01 0.1673E+01 0.9969E+00 0.1121E+01 0.9790E+00 0.8942E+00 0.6774E+00 0.1052E+01 0.5644E+00 0.5346E+00 0.1016E+01 0.4953E+00 0.3634E+00 0.7055E+00 0.7282E+00 0.8292E+00 0.0000E+00
0.0000E+00 0.1078E+01 0.1713E+01 0.1490E+01 0.1221E+01 0.1895E+01 0.1754E+01 0.1058E+01 0.1108E+01 0.9259E+00 0.1415E+01 0.8009E+00 0.9164E+00 0.1028E+01 0.6124E+00 0.1315E+01 0.5757E+00 0.3829E+00 0.9491E+00 0.8588E+00 0.7345E+00 0.0000E+00
0.0000E+00 0.1252E+01 0.1839E+01 0.1294E+01 0.1485E+01 0.1831E+01 0.1603E+01 0.1361E+01 0.1066E+01 0.8304E+00 0.1179E+01 0.8621E+00 0.8638E+00 0.8863E+00 0.7606E+00 0.1403E+01 0.7393E+00 0.4193E+00 0.9322E+00 0.8137E+00 0.1063E+01 0.0000E+00
0.0000E+00 0.1152E+01 0.1900E+01 0.1322E+01 0.1535E+01 0.1704E+01 0.1759E+01 0.1291E+01 0.1343E+01 0.1013E+01 0.1059E+01 0.9840E+00 0.1107E+01 0.1072E+01 0.8955E+00 0.1615E+01 0.7979E+00 0.5093E+00 0.9738E+00 0.1084E+01 0.9049E+00 0.0000E+00
0.0000E+00 0.1225E+01 0.1773E+01 0.1207E+01 0.1659E+01 0.2015E+01 0.1612E+01 0.1163E+01 0.1439E+01 0.8912E+00 0.1331E+01 0.8980E+00 0.1259E+01 0.9486E+00 0.8206E+00 0.1763E+01 0.7009E+00 0.5542E+00 0.1293E+01 0.1203E+01 0.8030E+00 0.0000E+00
0.0000E+00 0.1114E+01 0.1750E+01 0.1094E+01 0.1457E+01 0.1739E+01 0.1689E+01 0.1076E+01 0.1470E+01 0.1029E+01 0.1365E+01 0.9523E+00 0.1189E+01 0.1257E+01 0.1047E+01 0.1716E+01 0.9427E+00 0.6555E+00 0.1176E+01 0.1252E+01 0.9898E+00 0.0000E+00
0.0000E+00 0.1187E+01 0.2051E+01 0.1342E+01 0.1735E+01 0.1815E+01 0.1507E+01 0.1460E+01 0.1304E+01 0.1287E+01 0.1571E+01 0.9899E+00 0.1248E+01 0.1382E+01 0.9404E+00 0.1521E+01 0.9457E+00 0.5637E+00 0.1028E+01 0.1106E+01 0.8747E+00 0.0000E+00
0.0000E+00 0.1222E+01 0.1774E+01 0.1280E+01 0.1730E+01 0.1611E+01 0.1937E+01 0.2556E+01 0.1305E+01 0.1254E+01 0.2322E+01 0.1029E+01 0.1201E+01 0.1436E+01 0.1076E+01 0.1377E+01 0.1114E+01 0.7596E+00 0.1110E+01 0.1160E+01 0.9682E+00 0.0000E+00
0.0000E+00 0.1422E+01 0.1597E+01 0.1594E+01 0.1935E+01 0.1762E+01 0.2124E+01 0.2248E+01 0.9014E-01 0.1007E+00 0.2411E+01 0.1050E+01 0.1328E+01 0.1258E+01 0.1231E+01 0.1256E+01 0.1271E+01 0.7083E+00 0.1327E+01 0.1189E+01 0.1254E+01 0.0000E+00
0.0000E+00 0.1783E+01 0.1560E+01 0.1734E+01 0.1950E+01 0.1809E+01 0.2111E+01 0.2075E+01 0.8610E+00 0.5235E+00 0.2575E+01 0.1143E+01 0.1350E+01 0.1127E+01 0.1109E+01 0.1198E+01 0.1215E+01 0.7852E+00 0.1400E+01 0.1156E+01 0.1359E+01 0.0000E+00
0.0000E+00 0.1557E+01 0.2054E+01 0.1573E+01 0.2199E+01 0.1799E+01 0.2371E+01 0.2113E+01 0.1283E+01 0.1063E+01 0.2645E+01 0.1037E+01 0.1223E+01 0.1069E+01 0.1484E+01 0.1103E+01 0.1224E+01 0.7209E+00 0.1408E+01 0.1069E+01 0.1480E+01 0.0000E+00
0.0000E+00 0.1741E+01 0.1909E+01 0.1572E+01 0.2222E+01 0.1653E+01 0.2374E+01 0.1976E+01 0.1412E+01 0.1319E+01 0.2587E+01 0.1008E+01 0.1386E+01 0.1076E+01 0.1323E+01 0.1536E+01 0.1276E+01 0.9132E+00 0.1542E+01 0.1176E+01 0.1654E+01 0.0000E+00
0.0000E+00 0.2041E+01 0.1980E+01 0.1521E+01 0.2457E+01 0.2017E+01 0.2402E+01 0.2916E+01 0.1199E+01 0.1346E+01 0.2346E+01 0.1019E+01 0.1402E+01 0.1049E+01 0.1346E+01 0.1388E+01 0.1351E+01 0.1071E+01 0.1722E+01 0.1055E+01 0.1479E+01 0.0000E+00
0.0000E+00 0.1859E+01 0.2168E+01 0.1521E+01 0.2216E+01 0.2119E+01 0.2565E+01 0.2664E+01 0.7811E-01 0.1602E+01 0.2297E+01 0.9876E+00 0.1561E+01 0.1093E+01 0.1320E+01 0.1382E+01 0.1578E+01 0.1348E+01 0.1679E+01 0.1028E+01 0.1882E+01 0.0000E+00
0.0000E+00 0.1991E+01 0.2219E+01 0.1575E+01 0.1985E+01 0.3770E+01 0.4595E+01 0.2614E+01 0.3939E+00 0.1755E+01 0.2306E+01 0.8920E+00 0.1412E+01 0.1113E+01 0.2248E+01 0.1237E+01 0.1368E+01 0.1189E+01 0.1884E+01 0.1250E+01 0.1932E+01 0.0000E+00
0.0000E+00 0.2020E+01 0.2070E+01 0.1708E+01 0.3469E+00 0.7431E+01 0.4371E+01 0.2831E+00 0.6229E+00 0.1629E+01 0.2192E+01 0.2033E+01 0.1344E+01 0.1159E+01 0.2087E+01 0.4998E-01 0.1424E+01 0.2316E+01 0.1815E+01 0.1438E+01 0.1866E+01 0.0000E+00
0.0000E+00 0.1807E+01 0.1965E+01 0.1729E+01 0.7669E+00 0.6911E+01 0.1368E+00 0.1197E+00 0.1025E+01 0.1731E+01 0.2195E+01 0.1887E+01 0.8102E-01 0.1270E+01 0.1990E+01 0.7076E+00 0.4116E+00 0.2321E+01 0.1859E+01 0.1305E+01 0.1796E+01 0.0000E+00
0.0000E+00 0.1895E+01 0.1997E+01 0.2234E+01 0.7856E+00 0.6576E+01 0.1888E+00 0.5237E+00 0.8643E+00 0.1736E+01 0.2179E+01 0.1915E+01 0.1574E+00 0.1161E+01 0.1957E+01 0.5781E+00 0.6891E+00 0.2200E+01 0.1743E+01 0.2750E+01 0.1846E+01 0.0000E+00
0.0000E+00 0.1884E+01 0.2136E+01 0.2068E+01 0.1272E+00 0.6378E+01 0.2290E+00 0.1080E+01 0.7173E+00 0.1603E+01 0.2001E+01 0.1811E+01 0.2365E+00 0.1116E+01 0.1883E+01 0.7277E+00 0.7644E+00 0.2017E+01 0.1584E+01 0.2491E+01 0.1793E+00 0.0000E+00
0.0000E+00 0.1786E+01 0.2294E+01 0.1861E+01 0.5997E+00 0.6256E+01 0.7902E+00 0.1077E+01 0.9535E-01 0.1586E+01 0.1912E+01 0.1728E+01 0.4139E+00 0.1138E+01 0.1791E+01 0.6218E+00 0.1055E+01 0.1969E+01 0.1733E+01 0.2403E+01 0.3693E+00 0.0000E+00
0.0000E+00 0.1718E+01 0.2181E+01 0.1853E+01 0.4843E+00 0.6182E+01 0.6447E+01 0.1219E+01 0.2309E+00 0.1558E+01 0.1828E+01 0.1721E+01 0.5955E+00 0.1117E+01 0.1746E+01 0.9728E+00 0.1280E+01 0.2062E+01 0.1979E+01 0.2440E+01 0.6376E+00 0.0000E+00
0.0000E+00 0.3462E+01 0.2040E+01 0.1744E+01 0.1207E+00 0.5004E+00 0.8679E+01 0.2729E+01 0.1973E+01 0.1666E+01 0.1748E+01 0.1884E+01 0.7592E+00 0.1046E+01 0.1795E+01 0.8058E+00 0.1342E+01 0.1874E+01 0.5527E+01 0.2299E+01 0.7656E+00 0.0000E+00
0.0000E+00 0.3208E+01 0.5648E-01 0.1789E+01 0.6215E+00 0.3285E+00 0.8206E+01 0.1742E+00 0.5167E+00 0.3433E+00 0.1851E+01 0.1798E+01 0.1023E+01 0.1285E+01 0.1758E+01 0.7452E+00 0.1148E+01 0.4404E+00 0.5265E+01 0.4058E+00 0.1008E+01 0.0000E+00
0.0000E+00 0.3072E+01 0.1604E+00 0.1629E+01 0.7402E+00 0.3899E+00 0.7916E+01 0.4768E+00 0.8250E+00 0.3809E+00 0.1916E+01 0.1808E+01 0.1197E+01 0.1517E+01 0.2088E+01 0.1327E+01 0.1200E+01 0.9416E+00 0.5079E+01 0.3693E+00 0.1362E+01 0.0000E+00
0.0000E+00 0.3276E+01 0.2132E+00 0.1860E+01 0.8051E+00 0.4796E+00 0.7758E+01 0.6470E+00 0.7858E+00 0.6843E+00 0.1906E+01 0.2249E+01 0.1391E+01 0.1592E+01 0.2039E+01 0.1492E+01 0.1233E+01 0.1019E+01 0.4925E+01 0.6884E+00 0.1346E+01 0.0000E+00
0.0000E+00 0.3372E+01 0.3392E+00 0.1893E+01 0.1067E+01 0.9485E+00 0.7518E+01 0.7509E+00 0.1244E+01 0.9457E+00 0.2024E+01 0.2252E+01 0.1596E+01 0.1649E+01 0.1886E+01 0.2921E+01 0.1259E+01 0.1116E+01 0.4820E+01 0.1771E+01 0.1424E+01 0.0000E+00
0.0000E+00 0.3154E+01 0.4385E+00 0.2195E+01 0.8960E+00 0.9589E+00 0.7289E+01 0.8122E+00 0.1420E+01 0.1022E+01 0.2067E+01 0.4661E+01 0.2890E+01 0.1743E+01 0.7130E-01 0.2694E+01 0.1046E+01 0.9519E+00 0.4689E+01 0.1665E+01 0.2006E+00 0.0000E+00
0.0000E+00 0.3088E+01 0.3883E+00 0.2290E+01 0.8586E+00 0.1045E+01 0.7073E+01 0.1047E+01 0.1517E+01 0.1190E+01 0.2113E+01 0.4339E+01 0.9255E-01 0.1199E+00 0.3570E+00 0.2667E+01 0.9854E+00 0.9035E+00 0.4601E+01 0.1488E+01 0.5437E+00 0.0000E+00
0.0000E+00 0.3191E+01 0.6251E+00 0.2054E+01 0.1199E+01 0.9341E+00 0.6978E+01 0.1350E+01 0.1533E+01 0.1099E+01 0.2048E+01 0.4244E+01 0.7182E+00 0.2296E+00 0.4170E+00 0.2581E+01 0.1012E+01 0.1301E+01 0.4558E+01 0.1309E+01 0.6452E+00 0.0000E+00
0.0000E+00 0.3210E+01 0.5126E+00 0.1979E+01 0.1313E+01 0.1090E+01 0.7069E+01 0.2257E+01 0.1365E+01 0.1173E+01 0.2262E+01 0.4166E+01 0.1059E+01 0.6276E+00 0.3947E+00 0.3337E+01 0.9480E+00 0.1408E+01 0.4484E+01 0.1226E+01 0.8771E+00 0.0000E+00
0.0000E+00 0.3477E+01 0.5062E+00 0.2106E+01 0.1359E+01 0.1102E+01 0.8629E+01 0.1948E+01 0.4332E+00 0.1353E+01 0.3263E+01 0.4095E+01 0.1295E+01 0.1022E+01 0.3943E+00 0.3353E+01 0.8880E-01 0.1727E+01 0.4474E+01 0.1156E+01 0.7407E+00 0.0000E+00
0.0000E+00 0.3362E+01 0.8251E-01 0.2088E+01 0.1255E+01 0.1018E+01 0.8393E+01 0.3146E+00 0.3931E+00 0.1628E+00 0.3064E+01 0.3969E+01 0.1061E+01 0.1118E+01 0.8308E+00 0.3285E+01 0.4003E+00 0.1449E+01 0.4403E+01 0.1450E+01 0.1249E+01 0.0000E+00
0.0000E+00 0.3301E+01 0.6789E+00 0.2085E+01 0.1153E+01 0.1374E+01 0.8240E+01 0.4877E+00 0.9926E+00 0.7768E+00 0.3199E+01 0.3835E+01 0.1325E+01 0.1096E+01 0.6946E+00 0.3294E+01 0.4944E+00 0.1599E+01 0.4447E+01 0.1554E+01 0.1392E+01 0.0000E+00
0.0000E+00 0.3306E+01 0.9199E+00 0.3123E+01 0.1433E+01 0.1391E+01 0.8101E+01 0.6300E+00 0.8071E+00 0.6968E+00 0.2949E+01 0.3789E+01 0.1543E+01 0.1096E+01 0.9767E+00 0.3197E+01 0.4618E+00 0.1459E+01 0.4521E+01 0.1499E+01 0.1652E+01 0.0000E+00
0.0000E+00 0.3305E+01 0.3376E+01 0.2901E+01 0.1043E+00 0.1228E+01 0.7973E+01 0.6686E+00 0.9092E+00 0.3345E+01 0.2821E+01 0.3711E+01 0.5572E+01 0.4644E+01 0.4006E+01 0.3388E+01 0.6402E+00 0.1522E+01 0.4488E+01 0.1702E+01 0.1468E+01 0.0000E+00
0.0000E+00 0.3232E+01 0.3352E+01 0.4271E+00 0.2035E+00 0.1680E+01 0.8422E+01 0.7784E+00 0.9476E+00 0.3096E+01 0.4915E+00 0.3656E+01 0.5178E+01 0.9935E-01 0.5264E+00 0.1294E+00 0.9330E-01 0.1728E+01 0.4521E+01 0.1525E+01 0.1570E+01 0.0000E+00
0.0000E+00 0.3220E+01 0.3168E+01 0.4014E+00 0.4544E+00 0.1554E+01 0.8277E+01 0.3648E+00 0.8183E+00 0.2958E+01 0.4811E+00 0.3640E+01 0.4918E+01 0.2002E+00 0.9013E+00 0.9058E+00 0.6730E+00 0.2166E+01 0.4515E+01 0.1669E+01 0.1764E+01 0.0000E+00
0.0000E+00 0.3300E+01 0.3027E+01 0.9356E+00 0.4366E+00 0.1405E+01 0.8172E+01 0.9598E+00 0.7825E+00 0.3200E+01 0.9307E+00 0.3784E+01 0.4825E+01 0.6294E+00 0.7327E+00 0.7336E+00 0.1117E+01 0.2233E+01 0.4693E+01 0.1576E+01 0.1602E+01 0.0000E+00
0.0000E+00 0.3211E+01 0.3122E+01 0.9364E+00 0.9898E+00 0.1460E+01 0.7993E+01 0.9166E+00 0.7086E+00 0.3155E+01 0.1058E+01 0.3828E+01 0.4669E+01 0.9148E+00 0.1023E+01 0.6569E+00 0.1257E+01 0.1935E+01 0.4681E+01 0.2981E+01 0.1699E+01 0.0000E+00
0.0000E+00 0.3342E+01 0.3145E+01 0.1027E+01 0.1185E+01 0.1529E+01 0.8120E+01 0.1316E+01 0.6867E+00 0.3048E+01 0.1262E+01 0.3712E+01 0.4523E+01 0.1132E+01 0.1203E+01 0.9621E+00 0.1044E+01 0.2045E+01 0.4712E+01 0.2867E+01 0.2276E+00 0.0000E+00
0.0000E+00 0.3503E+01 0.3239E+01 0.1206E+01 0.1262E+01 0.1742E+01 0.9066E+01 0.1166E+01 0.3145E+00 0.2959E+01 0.4351E+01 0.3397E+01 0.4451E+01 0.1479E+01 0.1239E+01 0.1078E+01 0.1831E+01 0.1799E+01 0.4636E+01 0.3064E+01 0.7051E+00 0.0000E+00
0.0000E+00 0.3577E+01 0.3298E+01 0.1426E+01 0.1526E+01 0.1699E+01 0.9093E+01 0.4281E+00 0.3551E+00 0.2970E+01 0.4169E+01 0.1146E+00 0.4399E+01 0.1841E+01 0.1104E+01 0.1048E+00 0.1575E+01 0.7532E+01 0.4652E+01 0.2734E+01 0.1054E+00 0.0000E+00
0.0000E+00 0.3429E+01 0.3148E+01 0.1451E+01 0.1563E+01 0.1691E+01 0.8908E+01 0.3317E+00 0.6006E+00 0.2948E+01 0.4101E+01 0.7282E+00 0.4424E+01 0.1983E+01 0.1080E+01 0.7512E+00 0.3726E+00 0.7282E+01 0.4257E+00 0.2730E+01 0.6797E+00 0.0000E+00
0.0000E+00 0.3321E+01 0.3156E+01 0.1424E+01 0.1752E+01 0.1809E+01 0.8788E+01 0.5684E+00 0.9537E+00 0.3053E+01 0.4450E+01 0.6515E+00 0.4353E+01 0.1700E+01 0.1477E+01 0.6449E+00 0.9431E+00 0.7072E+01 0.9835E+00 0.2626E+01 0.9817E+00 0.0000E+00
0.0000E+00 0.3423E+01 0.3166E+01 0.1438E+01 0.1810E+01 0.1638E+01 0.8871E+01 0.5484E+00 0.8488E+00 0.3085E+01 0.4343E+01 0.3140E+00 0.4406E+01 0.1907E+01 0.1663E+01 0.5886E+00 0.1160E+01 0.6914E+01 0.1062E+01 0.3328E+01 0.1105E+01 0.0000E+00
0.0000E+00 0.3664E+01 0.3191E+01 0.1667E+01 0.2061E+01 0.1874E+01 0.8756E+01 0.7307E+00 0.1172E+01 0.3058E+01 0.4336E+01 0.8602E+00 0.4568E+01 0.1657E+01 0.1839E+01 0.1144E+01 0.1204E+01 0.7183E+01 0.9466E+00 0.3053E+01 0.9820E-01 0.0000E+00
0.0000E+00 0.3580E+01 0.3122E+01 0.1720E+01 0.2192E+01 0.1920E+01 0.8767E+01 0.1186E+01 0.1113E+01 0.2968E+01 0.4299E+01 0.9777E+00 0.4520E+01 0.1680E+01 0.1816E+01 0.8167E+01 0.7687E+01 0.6978E+01 0.4494E+00 0.2875E+01 0.6138E+00 0.0000E+00
0.0000E+00 0.3529E+01 0.3059E+01 0.1526E+01 0.2334E+01 0.1706E+01 0.8675E+01 0.1238E+01 0.1439E+01 0.3289E+01 0.4456E+01 0.1371E+01 0.4557E+01 0.3026E+01 0.1587E+01 0.7814E+01 0.3610E+00 0.8134E+00 0.6990E+00 0.2915E+01 0.5147E+00 0.0000E+00
0.0000E+00 0.3622E+01 0.3049E+01 0.1560E+01 0.2319E+01 0.1869E+01 0.8694E+01 0.1673E+01 0.1535E+01 0.3385E+01 0.5314E+01 0.1305E+01 0.4525E+01 0.2874E+01 0.3720E+00 0.7539E+01 0.6024E+00 0.1018E+01 0.5601E+00 0.2772E+01 0.8558E+00 0.0000E+00
0.0000E+00 0.3595E+01 0.3077E+01 0.1810E+01 0.2058E+01 0.2173E+01 0.8740E+01 0.1392E+01 0.1637E+01 0.3435E+01 0.5110E+01 0.7210E-01 0.4611E+01 0.2711E+01 0.5911E+00 0.7364E+01 0.1077E+01 0.8483E+00 0.1052E+01 0.2702E+01 0.1013E+01 0.0000E+00
0.0000E+00 0.3655E+01 0.3304E+01 0.1623E+01 0.1876E+01 0.2270E+01 0.8833E+01 0.1421E+01 0.1468E+01 0.3512E+01 0.4971E+01 0.6846E+00 0.4543E+01 0.2452E+01 0.6142E+00 0.7279E+01 0.8906E+00 0.7604E+00 0.1029E+01 0.3439E+01 0.1049E+01 0.0000E+00
0.0000E+00 0.3767E+01 0.3543E+01 0.3460E+01 0.2226E+01 0.2196E+01 0.9030E+01 0.1383E+01 0.1474E+01 0.3541E+01 0.4839E+01 0.6319E+00 0.4594E+01 0.2503E+01 0.7556E+01 0.7240E+01 0.7808E+00 0.7004E+00 0.1059E+01 0.3522E+01 0.5387E+00 0.0000E+00
0.0000E+00 0.3654E+01 0.3480E+01 0.3139E+01 0.6820E+00 0.2036E+01 0.8928E+01 0.1629E+01 0.1387E+01 0.3495E+01 0.4824E+01 0.9773E+00 0.4559E+01 0.2483E+01 0.7389E+01 0.9583E-01 0.9553E+00 0.7501E+00 0.9366E+00 0.3470E+01 0.1874E+00 0.0000E+00
0.0000E+00 0.3714E+01 0.3411E+01 0.3058E+01 0.1154E+01 0.1076E+02 0.8962E+01 0.1605E+01 0.1742E+01 0.3594E+01 0.4914E+01 0.1338E+01 0.4796E+01 0.2313E+01 0.7344E+01 0.6021E+00 0.8474E+00 0.7866E+00 0.8914E+00 0.3249E+01 0.7047E+00 0.0000E+00
0.0000E+00 0.3644E+01 0.3358E+01 0.3545E+01 0.1002E+01 0.1079E+02 0.3289E+00 0.1621E+01 0.9475E+01 0.8251E+01 0.4901E+01 0.7533E+01 0.6705E+01 0.2246E+01 0.8531E+01 0.1685E+01 0.1107E+01 0.1734E+01 0.1070E+01 0.3832E+01 0.1008E+01 0.0000E+00
0.0000E+00 0.0000E+00 0.0000E+00 0.0000E+00 0.0000E+00 0.0000E+00 0.0000E+00 0.0000E+00 0.0000E+00 0.0000E+00 0.0000E+00 0.0000E+00 0.0000E+00 0.0000E+00 0.0000E+00 0.0000E+00 0.0000E+00 0.0000E+00 0.0000E+00 0.0000E+00 0.0000E+00 0.0000E+00
