p1_rainE_lowsm_sedtr.asc
ncols     22
nrows     62
xllcorner      0.00000000
yllcorner      0.00000000
cellsize      0.50000000
nodata_value -9999
0.0000E+00 0.0000E+00 0.0000E+00 0.0000E+00 0.0000E+00 0.0000E+00 0.0000E+00 0.0000E+00 0.0000E+00 0.0000E+00 0.0000E+00 0.0000E+00 0.0000E+00 0.0000E+00 0.0000E+00 0.0000E+00 0.0000E+00 0.0000E+00 0.0000E+00 0.0000E+00 0.0000E+00 0.0000E+00
0.0000E+00 0.2201E-04 0.4568E-06 -.1274E-06 -.1333E-06 0.1045E-05 -.3666E-06 0.2455E-06 0.8830E-06 0.1301E-06 -.6259E-07 0.1277E-06 0.9288E-08 0.4473E-07 0.1475E-06 -.3229E-07 0.1235E-06 -.1281E-07 0.2853E-06 0.1155E-04 0.1043E-03 0.0000E+00
0.0000E+00 0.2428E-03 -.1823E-06 -.2253E-07 -.9428E-07 0.1938E-06 0.7321E-07 0.1707E-05 -.1086E-06 0.5388E-07 0.7645E-05 0.1448E-06 0.3569E-04 0.1298E-06 -.1775E-06 -.6766E-08 -.5449E-07 0.6731E-07 0.1131E-03 -.1004E-06 0.2612E-06 0.0000E+00
0.0000E+00 0.4165E-04 0.2070E-03 -.1143E-06 0.4230E-05 -.4843E-07 -.2915E-06 -.1437E-06 -.2641E-06 0.1505E-06 -.1432E-06 -.1189E-06 -.1728E-06 -.2774E-06 0.5377E-06 -.9190E-07 0.2455E-06 -.6666E-07 0.1198E-04 0.1700E-04 0.5186E-06 0.0000E+00
0.0000E+00 0.9524E-05 0.1833E-03 0.1467E-04 0.7214E-06 0.3941E-06 0.2900E-06 0.6862E-07 0.3518E-06 0.2108E-06 -.1975E-06 -.9534E-07 0.6758E-06 0.1821E-05 -.1712E-06 -.5449E-07 -.1577E-07 -.5994E-07 0.2879E-05 0.6517E-04 -.2178E-06 0.0000E+00
0.0000E+00 0.2793E-06 0.3081E-04 0.1385E-05 -.6290E-06 -.3162E-07 0.4889E-06 0.1345E-05 -.5012E-06 0.1246E-06 0.2366E-06 -.2240E-06 -.8157E-07 0.7860E-06 -.8140E-07 0.3392E-04 -.9071E-07 -.1980E-07 0.3265E-07 0.1480E-04 0.3904E-05 0.0000E+00
0.0000E+00 0.8503E-07 0.6071E-04 -.3182E-06 0.7094E-06 0.2117E-05 0.2654E-05 -.5432E-06 0.6043E-06 -.1380E-06 0.1322E-05 0.1496E-06 0.2572E-06 -.2139E-06 -.1122E-06 0.3706E-04 0.1911E-05 -.9507E-08 -.3233E-07 -.9873E-07 -.1510E-06 0.0000E+00
0.0000E+00 -.2688E-06 0.4523E-06 0.1227E-05 -.4587E-06 0.1461E-04 0.4907E-07 -.6927E-07 -.2130E-07 -.2694E-06 0.9245E-06 -.7686E-07 -.3662E-06 0.9732E-06 -.2285E-06 0.6133E-05 -.1507E-07 -.5651E-08 0.5176E-04 0.2822E-06 -.1823E-06 0.0000E+00
0.0000E+00 0.1652E-04 0.5469E-04 -.2726E-06 0.8585E-04 0.7570E-05 -.1532E-06 0.3752E-06 -.1623E-06 -.1862E-06 -.3619E-06 0.1101E-06 -.1243E-06 -.3237E-06 0.1156E-06 0.3313E-07 0.6413E-07 -.1112E-07 0.6857E-05 -.2374E-06 0.5306E-05 0.0000E+00
0.0000E+00 -.2285E-06 0.1952E-05 0.1856E-06 0.2429E-04 -.1041E-06 0.5099E-06 -.1789E-06 0.2945E-06 0.3221E-06 -.3180E-06 0.2189E-06 0.3142E-06 0.2976E-06 0.1013E-06 0.2501E-06 -.1779E-07 0.4572E-06 0.1177E-05 0.1282E-05 -.2475E-06 0.0000E+00
0.0000E+00 0.1024E-05 -.1030E-06 -.1766E-06 0.6797E-05 0.2813E-05 -.2327E-06 -.1749E-06 0.1748E-06 -.4481E-06 0.7075E-06 -.2789E-06 0.2736E-06 -.3248E-06 0.1631E-06 0.2537E-04 -.3303E-06 -.1050E-06 0.6608E-04 0.6488E-05 -.2620E-06 0.0000E+00
0.0000E+00 -.1535E-06 0.3746E-06 -.1727E-06 0.7993E-06 -.3574E-06 0.4375E-06 -.4381E-06 0.2371E-06 0.2186E-06 -.1035E-06 0.1186E-06 -.1902E-06 0.5084E-05 0.2474E-06 0.2065E-05 0.9138E-06 0.6651E-07 0.3311E-05 0.5464E-06 0.4924E-06 0.0000E+00
0.0000E+00 0.2894E-06 0.4905E-03 0.3218E-04 0.1472E-04 0.4829E-06 -.7484E-06 0.1003E-05 -.3718E-06 0.4118E-04 0.1009E-04 -.1748E-07 0.1147E-06 0.5017E-05 -.2615E-06 0.1524E-06 0.1151E-06 -.2292E-06 -.1075E-06 -.1048E-06 -.2165E-06 0.0000E+00
0.0000E+00 0.6829E-07 0.5675E-04 0.6192E-05 0.8034E-05 -.5010E-06 0.8448E-06 0.4906E-05 0.2065E-06 0.3610E-06 -.3806E-06 0.1163E-06 -.1547E-06 0.4778E-05 0.1337E-06 -.1483E-06 0.7421E-05 0.2600E-06 0.1630E-05 0.7407E-07 0.3396E-07 0.0000E+00
0.0000E+00 0.2516E-04 -.1673E-06 0.2100E-04 0.2131E-03 0.5740E-04 0.1272E-04 -.2658E-06 -.2011E-06 -.3408E-06 0.3576E-06 -.1952E-06 0.2590E-06 -.8413E-07 0.4226E-06 -.2557E-06 0.4453E-06 -.3240E-06 0.1253E-04 -.4441E-07 0.1761E-05 0.0000E+00
0.0000E+00 0.3844E-06 -.2488E-06 0.2582E-04 0.5864E-04 0.1832E-04 0.2003E-06 -.2108E-06 0.1238E-04 0.1350E-05 0.2824E-06 0.5018E-08 0.3185E-05 -.1134E-06 -.1919E-06 0.1265E-06 -.1073E-07 0.6624E-07 0.1049E-05 -.1127E-06 0.3967E-07 0.0000E+00
0.0000E+00 -.4588E-06 0.3654E-03 -.1772E-06 0.3191E-04 0.2737E-05 0.1460E-03 0.2803E-06 0.5334E-04 0.7317E-04 0.1043E-03 -.2747E-06 -.1357E-06 -.1533E-06 0.7265E-06 -.4209E-06 0.1723E-05 -.2443E-06 0.9250E-07 -.2397E-06 0.3905E-06 0.0000E+00
0.0000E+00 0.1131E-03 0.2981E-04 0.5387E-05 0.1275E-03 0.1183E-06 0.3433E-04 -.1168E-06 0.3856E-04 0.5437E-05 0.2824E-03 0.1043E-06 0.1466E-04 0.6175E-07 -.4122E-06 0.2700E-05 0.2782E-04 0.1837E-04 0.1869E-06 0.2208E-06 0.2626E-05 0.0000E+00
0.0000E+00 0.2931E-03 0.7229E-05 0.3784E-06 0.1092E-02 0.7511E-04 0.6064E-04 0.1206E-04 0.2102E-05 0.1045E-05 0.3504E-04 0.6975E-07 -.3595E-07 -.8580E-07 0.2124E-06 -.3232E-06 0.9433E-04 0.8368E-04 0.1159E-03 -.2072E-06 -.2544E-06 0.0000E+00
0.0000E+00 0.4786E-04 0.4279E-04 0.1129E-06 0.2396E-03 0.2320E-03 0.3401E-04 0.1025E-04 -.1547E-06 0.2634E-03 0.4309E-04 -.2501E-07 0.4361E-05 0.7802E-06 0.4282E-05 0.4979E-06 0.4863E-03 0.6092E-03 0.6830E-05 0.2521E-06 0.1973E-04 0.0000E+00
0.0000E+00 0.1478E-03 0.3847E-05 0.2156E-06 0.1535E-03 0.4081E-03 0.6385E-04 0.1438E-03 0.8575E-06 0.2776E-03 0.1282E-03 -.1549E-06 -.7515E-07 0.1221E-06 0.1618E-06 0.5331E-07 0.8538E-04 0.1815E-03 0.1212E-05 0.3104E-04 0.1205E-03 0.0000E+00
0.0000E+00 0.3100E-04 -.2765E-07 0.1811E-05 0.1089E-05 0.2715E-03 0.2300E-04 0.4017E-06 0.1449E-06 0.9766E-04 0.3884E-04 -.2783E-07 0.1281E-06 0.4124E-06 -.4570E-07 -.1467E-06 0.3638E-04 0.6009E-04 0.3456E-04 0.2729E-04 0.7538E-04 0.0000E+00
0.0000E+00 -.1786E-06 0.7630E-09 -.2727E-07 0.1102E-04 0.1999E-03 0.1517E-06 -.1673E-06 0.7638E-06 0.4492E-04 0.1402E-04 -.1727E-06 -.7490E-07 0.1150E-04 -.2454E-06 0.1295E-03 0.2486E-04 0.1086E-03 0.1772E-03 0.1578E-05 0.3209E-04 0.0000E+00
0.0000E+00 0.2691E-04 0.8807E-06 0.1024E-06 0.7480E-07 0.1494E-03 -.1215E-06 0.1184E-05 -.2176E-06 0.8627E-05 0.4879E-05 0.3062E-06 -.3907E-07 -.1167E-06 0.1412E-06 -.4077E-06 0.8477E-06 0.1874E-04 0.4283E-04 0.3400E-05 0.2205E-04 0.0000E+00
0.0000E+00 0.8598E-05 0.1062E-03 0.2177E-04 -.5537E-07 0.1148E-03 -.1787E-06 0.1356E-08 -.1596E-06 0.1612E-06 -.1724E-06 -.1074E-06 -.2599E-08 -.3875E-07 0.1301E-06 0.2266E-06 -.6397E-07 0.2267E-05 0.4374E-05 0.4794E-06 0.1587E-07 0.0000E+00
0.0000E+00 0.9105E-06 0.1076E-03 -.2571E-06 0.7865E-05 0.1219E-03 0.8445E-06 -.8830E-07 -.1670E-06 0.1976E-06 0.1560E-07 -.6968E-07 0.5596E-07 0.2136E-06 -.2100E-06 -.2841E-06 0.4092E-05 0.6418E-06 0.1155E-04 0.1848E-04 0.8265E-07 0.0000E+00
0.0000E+00 0.2536E-06 0.2849E-04 0.4372E-04 -.2018E-06 0.2064E-04 0.1808E-05 0.4112E-06 -.1584E-06 0.8526E-07 -.1444E-06 -.7376E-07 0.6627E-07 0.1657E-06 -.2343E-06 0.2237E-04 0.1986E-06 0.1986E-06 0.1160E-03 0.3703E-04 0.1179E-06 0.0000E+00
0.0000E+00 0.2834E-06 0.3676E-05 0.2744E-05 0.5197E-08 0.1024E-03 0.1138E-05 -.5653E-07 0.2096E-05 0.5534E-06 -.3010E-06 0.2045E-04 0.3587E-06 -.2999E-06 0.6516E-06 -.3087E-06 0.2098E-06 -.2290E-06 0.1099E-05 0.8362E-07 0.8795E-07 0.0000E+00
0.0000E+00 0.9700E-08 -.7882E-07 0.6755E-04 0.2949E-04 0.1985E-04 -.8864E-07 -.1052E-06 0.2578E-06 0.2780E-06 0.2606E-06 0.5368E-06 0.1431E-03 0.2694E-04 -.3041E-06 0.4724E-07 -.2658E-06 0.4032E-06 0.2110E-06 0.7553E-05 0.1079E-05 0.0000E+00
0.0000E+00 0.3984E-05 0.2938E-06 0.9680E-05 0.1122E-05 0.7473E-06 0.1958E-03 0.5367E-06 0.2221E-05 -.2045E-06 0.1573E-06 -.2953E-07 0.2353E-03 0.5083E-04 0.1926E-04 0.5374E-03 0.9938E-06 0.3822E-06 -.2197E-06 -.3074E-06 0.8097E-06 0.0000E+00
0.0000E+00 0.7634E-04 -.3268E-06 0.4269E-05 -.8144E-07 0.3857E-05 0.4512E-03 0.9373E-07 -.2155E-06 0.5978E-05 -.2344E-06 0.8426E-06 0.1450E-03 0.5427E-05 0.5536E-06 0.3571E-03 0.3064E-04 0.1661E-06 -.6060E-07 0.2395E-06 -.9246E-07 0.0000E+00
0.0000E+00 0.5782E-05 -.7709E-07 0.2180E-06 0.2229E-04 0.2701E-03 0.2216E-03 -.3418E-07 0.8709E-04 0.3187E-04 0.1050E-05 0.1133E-04 0.4097E-04 0.1739E-04 -.2145E-06 0.2180E-04 0.4897E-05 0.4741E-05 0.1908E-06 -.2633E-06 0.3406E-06 0.0000E+00
0.0000E+00 -.2443E-06 0.1132E-07 0.4322E-04 0.2680E-06 0.4648E-04 0.6045E-04 -.1356E-07 0.7176E-04 0.4762E-05 0.1244E-04 0.1085E-05 0.3046E-05 0.2618E-05 -.1175E-06 0.2435E-05 0.4237E-06 -.1075E-06 0.1015E-06 0.9892E-07 0.1434E-06 0.0000E+00
0.0000E+00 0.7039E-07 -.3192E-06 0.3105E-04 -.1325E-06 0.1272E-04 0.4286E-05 0.6393E-05 0.6223E-04 0.2391E-04 0.2012E-04 -.2446E-06 -.1105E-06 -.9869E-07 0.4949E-06 0.8982E-05 0.1280E-05 -.1311E-06 0.3212E-06 -.1207E-06 0.1484E-04 0.0000E+00
0.0000E+00 0.2870E-04 0.2104E-06 -.3651E-06 0.1283E-03 0.1534E-05 -.2229E-06 0.3827E-04 0.6921E-04 0.1763E-05 0.2451E-05 0.4582E-06 0.4968E-04 -.2052E-06 -.1601E-07 -.5061E-07 0.3389E-07 0.6262E-05 0.1216E-06 -.1852E-06 0.3057E-05 0.0000E+00
0.0000E+00 0.3528E-04 -.3491E-06 0.3835E-06 0.6315E-04 0.1391E-05 0.1746E-04 0.8297E-05 0.1376E-04 0.5530E-06 0.4958E-05 0.1601E-06 0.5404E-04 0.1874E-04 -.1103E-06 -.1860E-06 -.7312E-07 0.2414E-06 -.2082E-06 -.3631E-07 0.6429E-06 0.0000E+00
0.0000E+00 -.1114E-06 -.1517E-06 0.5933E-06 0.3380E-04 0.3788E-08 0.5383E-04 0.2017E-05 0.1106E-05 0.4287E-04 0.4387E-05 0.9568E-05 0.1367E-03 0.1618E-03 -.2827E-06 0.1568E-04 -.3962E-06 0.1685E-05 0.2114E-06 -.1720E-06 -.1951E-06 0.0000E+00
0.0000E+00 -.8687E-07 -.2353E-06 0.1471E-06 0.8699E-05 -.1616E-06 0.4790E-04 0.4564E-06 -.3023E-06 0.2122E-05 -.2199E-06 0.3562E-05 0.2081E-04 0.4078E-04 0.3561E-04 -.2540E-06 0.4392E-06 -.4411E-06 -.2644E-06 0.1154E-03 0.8888E-04 0.0000E+00
0.0000E+00 -.4774E-07 0.5839E-05 0.3696E-07 0.5681E-06 0.8763E-04 0.1729E-03 -.1106E-06 0.4127E-04 0.3247E-04 0.1762E-05 0.6107E-07 0.3050E-05 0.1047E-04 -.3399E-06 0.4185E-06 -.1586E-06 0.5484E-06 0.2208E-06 0.6761E-04 0.6407E-04 0.0000E+00
0.0000E+00 0.9343E-06 0.2021E-06 0.9963E-08 0.5696E-04 0.1128E-04 0.2086E-03 0.3565E-05 -.3245E-06 -.2470E-06 -.2875E-06 0.5078E-05 0.3887E-04 0.1927E-05 0.4349E-06 0.3654E-04 0.6245E-08 -.1502E-06 0.3097E-04 0.1199E-04 0.2043E-03 0.0000E+00
0.0000E+00 0.6832E-06 -.2913E-06 -.8052E-07 0.1117E-07 0.2694E-06 0.7241E-04 -.3800E-07 0.1340E-06 0.1187E-05 -.2729E-06 0.5216E-05 0.4351E-04 0.7816E-05 0.2240E-04 0.3731E-05 0.6936E-05 0.1548E-04 0.2445E-05 0.5692E-04 0.4050E-04 0.0000E+00
0.0000E+00 -.1817E-06 0.1977E-03 0.3155E-05 -.1606E-06 0.6951E-04 0.2053E-03 0.1671E-06 0.3310E-06 -.3748E-07 0.4906E-04 -.2762E-06 0.1919E-04 -.3706E-07 0.1987E-04 -.7346E-07 -.6430E-07 0.2321E-03 0.2700E-04 -.2876E-06 0.2472E-04 0.0000E+00
0.0000E+00 -.1329E-07 0.2315E-04 -.1418E-06 0.5870E-05 0.3671E-05 0.2475E-03 0.4588E-06 -.1382E-06 -.2179E-06 0.3697E-05 0.2487E-06 0.5317E-05 0.3851E-07 0.1771E-05 0.2847E-04 0.5389E-04 0.1137E-02 0.4616E-05 0.3386E-06 0.8363E-05 0.0000E+00
0.0000E+00 0.5232E-05 -.2517E-06 0.3245E-03 0.9725E-07 0.2538E-06 0.1072E-03 0.1323E-03 -.2863E-06 0.3883E-05 0.1169E-03 0.1341E-03 0.4069E-03 0.1577E-03 -.2342E-06 -.3997E-06 0.6837E-04 0.6004E-03 0.9198E-04 -.2193E-06 0.6451E-06 0.0000E+00
0.0000E+00 -.3742E-06 0.4900E-06 0.7573E-04 0.4088E-03 0.1325E-04 0.2308E-04 0.1690E-05 -.1860E-06 0.2018E-06 0.4103E-04 0.4918E-03 0.2723E-03 0.2389E-03 0.4470E-05 -.2461E-06 0.7563E-05 0.2708E-03 0.5479E-05 0.4579E-06 0.5068E-06 0.0000E+00
0.0000E+00 0.5276E-05 0.1073E-05 0.2905E-04 0.2138E-03 0.1407E-05 0.1481E-03 -.1929E-06 -.6425E-07 -.4840E-07 0.8609E-05 0.2451E-03 0.7913E-04 0.2710E-03 0.1303E-05 0.2214E-05 0.1944E-06 0.1772E-03 0.3809E-06 -.1902E-06 0.2046E-06 0.0000E+00
0.0000E+00 0.9172E-04 0.1698E-04 0.9691E-05 0.1426E-03 0.3320E-04 0.5641E-05 -.2690E-06 0.4925E-06 -.1893E-06 0.5438E-04 0.3854E-04 0.5719E-05 0.6106E-03 0.7793E-06 0.3089E-05 0.4732E-06 0.4511E-04 -.3121E-06 0.7338E-05 0.1695E-03 0.0000E+00
0.0000E+00 0.2724E-05 0.1577E-03 0.1227E-03 0.2036E-03 0.2181E-05 -.4096E-06 0.4864E-06 -.1967E-06 0.1728E-06 0.3287E-04 0.1297E-07 -.1985E-06 0.6631E-03 -.1147E-06 -.1171E-06 0.2367E-08 0.2152E-04 0.2744E-06 0.1095E-06 -.1358E-06 0.0000E+00
0.0000E+00 0.2778E-07 0.1383E-04 0.1186E-03 0.1026E-03 0.4491E-06 0.1051E-04 0.2619E-06 0.1482E-06 0.3090E-07 0.1421E-04 0.3142E-04 0.4907E-06 0.4564E-03 0.1926E-06 0.1339E-03 0.1441E-06 0.1638E-04 0.3524E-06 0.5191E-06 0.1123E-04 0.0000E+00
0.0000E+00 -.2323E-06 0.5516E-04 0.5078E-04 0.1975E-03 0.2398E-03 0.1374E-03 0.2072E-06 0.5989E-04 0.5485E-04 0.2355E-04 0.3212E-06 -.1703E-06 0.2855E-03 0.2869E-03 -.2612E-06 0.6856E-04 -.1493E-06 0.4067E-03 0.1981E-07 0.1893E-04 0.0000E+00
0.0000E+00 0.3635E-06 0.1153E-04 0.2961E-04 0.7937E-04 0.4621E-04 0.4850E-03 -.1914E-06 0.1251E-06 0.3130E-05 0.4908E-04 0.2410E-06 0.5654E-04 0.4889E-03 0.3937E-03 0.2684E-07 0.1721E-04 0.4919E-04 0.1350E-03 0.5885E-05 0.3160E-04 0.0000E+00
0.0000E+00 0.5183E-03 0.3870E-03 0.3987E-03 0.7902E-03 0.7700E-03 0.1576E-03 0.3729E-05 0.3397E-04 0.3055E-06 0.2935E-04 0.6454E-06 0.6974E-04 0.1950E-03 0.5438E-03 0.6415E-03 0.5158E-05 0.1659E-06 0.1630E-04 0.1255E-05 -.6981E-07 0.0000E+00
0.0000E+00 0.8832E-04 0.1031E-03 0.3744E-03 0.9779E-03 0.7477E-03 0.5684E-04 0.4638E-05 0.3285E-05 -.2800E-06 0.6349E-05 0.9190E-07 0.2526E-05 0.4987E-05 0.2896E-03 0.3348E-03 0.2118E-05 0.1494E-05 0.4553E-06 -.7754E-07 0.8814E-04 0.0000E+00
0.0000E+00 -.7232E-07 -.1654E-07 0.1648E-03 0.1447E-02 0.3044E-03 -.2073E-06 0.3967E-05 0.4050E-04 0.3475E-03 0.3951E-03 0.1584E-03 0.7150E-04 0.3752E-03 0.1749E-03 0.9648E-03 0.1428E-04 0.3985E-03 0.5303E-06 0.3220E-06 0.7018E-06 0.0000E+00
0.0000E+00 0.3296E-04 -.7008E-07 0.2431E-04 0.1004E-02 0.3794E-03 0.2274E-04 0.1331E-03 0.3111E-05 0.5230E-03 0.1980E-03 0.3010E-04 0.1245E-04 0.3905E-03 0.4348E-04 0.7004E-03 0.2717E-05 0.6111E-04 -.3828E-06 -.1518E-06 0.1183E-04 0.0000E+00
0.0000E+00 0.2808E-05 0.1380E-06 0.1244E-05 0.6541E-03 0.2894E-03 0.4655E-04 0.1390E-05 0.1007E-04 0.8364E-03 0.2119E-03 -.1766E-06 0.2156E-03 0.2818E-03 0.3301E-05 0.4373E-03 0.1204E-03 0.9955E-05 0.2548E-04 -.2315E-06 0.9867E-06 0.0000E+00
0.0000E+00 0.5260E-05 0.4196E-05 -.2419E-06 0.4599E-03 0.1089E-03 0.6127E-05 0.2643E-06 -.1080E-06 0.1375E-02 0.7199E-04 0.3078E-04 0.5804E-04 0.9760E-04 0.1511E-06 0.3611E-03 0.7566E-05 -.3053E-07 0.6498E-06 0.2734E-06 0.4810E-06 0.0000E+00
0.0000E+00 0.2500E-04 0.9924E-04 0.3992E-03 0.1031E-02 0.1846E-04 0.9843E-06 0.1809E-05 0.3543E-06 0.1091E-02 0.6069E-05 -.2333E-06 0.1415E-03 0.1687E-03 0.2189E-03 0.3236E-03 0.5009E-07 -.5058E-07 0.1970E-06 0.3465E-07 0.6061E-05 0.0000E+00
0.0000E+00 -.1339E-06 0.1049E-04 0.2544E-03 0.2223E-03 0.2172E-08 -.4584E-06 0.1593E-05 0.3788E-06 0.6806E-03 0.1454E-04 0.3534E-06 0.3409E-04 0.9239E-04 0.9184E-04 -.2013E-06 0.2995E-06 0.1025E-06 -.1930E-06 0.1844E-04 -.2666E-07 0.0000E+00
0.0000E+00 0.2924E-06 0.2014E-05 0.1306E-03 0.5644E-03 -.5658E-07 0.2152E-06 -.2477E-06 0.2730E-05 0.5687E-03 0.4923E-04 0.1360E-05 0.2832E-04 0.5976E-05 0.1085E-03 0.8454E-06 -.4063E-06 0.1483E-05 -.1544E-07 0.3962E-07 0.8936E-06 0.0000E+00
0.0000E+00 -.1319E-06 0.3669E-06 0.7801E-05 0.9115E-04 0.8391E-07 0.3503E-06 0.2496E-06 0.1026E-03 0.3592E-03 0.9197E-06 -.1138E-06 0.7201E-06 0.3767E-06 0.3358E-04 0.1855E-06 0.6551E-06 0.7558E-06 0.4936E-05 0.6631E-07 0.1272E-05 0.0000E+00
0.0000E+00 0.0000E+00 0.0000E+00 0.0000E+00 0.0000E+00 0.0000E+00 0.0000E+00 0.0000E+00 0.0000E+00 0.0000E+00 0.0000E+00 0.0000E+00 0.0000E+00 0.0000E+00 0.0000E+00 0.0000E+00 0.0000E+00 0.0000E+00 0.0000E+00 0.0000E+00 0.0000E+00 0.0000E+00
