p1_rainB_lowsm_sedtr.asc
ncols     22
nrows     62
xllcorner      0.00000000
yllcorner      0.00000000
cellsize      0.50000000
nodata_value -9999
0.0000E+00 0.0000E+00 0.0000E+00 0.0000E+00 0.0000E+00 0.0000E+00 0.0000E+00 0.0000E+00 0.0000E+00 0.0000E+00 0.0000E+00 0.0000E+00 0.0000E+00 0.0000E+00 0.0000E+00 0.0000E+00 0.0000E+00 0.0000E+00 0.0000E+00 0.0000E+00 0.0000E+00 0.0000E+00
0.0000E+00 0.5206E-01 0.2974E-01 0.3924E-02 0.1029E-01 0.6044E-01 0.6271E-02 0.2870E-01 0.5124E-01 0.1549E-01 0.6539E-02 0.1456E-01 0.8404E-02 0.8501E-02 0.8933E-02 0.1101E-02 0.3539E-02 0.8699E-02 0.2016E-01 0.5037E-01 0.5336E-01 0.0000E+00
0.0000E+00 0.1126E+00 0.2086E-01 0.1430E-01 0.2292E-01 0.7625E-01 0.1959E-01 0.7866E-01 0.4553E-01 0.3168E-01 0.6041E-01 0.4293E-01 0.7015E-01 0.3334E-01 0.7925E-02 0.8692E-02 0.1165E-01 0.2448E-01 0.8658E-01 0.2752E-01 0.2417E-01 0.0000E+00
0.0000E+00 0.6914E-01 0.1125E+00 0.2665E-01 0.9897E-01 0.7577E-01 0.1797E-01 0.4469E-01 0.2480E-01 0.4385E-01 0.3578E-01 0.2197E-01 0.3503E-01 0.2197E-01 0.8125E-01 0.2625E-01 0.3781E-01 0.2553E-01 0.6248E-01 0.7458E-01 0.5939E-01 0.0000E+00
0.0000E+00 0.7384E-01 0.1923E+00 0.1180E+00 0.1350E+00 0.1689E+00 0.8557E-01 0.8921E-01 0.9720E-01 0.8626E-01 0.3107E-01 0.2659E-01 0.1086E+00 0.6432E-01 0.5517E-01 0.3571E-01 0.3693E-01 0.2249E-01 0.4993E-01 0.1046E+00 0.4123E-01 0.0000E+00
0.0000E+00 0.1062E+00 0.1602E+00 0.1907E+00 0.8145E-01 0.1750E+00 0.1549E+00 0.1343E+00 0.5641E-01 0.1026E+00 0.7808E-01 0.2612E-01 0.8114E-01 0.5123E-01 0.4084E-01 0.1099E+00 0.3339E-01 0.2607E-01 0.5287E-01 0.6648E-01 0.1274E+00 0.0000E+00
0.0000E+00 0.1424E+00 0.2444E+00 0.1604E+00 0.1782E+00 0.2106E+00 0.2108E+00 0.7746E-01 0.1222E+00 0.9005E-01 0.1013E+00 0.6743E-01 0.1072E+00 0.4550E-01 0.3642E-01 0.1344E+00 0.4447E-01 0.2779E-01 0.4263E-01 0.4871E-01 0.7642E-01 0.0000E+00
0.0000E+00 0.8540E-01 0.1930E+00 0.1646E+00 0.1058E+00 0.1856E+00 0.1929E+00 0.8681E-01 0.9820E-01 0.6788E-01 0.1940E+00 0.7826E-01 0.6590E-01 0.1329E+00 0.4847E-01 0.1700E+00 0.4633E-01 0.2638E-01 0.9325E-01 0.6621E-01 0.5049E-01 0.0000E+00
0.0000E+00 0.1202E+00 0.1955E+00 0.1049E+00 0.1560E+00 0.1510E+00 0.1161E+00 0.1436E+00 0.8073E-01 0.4695E-01 0.1105E+00 0.7880E-01 0.5389E-01 0.7554E-01 0.5817E-01 0.1561E+00 0.7215E-01 0.2597E-01 0.7365E-01 0.5083E-01 0.1134E+00 0.0000E+00
0.0000E+00 0.8919E-01 0.1879E+00 0.1075E+00 0.1491E+00 0.1139E+00 0.1380E+00 0.1065E+00 0.1385E+00 0.8745E-01 0.8004E-01 0.9426E-01 0.1056E+00 0.1047E+00 0.7566E-01 0.1801E+00 0.7240E-01 0.3572E-01 0.7115E-01 0.1067E+00 0.6182E-01 0.0000E+00
0.0000E+00 0.9279E-01 0.1458E+00 0.8165E-01 0.1612E+00 0.1830E+00 0.9918E-01 0.7065E-01 0.1420E+00 0.5241E-01 0.1390E+00 0.6649E-01 0.1197E+00 0.6561E-01 0.5156E-01 0.1902E+00 0.4353E-01 0.3947E-01 0.1400E+00 0.1173E+00 0.4000E-01 0.0000E+00
0.0000E+00 0.5737E-01 0.1302E+00 0.6069E-01 0.9793E-01 0.1027E+00 0.1183E+00 0.5320E-01 0.1206E+00 0.8150E-01 0.1300E+00 0.5886E-01 0.7830E-01 0.1308E+00 0.9521E-01 0.1482E+00 0.9478E-01 0.5485E-01 0.9301E-01 0.1074E+00 0.7586E-01 0.0000E+00
0.0000E+00 0.7481E-01 0.2038E+00 0.1167E+00 0.1621E+00 0.1212E+00 0.7225E-01 0.1438E+00 0.7490E-01 0.1313E+00 0.1620E+00 0.5379E-01 0.7592E-01 0.1357E+00 0.5858E-01 0.9800E-01 0.7045E-01 0.2540E-01 0.5566E-01 0.6620E-01 0.4054E-01 0.0000E+00
0.0000E+00 0.7823E-01 0.1120E+00 0.8741E-01 0.1436E+00 0.6926E-01 0.1757E+00 0.1634E+00 0.6742E-01 0.9455E-01 0.9346E-01 0.5640E-01 0.5868E-01 0.1297E+00 0.8871E-01 0.7568E-01 0.1037E+00 0.6955E-01 0.7808E-01 0.8038E-01 0.6025E-01 0.0000E+00
0.0000E+00 0.1218E+00 0.6689E-01 0.1611E+00 0.1887E+00 0.1101E+00 0.2007E+00 0.9255E-01 0.8809E-02 0.9783E-02 0.1477E+00 0.5841E-01 0.8895E-01 0.7505E-01 0.1135E+00 0.5859E-01 0.1329E+00 0.4820E-01 0.1278E+00 0.8044E-01 0.1226E+00 0.0000E+00
0.0000E+00 0.1999E+00 0.6452E-01 0.1778E+00 0.1734E+00 0.1131E+00 0.1680E+00 0.7598E-01 0.1346E+00 0.7330E-01 0.2139E+00 0.7985E-01 0.8532E-01 0.4932E-01 0.6405E-01 0.4346E-01 0.1073E+00 0.6313E-01 0.1291E+00 0.6620E-01 0.1298E+00 0.0000E+00
0.0000E+00 0.1217E+00 0.1996E+00 0.1210E+00 0.2280E+00 0.1053E+00 0.2173E+00 0.1092E+00 0.1759E+00 0.1491E+00 0.2503E+00 0.4844E-01 0.4967E-01 0.4361E-01 0.1545E+00 0.3016E-01 0.9923E-01 0.4132E-01 0.1162E+00 0.4312E-01 0.1415E+00 0.0000E+00
0.0000E+00 0.1658E+00 0.1508E+00 0.1142E+00 0.2160E+00 0.6373E-01 0.1963E+00 0.8339E-01 0.1553E+00 0.1570E+00 0.2408E+00 0.4153E-01 0.9597E-01 0.5227E-01 0.9646E-01 0.1504E+00 0.1044E+00 0.8896E-01 0.1415E+00 0.7335E-01 0.1675E+00 0.0000E+00
0.0000E+00 0.2371E+00 0.1617E+00 0.9379E-01 0.2698E+00 0.1641E+00 0.1863E+00 0.1584E+00 0.9685E-01 0.1215E+00 0.1659E+00 0.4341E-01 0.9292E-01 0.4973E-01 0.1008E+00 0.1004E+00 0.1169E+00 0.1208E+00 0.1799E+00 0.3936E-01 0.1081E+00 0.0000E+00
0.0000E+00 0.1659E+00 0.2032E+00 0.9245E-01 0.1733E+00 0.1838E+00 0.2157E+00 0.1181E+00 0.6876E-02 0.1661E+00 0.1607E+00 0.3389E-01 0.1317E+00 0.5896E-01 0.8399E-01 0.9814E-01 0.1737E+00 0.1828E+00 0.1476E+00 0.3342E-01 0.2125E+00 0.0000E+00
0.0000E+00 0.1921E+00 0.2008E+00 0.1040E+00 0.1075E+00 0.2188E+00 0.2020E+00 0.1408E+00 0.3618E-01 0.1829E+00 0.1682E+00 0.1488E-01 0.7497E-01 0.5598E-01 0.6337E-01 0.4888E-01 0.9517E-01 0.1149E+00 0.1997E+00 0.1007E+00 0.2122E+00 0.0000E+00
0.0000E+00 0.1873E+00 0.1464E+00 0.1290E+00 0.4458E-01 0.2499E+00 0.1415E+00 0.3121E-01 0.6292E-01 0.1250E+00 0.1278E+00 0.4172E-01 0.5132E-01 0.6310E-01 0.5279E-01 0.1646E-02 0.1005E+00 0.1360E+00 0.1659E+00 0.1414E+00 0.1750E+00 0.0000E+00
0.0000E+00 0.1173E+00 0.1178E+00 0.1295E+00 0.9055E-01 0.2155E+00 0.1337E-01 0.1323E-01 0.1250E+00 0.1404E+00 0.1279E+00 0.3418E-01 0.4816E-02 0.8932E-01 0.5033E-01 0.1052E+00 0.5552E-01 0.1699E+00 0.1693E+00 0.8885E-01 0.1424E+00 0.0000E+00
0.0000E+00 0.1394E+00 0.1297E+00 0.1403E+00 0.6862E-01 0.2029E+00 0.1604E-01 0.5995E-01 0.7619E-01 0.1340E+00 0.1135E+00 0.7501E-01 0.1056E-01 0.5188E-01 0.6098E-01 0.5416E-01 0.8409E-01 0.1454E+00 0.1232E+00 0.1274E+00 0.1484E+00 0.0000E+00
0.0000E+00 0.1346E+00 0.1661E+00 0.1113E+00 0.1199E-01 0.2055E+00 0.1776E-01 0.6242E-01 0.4194E-01 0.9223E-01 0.6653E-01 0.4626E-01 0.1547E-01 0.4347E-01 0.5499E-01 0.5248E-01 0.6891E-01 0.9349E-01 0.7847E-01 0.7959E-01 0.1733E-01 0.0000E+00
0.0000E+00 0.9691E-01 0.1996E+00 0.7526E-01 0.6973E-01 0.2268E+00 0.1167E+00 0.7190E-01 0.8698E-02 0.8648E-01 0.5136E-01 0.3022E-01 0.3284E-01 0.5267E-01 0.3036E-01 0.3172E-01 0.1031E+00 0.8585E-01 0.1246E+00 0.8042E-01 0.3849E-01 0.0000E+00
0.0000E+00 0.7763E-01 0.1498E+00 0.9583E-01 0.3232E-01 0.1651E+00 0.2025E+00 0.1119E+00 0.2302E-01 0.7498E-01 0.4167E-01 0.3498E-01 0.5518E-01 0.4121E-01 0.2456E-01 0.9700E-01 0.1231E+00 0.1285E+00 0.1905E+00 0.1223E+00 0.6519E-01 0.0000E+00
0.0000E+00 0.1164E+00 0.9746E-01 0.7127E-01 0.1131E-01 0.6135E-01 0.2143E+00 0.1487E+00 0.1484E+00 0.1008E+00 0.3206E-01 0.1095E+00 0.7358E-01 0.2489E-01 0.5719E-01 0.4900E-01 0.1150E+00 0.5696E-01 0.1392E+00 0.7654E-01 0.6256E-01 0.0000E+00
0.0000E+00 0.7481E-01 0.3410E-02 0.9817E-01 0.7824E-01 0.3770E-01 0.1868E+00 0.1264E-01 0.5456E-01 0.3890E-01 0.7762E-01 0.8334E-01 0.1096E+00 0.1004E+00 0.3899E-01 0.3805E-01 0.6997E-01 0.4567E-01 0.1319E+00 0.4757E-01 0.9860E-01 0.0000E+00
0.0000E+00 0.6956E-01 0.1165E-01 0.4508E-01 0.6088E-01 0.3314E-01 0.2276E+00 0.5527E-01 0.9118E-01 0.3617E-01 0.8464E-01 0.7475E-01 0.1298E+00 0.1604E+00 0.1468E+00 0.1757E+00 0.8205E-01 0.1053E+00 0.1275E+00 0.2945E-01 0.1558E+00 0.0000E+00
0.0000E+00 0.1772E+00 0.1673E-01 0.1210E+00 0.7015E-01 0.4714E-01 0.2722E+00 0.6451E-01 0.6575E-01 0.6798E-01 0.8068E-01 0.1926E+00 0.1582E+00 0.1650E+00 0.1288E+00 0.1871E+00 0.8563E-01 0.7646E-01 0.1240E+00 0.7076E-01 0.1153E+00 0.0000E+00
0.0000E+00 0.2277E+00 0.3267E-01 0.1358E+00 0.1089E+00 0.1334E+00 0.2561E+00 0.6505E-01 0.1452E+00 0.9478E-01 0.1266E+00 0.2001E+00 0.1898E+00 0.1681E+00 0.7339E-01 0.1234E+00 0.7511E-01 0.8197E-01 0.1268E+00 0.1124E+00 0.1164E+00 0.0000E+00
0.0000E+00 0.1530E+00 0.4202E-01 0.2158E+00 0.5992E-01 0.1012E+00 0.1971E+00 0.6155E-01 0.1563E+00 0.9425E-01 0.1319E+00 0.2874E+00 0.2201E+00 0.1689E+00 0.3814E-02 0.7974E-01 0.1851E-01 0.4070E-01 0.1075E+00 0.1016E+00 0.2298E-01 0.0000E+00
0.0000E+00 0.1334E+00 0.2371E-01 0.2325E+00 0.5374E-01 0.1039E+00 0.1414E+00 0.9030E-01 0.1478E+00 0.1138E+00 0.1309E+00 0.2076E+00 0.7052E-02 0.1451E-01 0.4883E-01 0.8550E-01 0.1853E-01 0.3498E-01 0.9837E-01 0.6929E-01 0.5548E-01 0.0000E+00
0.0000E+00 0.1832E+00 0.6761E-01 0.1412E+00 0.1294E+00 0.7047E-01 0.1269E+00 0.1357E+00 0.1331E+00 0.8011E-01 0.9241E-01 0.2230E+00 0.9568E-01 0.2541E-01 0.3612E-01 0.7093E-01 0.3636E-01 0.1208E+00 0.9184E-01 0.4706E-01 0.5556E-01 0.0000E+00
0.0000E+00 0.1875E+00 0.3104E-01 0.1143E+00 0.1315E+00 0.1041E+00 0.2111E+00 0.1030E+00 0.7284E-01 0.8369E-01 0.1521E+00 0.2253E+00 0.1236E+00 0.7807E-01 0.2372E-01 0.6485E-01 0.2736E-01 0.1202E+00 0.7305E-01 0.4012E-01 0.8167E-01 0.0000E+00
0.0000E+00 0.1360E+00 0.2875E-01 0.1483E+00 0.1245E+00 0.9808E-01 0.2420E+00 0.7621E-01 0.3943E-01 0.1152E+00 0.1617E+00 0.2366E+00 0.1409E+00 0.1329E+00 0.2084E-01 0.1285E+00 0.7112E-02 0.1764E+00 0.8944E-01 0.3372E-01 0.4906E-01 0.0000E+00
0.0000E+00 0.9200E-01 0.5853E-02 0.1243E+00 0.9016E-01 0.7171E-01 0.2347E+00 0.3692E-01 0.2750E-01 0.1839E-01 0.1156E+00 0.2126E+00 0.7842E-01 0.1182E+00 0.9297E-01 0.1031E+00 0.4623E-01 0.9765E-01 0.6041E-01 0.1265E+00 0.1613E+00 0.0000E+00
0.0000E+00 0.8593E-01 0.9008E-01 0.1028E+00 0.6717E-01 0.1557E+00 0.2420E+00 0.4862E-01 0.1317E+00 0.1173E+00 0.1913E+00 0.1631E+00 0.1265E+00 0.9447E-01 0.4764E-01 0.1170E+00 0.4975E-01 0.1314E+00 0.8358E-01 0.1486E+00 0.1717E+00 0.0000E+00
0.0000E+00 0.1093E+00 0.9726E-01 0.1288E+00 0.1407E+00 0.1336E+00 0.2344E+00 0.5663E-01 0.7181E-01 0.7474E-01 0.1097E+00 0.1652E+00 0.1632E+00 0.9022E-01 0.9940E-01 0.1160E+00 0.3507E-01 0.9181E-01 0.1108E+00 0.1238E+00 0.2108E+00 0.0000E+00
0.0000E+00 0.1191E+00 0.1079E+00 0.8973E-01 0.9864E-02 0.8183E-01 0.1953E+00 0.4508E-01 0.7542E-01 0.1401E+00 0.7741E-01 0.1455E+00 0.1947E+00 0.1197E+00 0.9784E-01 0.5719E-01 0.4904E-01 0.1024E+00 0.1101E+00 0.1825E+00 0.1400E+00 0.0000E+00
0.0000E+00 0.8105E-01 0.1690E+00 0.5096E-01 0.2296E-01 0.1974E+00 0.2037E+00 0.5428E-01 0.5675E-01 0.8267E-01 0.6412E-01 0.1027E+00 0.1636E+00 0.7508E-02 0.6023E-01 0.1078E-01 0.6254E-02 0.1499E+00 0.1238E+00 0.1214E+00 0.1524E+00 0.0000E+00
0.0000E+00 0.6743E-01 0.1307E+00 0.3452E-01 0.5332E-01 0.1467E+00 0.1907E+00 0.4146E-01 0.3689E-01 0.6709E-01 0.4570E-01 0.1021E+00 0.1442E+00 0.1875E-01 0.1051E+00 0.1335E+00 0.9723E-01 0.2554E+00 0.1019E+00 0.1607E+00 0.1838E+00 0.0000E+00
0.0000E+00 0.1061E+00 0.1033E+00 0.1307E+00 0.3996E-01 0.1001E+00 0.1615E+00 0.1265E+00 0.3680E-01 0.1755E+00 0.1168E+00 0.1707E+00 0.2075E+00 0.8150E-01 0.5615E-01 0.7085E-01 0.1478E+00 0.2544E+00 0.1667E+00 0.1229E+00 0.1255E+00 0.0000E+00
0.0000E+00 0.6468E-01 0.1724E+00 0.1029E+00 0.1509E+00 0.1168E+00 0.1143E+00 0.8227E-01 0.2335E-01 0.1770E+00 0.1171E+00 0.2075E+00 0.1979E+00 0.1140E+00 0.1001E+00 0.4936E-01 0.1382E+00 0.1553E+00 0.1443E+00 0.1913E+00 0.1411E+00 0.0000E+00
0.0000E+00 0.1182E+00 0.1999E+00 0.1087E+00 0.1575E+00 0.1308E+00 0.1970E+00 0.5407E-01 0.2092E-01 0.1334E+00 0.1319E+00 0.1693E+00 0.1460E+00 0.1382E+00 0.1069E+00 0.9192E-01 0.8212E-01 0.1846E+00 0.1471E+00 0.1536E+00 0.2307E-01 0.0000E+00
0.0000E+00 0.1707E+00 0.2359E+00 0.1353E+00 0.1515E+00 0.1819E+00 0.2106E+00 0.4330E-01 0.3377E-01 0.9303E-01 0.1289E+00 0.6206E-01 0.1307E+00 0.2021E+00 0.9389E-01 0.8643E-01 0.1037E+00 0.1117E+00 0.9756E-01 0.1489E+00 0.1002E+00 0.0000E+00
0.0000E+00 0.1764E+00 0.2595E+00 0.1655E+00 0.1964E+00 0.1570E+00 0.1699E+00 0.5071E-01 0.2658E-01 0.9449E-01 0.9307E-01 0.1316E-01 0.1099E+00 0.2653E+00 0.6326E-01 0.1086E-01 0.6172E-01 0.1912E+00 0.8865E-01 0.1114E+00 0.1047E-01 0.0000E+00
0.0000E+00 0.1175E+00 0.1992E+00 0.1477E+00 0.1820E+00 0.1445E+00 0.1508E+00 0.3707E-01 0.5864E-01 0.8468E-01 0.1001E+00 0.1054E+00 0.1358E+00 0.2702E+00 0.6306E-01 0.1115E+00 0.4341E-01 0.1830E+00 0.5430E-01 0.1509E+00 0.8842E-01 0.0000E+00
0.0000E+00 0.7080E-01 0.2026E+00 0.1271E+00 0.2122E+00 0.1704E+00 0.1581E+00 0.5503E-01 0.1060E+00 0.1272E+00 0.1190E+00 0.6107E-01 0.9683E-01 0.1777E+00 0.1592E+00 0.6393E-01 0.1230E+00 0.1662E+00 0.1394E+00 0.1398E+00 0.1084E+00 0.0000E+00
0.0000E+00 0.9130E-01 0.1837E+00 0.1223E+00 0.2000E+00 0.1062E+00 0.2367E+00 0.3755E-01 0.6880E-01 0.1252E+00 0.1117E+00 0.3345E-01 0.1381E+00 0.2240E+00 0.1857E+00 0.4703E-01 0.1331E+00 0.1847E+00 0.1187E+00 0.1844E+00 0.1124E+00 0.0000E+00
0.0000E+00 0.1930E+00 0.2070E+00 0.1755E+00 0.2512E+00 0.1817E+00 0.2093E+00 0.6771E-01 0.1240E+00 0.1179E+00 0.1438E+00 0.1106E+00 0.2163E+00 0.1465E+00 0.2098E+00 0.1637E+00 0.1164E+00 0.1375E+00 0.6619E-01 0.1403E+00 0.9021E-02 0.0000E+00
0.0000E+00 0.1367E+00 0.1588E+00 0.1724E+00 0.2662E+00 0.1836E+00 0.2293E+00 0.1438E+00 0.9160E-01 0.7247E-01 0.1354E+00 0.1033E+00 0.1861E+00 0.1500E+00 0.1761E+00 0.2427E+00 0.1840E+00 0.1351E+00 0.4837E-01 0.1126E+00 0.7955E-01 0.0000E+00
0.0000E+00 0.1016E+00 0.1181E+00 0.1095E+00 0.2865E+00 0.1059E+00 0.1710E+00 0.1281E+00 0.1572E+00 0.1926E+00 0.2215E+00 0.1591E+00 0.2165E+00 0.2283E+00 0.1123E+00 0.2415E+00 0.4471E-01 0.1289E+00 0.7804E-01 0.1560E+00 0.4380E-01 0.0000E+00
0.0000E+00 0.1451E+00 0.1030E+00 0.1177E+00 0.2625E+00 0.1575E+00 0.1943E+00 0.2078E+00 0.1603E+00 0.2256E+00 0.2306E+00 0.1076E+00 0.1992E+00 0.2133E+00 0.4602E-01 0.2281E+00 0.6324E-01 0.1156E+00 0.3353E-01 0.1125E+00 0.1042E+00 0.0000E+00
0.0000E+00 0.1105E+00 0.1060E+00 0.1733E+00 0.1774E+00 0.2364E+00 0.2117E+00 0.1008E+00 0.1616E+00 0.2501E+00 0.2020E+00 0.4307E-02 0.2340E+00 0.1800E+00 0.6911E-01 0.1967E+00 0.1402E+00 0.6850E-01 0.1195E+00 0.8588E-01 0.1040E+00 0.0000E+00
0.0000E+00 0.1045E+00 0.1686E+00 0.1190E+00 0.1312E+00 0.2512E+00 0.2383E+00 0.1037E+00 0.1065E+00 0.2743E+00 0.1530E+00 0.9451E-01 0.1910E+00 0.1324E+00 0.6018E-01 0.1963E+00 0.8280E-01 0.5151E-01 0.9218E-01 0.1295E+00 0.9448E-01 0.0000E+00
0.0000E+00 0.1284E+00 0.2490E+00 0.2575E+00 0.2412E+00 0.1994E+00 0.3099E+00 0.9060E-01 0.1039E+00 0.2686E+00 0.1124E+00 0.5939E-01 0.1971E+00 0.1829E+00 0.2414E+00 0.2294E+00 0.5832E-01 0.4089E-01 0.8200E-01 0.1025E+00 0.6092E-01 0.0000E+00
0.0000E+00 0.8152E-01 0.2199E+00 0.1655E+00 0.1006E+00 0.1463E+00 0.2395E+00 0.1512E+00 0.8481E-01 0.2049E+00 0.1351E+00 0.1089E+00 0.1476E+00 0.1924E+00 0.1915E+00 0.9890E-02 0.8607E-01 0.4554E-01 0.5416E-01 0.1354E+00 0.1995E-01 0.0000E+00
0.0000E+00 0.1067E+00 0.1667E+00 0.1619E+00 0.1658E+00 0.2925E+00 0.2390E+00 0.1324E+00 0.1769E+00 0.2108E+00 0.1878E+00 0.1610E+00 0.2215E+00 0.1332E+00 0.2107E+00 0.8059E-01 0.5153E-01 0.4971E-01 0.4695E-01 0.9222E-01 0.9558E-01 0.0000E+00
0.0000E+00 0.6594E-01 0.1363E+00 0.1614E+00 0.1001E+00 0.2454E+00 0.2566E-01 0.1176E+00 0.3213E+00 0.3309E+00 0.1859E+00 0.2629E+00 0.2349E+00 0.1190E+00 0.2627E+00 0.1652E+00 0.1042E+00 0.1016E+00 0.7760E-01 0.1308E+00 0.1128E+00 0.0000E+00
0.0000E+00 0.0000E+00 0.0000E+00 0.0000E+00 0.0000E+00 0.0000E+00 0.0000E+00 0.0000E+00 0.0000E+00 0.0000E+00 0.0000E+00 0.0000E+00 0.0000E+00 0.0000E+00 0.0000E+00 0.0000E+00 0.0000E+00 0.0000E+00 0.0000E+00 0.0000E+00 0.0000E+00 0.0000E+00
