p1_rainE_highsm_dschg.asc
ncols     22
nrows     62
xllcorner      0.00000000
yllcorner      0.00000000
cellsize      0.50000000
nodata_value -9999
0.0000E+00 0.0000E+00 0.0000E+00 0.0000E+00 0.0000E+00 0.0000E+00 0.0000E+00 0.0000E+00 0.0000E+00 0.0000E+00 0.0000E+00 0.0000E+00 0.0000E+00 0.0000E+00 0.0000E+00 0.0000E+00 0.0000E+00 0.0000E+00 0.0000E+00 0.0000E+00 0.0000E+00 0.0000E+00
0.0000E+00 0.1888E-03 0.1676E-03 0.7058E-04 0.7958E-04 0.1127E-03 0.7549E-04 0.1323E-03 0.1395E-03 0.9243E-04 0.7568E-04 0.8223E-04 0.7899E-04 0.7824E-04 0.7966E-04 0.5836E-04 0.7778E-04 0.7816E-04 0.8454E-04 0.1885E-03 0.5456E-03 0.0000E+00
0.0000E+00 0.4524E-03 0.2052E-03 0.1344E-03 0.1463E-03 0.1811E-03 0.8053E-04 0.1885E-03 0.1883E-03 0.1556E-03 0.2247E-03 0.1549E-03 0.3138E-03 0.1850E-03 0.1326E-03 0.1145E-03 0.1372E-03 0.1933E-03 0.3873E-03 0.2168E-03 0.3801E-03 0.0000E+00
0.0000E+00 0.4179E-03 0.7472E-03 0.1871E-03 0.2357E-03 0.2647E-03 0.1451E-03 0.2171E-03 0.2125E-03 0.1998E-03 0.2533E-03 0.1903E-03 0.2960E-03 0.2194E-03 0.2514E-03 0.1739E-03 0.2020E-03 0.2352E-03 0.4356E-03 0.4726E-03 0.4304E-03 0.0000E+00
0.0000E+00 0.4219E-03 0.6278E-03 0.2696E-03 0.2748E-03 0.4319E-03 0.2019E-03 0.2360E-03 0.2562E-03 0.2889E-03 0.2786E-03 0.2294E-03 0.3499E-03 0.3134E-03 0.2790E-03 0.2245E-03 0.2471E-03 0.2603E-03 0.7503E-03 0.8507E-03 0.4090E-03 0.0000E+00
0.0000E+00 0.4359E-03 0.5948E-03 0.3292E-03 0.2974E-03 0.4452E-03 0.2513E-03 0.2673E-03 0.2735E-03 0.3063E-03 0.3208E-03 0.2576E-03 0.3574E-03 0.3211E-03 0.2974E-03 0.4569E-03 0.2770E-03 0.2822E-03 0.7113E-03 0.7239E-03 0.4221E-03 0.0000E+00
0.0000E+00 0.4530E-03 0.5796E-03 0.3536E-03 0.3194E-03 0.4686E-03 0.3019E-03 0.2785E-03 0.3166E-03 0.3182E-03 0.3485E-03 0.2737E-03 0.4123E-03 0.3344E-03 0.3113E-03 0.5540E-03 0.4541E-03 0.2955E-03 0.6320E-03 0.6493E-03 0.4151E-03 0.0000E+00
0.0000E+00 0.4248E-03 0.5550E-03 0.4224E-03 0.3293E-03 0.6132E-03 0.3877E-03 0.3003E-03 0.3173E-03 0.3173E-03 0.3837E-03 0.2852E-03 0.3986E-03 0.3549E-03 0.3242E-03 0.6257E-03 0.5770E-03 0.3063E-03 0.1017E-02 0.6935E-03 0.3834E-03 0.0000E+00
0.0000E+00 0.4913E-03 0.8187E-03 0.4156E-03 0.6064E-03 0.7399E-03 0.4132E-03 0.3368E-03 0.3219E-03 0.3122E-03 0.3631E-03 0.2932E-03 0.3851E-03 0.3412E-03 0.3898E-03 0.6257E-03 0.6268E-03 0.3748E-03 0.1087E-02 0.6202E-03 0.4480E-03 0.0000E+00
0.0000E+00 0.4627E-03 0.7478E-03 0.4035E-03 0.6459E-03 0.6917E-03 0.4427E-03 0.3423E-03 0.3307E-03 0.3105E-03 0.3453E-03 0.3039E-03 0.3737E-03 0.3328E-03 0.3749E-03 0.6117E-03 0.5795E-03 0.4569E-03 0.1186E-02 0.6517E-03 0.3971E-03 0.0000E+00
0.0000E+00 0.5835E-03 0.7337E-03 0.3872E-03 0.7680E-03 0.6991E-03 0.4112E-03 0.3389E-03 0.3450E-03 0.3038E-03 0.3745E-03 0.3078E-03 0.4405E-03 0.3164E-03 0.3472E-03 0.6837E-03 0.5028E-03 0.4201E-03 0.1335E-02 0.7097E-03 0.3462E-03 0.0000E+00
0.0000E+00 0.5359E-03 0.7873E-03 0.3656E-03 0.6922E-03 0.6239E-03 0.3983E-03 0.3352E-03 0.3643E-03 0.3122E-03 0.3831E-03 0.3106E-03 0.4264E-03 0.3362E-03 0.3356E-03 0.7449E-03 0.5115E-03 0.4536E-03 0.1281E-02 0.7128E-03 0.3662E-03 0.0000E+00
0.0000E+00 0.4955E-03 0.1538E-02 0.5875E-03 0.6783E-03 0.6892E-03 0.3732E-03 0.3664E-03 0.3419E-03 0.5386E-03 0.4560E-03 0.3085E-03 0.4314E-03 0.4085E-03 0.3140E-03 0.6403E-03 0.4581E-03 0.3791E-03 0.1071E-02 0.5913E-03 0.3203E-03 0.0000E+00
0.0000E+00 0.5785E-03 0.1292E-02 0.5356E-03 0.7494E-03 0.6049E-03 0.3753E-03 0.7525E-03 0.4188E-03 0.4932E-03 0.7567E-03 0.3086E-03 0.3912E-03 0.4110E-03 0.3092E-03 0.5466E-03 0.4241E-03 0.3458E-03 0.1128E-02 0.5370E-03 0.2933E-03 0.0000E+00
0.0000E+00 0.6776E-03 0.1168E-02 0.6659E-03 0.1254E-02 0.9699E-03 0.4092E-03 0.6894E-03 0.7782E-04 0.8029E-04 0.6419E-03 0.2879E-03 0.4158E-03 0.3667E-03 0.3227E-03 0.4608E-03 0.3931E-03 0.3089E-03 0.1131E-02 0.5623E-03 0.2875E-03 0.0000E+00
0.0000E+00 0.7141E-03 0.9987E-03 0.6738E-03 0.1131E-02 0.8434E-03 0.4431E-03 0.6426E-03 0.2076E-03 0.1690E-03 0.5401E-03 0.2872E-03 0.4450E-03 0.3255E-03 0.2941E-03 0.4068E-03 0.3458E-03 0.3127E-03 0.1070E-02 0.4684E-03 0.3070E-03 0.0000E+00
0.0000E+00 0.6287E-03 0.1176E-02 0.6100E-03 0.1174E-02 0.7902E-03 0.5749E-03 0.6274E-03 0.3435E-03 0.3386E-03 0.7025E-03 0.2903E-03 0.3961E-03 0.2982E-03 0.3390E-03 0.3318E-03 0.4378E-03 0.2956E-03 0.8873E-03 0.3909E-03 0.3007E-03 0.0000E+00
0.0000E+00 0.9203E-03 0.1231E-02 0.9748E-03 0.1784E-02 0.7760E-03 0.6966E-03 0.6006E-03 0.6599E-03 0.5687E-03 0.1350E-02 0.3093E-03 0.5348E-03 0.2887E-03 0.3208E-03 0.3569E-03 0.5370E-03 0.4452E-03 0.7127E-03 0.3407E-03 0.3001E-03 0.0000E+00
0.0000E+00 0.1299E-02 0.1043E-02 0.8469E-03 0.2482E-02 0.7488E-03 0.8335E-03 0.1448E-02 0.5980E-03 0.7779E-03 0.1191E-02 0.3366E-03 0.4969E-03 0.2900E-03 0.3179E-03 0.3256E-03 0.8068E-03 0.1018E-02 0.9442E-03 0.3073E-03 0.2962E-03 0.0000E+00
0.0000E+00 0.1348E-02 0.1009E-02 0.8606E-03 0.2762E-02 0.1147E-02 0.9935E-03 0.1799E-02 0.7493E-04 0.1108E-02 0.1466E-02 0.3479E-03 0.6320E-03 0.4870E-03 0.6868E-03 0.4746E-03 0.1602E-02 0.1767E-02 0.7788E-03 0.2978E-03 0.4235E-03 0.0000E+00
0.0000E+00 0.1501E-02 0.8705E-03 0.8143E-03 0.2394E-02 0.3933E-02 0.3115E-02 0.1941E-02 0.1843E-03 0.1472E-02 0.1732E-02 0.3177E-03 0.5808E-03 0.4713E-03 0.1340E-02 0.7419E-03 0.1285E-02 0.1397E-02 0.7272E-03 0.4868E-03 0.8048E-03 0.0000E+00
0.0000E+00 0.1395E-02 0.7173E-03 0.7389E-03 0.1338E-03 0.6743E-02 0.3052E-02 0.1059E-03 0.2384E-03 0.1407E-02 0.1764E-02 0.8910E-03 0.6623E-03 0.4273E-03 0.1119E-02 0.6770E-04 0.1550E-02 0.2728E-02 0.1019E-02 0.6250E-03 0.1123E-02 0.0000E+00
0.0000E+00 0.1199E-02 0.5921E-03 0.6669E-03 0.2410E-03 0.6960E-02 0.8832E-04 0.8337E-04 0.2855E-03 0.1242E-02 0.1654E-02 0.7630E-03 0.7358E-04 0.6063E-03 0.9390E-03 0.1672E-03 0.1740E-03 0.2835E-02 0.1261E-02 0.5740E-03 0.1233E-02 0.0000E+00
0.0000E+00 0.1325E-02 0.7211E-03 0.1159E-02 0.2936E-03 0.6540E-02 0.1471E-03 0.1610E-03 0.3030E-03 0.1086E-02 0.1415E-02 0.7039E-03 0.1383E-03 0.5232E-03 0.7910E-03 0.2119E-03 0.2401E-03 0.2794E-02 0.1369E-02 0.2181E-02 0.1305E-02 0.0000E+00
0.0000E+00 0.1544E-02 0.9729E-03 0.1301E-02 0.7965E-04 0.6110E-02 0.1936E-03 0.4297E-03 0.2869E-03 0.9064E-03 0.1173E-02 0.5899E-03 0.1865E-03 0.4600E-03 0.6473E-03 0.2846E-03 0.2846E-03 0.2816E-02 0.1225E-02 0.2217E-02 0.9986E-04 0.0000E+00
0.0000E+00 0.1358E-02 0.9535E-03 0.1119E-02 0.1859E-03 0.5986E-02 0.2540E-03 0.4078E-03 0.7934E-04 0.7499E-03 0.9754E-03 0.4905E-03 0.2232E-03 0.4578E-03 0.4855E-03 0.2850E-03 0.3625E-03 0.2567E-02 0.1179E-02 0.1995E-02 0.1620E-03 0.0000E+00
0.0000E+00 0.1145E-02 0.1130E-02 0.1334E-02 0.2165E-03 0.6316E-02 0.6336E-02 0.4198E-03 0.1426E-03 0.6045E-03 0.7729E-03 0.4110E-03 0.2557E-03 0.4595E-03 0.3639E-03 0.3972E-03 0.4030E-03 0.2312E-02 0.1134E-02 0.1896E-02 0.2124E-03 0.0000E+00
0.0000E+00 0.2215E-02 0.1016E-02 0.1252E-02 0.8178E-04 0.3840E-03 0.7024E-02 0.9480E-03 0.5968E-03 0.4938E-03 0.5786E-03 0.4770E-03 0.3610E-03 0.3867E-03 0.2877E-03 0.3709E-03 0.4041E-03 0.1940E-02 0.4350E-02 0.1683E-02 0.2418E-03 0.0000E+00
0.0000E+00 0.2723E-02 0.6857E-04 0.1599E-02 0.2172E-03 0.2573E-03 0.6649E-02 0.7996E-04 0.1271E-03 0.8800E-04 0.5292E-03 0.4949E-03 0.9779E-03 0.4533E-03 0.2585E-03 0.3529E-03 0.3797E-03 0.8463E-04 0.3929E-02 0.1360E-03 0.3390E-03 0.0000E+00
0.0000E+00 0.2279E-02 0.8226E-04 0.1346E-02 0.3089E-03 0.3224E-03 0.6829E-02 0.8086E-04 0.1953E-03 0.1603E-03 0.4068E-03 0.4458E-03 0.1199E-02 0.6856E-03 0.3640E-03 0.8971E-03 0.5038E-03 0.1588E-03 0.3497E-02 0.1878E-03 0.4583E-03 0.0000E+00
0.0000E+00 0.2368E-02 0.1465E-03 0.1204E-02 0.3070E-03 0.3458E-03 0.6780E-02 0.1952E-03 0.2338E-03 0.3892E-03 0.3678E-03 0.4093E-03 0.1088E-02 0.6465E-03 0.4392E-03 0.1501E-02 0.7030E-03 0.2289E-03 0.3075E-02 0.2445E-03 0.5125E-03 0.0000E+00
0.0000E+00 0.2095E-02 0.1993E-03 0.1143E-02 0.5580E-03 0.8538E-03 0.6866E-02 0.2363E-03 0.5093E-03 0.4881E-03 0.4736E-03 0.5106E-03 0.1016E-02 0.7812E-03 0.3812E-03 0.1650E-02 0.9994E-03 0.3176E-03 0.2683E-02 0.7098E-03 0.5119E-03 0.0000E+00
0.0000E+00 0.1757E-02 0.2379E-03 0.1145E-02 0.5002E-03 0.8843E-03 0.6200E-02 0.2612E-03 0.6917E-03 0.5157E-03 0.5687E-03 0.2307E-02 0.1782E-02 0.8814E-03 0.7432E-04 0.1532E-02 0.1269E-02 0.3518E-03 0.2419E-02 0.6671E-03 0.8324E-04 0.0000E+00
0.0000E+00 0.1453E-02 0.2453E-03 0.1148E-02 0.4691E-03 0.8625E-03 0.5550E-02 0.3550E-03 0.1144E-02 0.7282E-03 0.6523E-03 0.2118E-02 0.7914E-04 0.8298E-04 0.1081E-03 0.1324E-02 0.1001E-02 0.3734E-03 0.2074E-02 0.6153E-03 0.3138E-03 0.0000E+00
0.0000E+00 0.1321E-02 0.2695E-03 0.9279E-03 0.8482E-03 0.7971E-03 0.4853E-02 0.4716E-03 0.1458E-02 0.7781E-03 0.5791E-03 0.1938E-02 0.2510E-03 0.1539E-03 0.1825E-03 0.1094E-02 0.8281E-03 0.4098E-03 0.1663E-02 0.5215E-03 0.3909E-03 0.0000E+00
0.0000E+00 0.1151E-02 0.2513E-03 0.8683E-03 0.1133E-02 0.7787E-03 0.4578E-02 0.1760E-02 0.1467E-02 0.9342E-03 0.5472E-03 0.1756E-02 0.4460E-03 0.2642E-03 0.2147E-03 0.1477E-02 0.6404E-03 0.3931E-03 0.1190E-02 0.4379E-03 0.3736E-03 0.0000E+00
0.0000E+00 0.1110E-02 0.2461E-03 0.8273E-03 0.1261E-02 0.7489E-03 0.5939E-02 0.1522E-02 0.1357E-03 0.1126E-02 0.1607E-02 0.1763E-02 0.7621E-03 0.5840E-03 0.2405E-03 0.1571E-02 0.7804E-04 0.3816E-03 0.7519E-03 0.3628E-03 0.3541E-03 0.0000E+00
0.0000E+00 0.9243E-03 0.7694E-04 0.6758E-03 0.1082E-02 0.6827E-03 0.5683E-02 0.1069E-03 0.1882E-03 0.8723E-04 0.1445E-02 0.1752E-02 0.6714E-03 0.8080E-03 0.3939E-03 0.1397E-02 0.1461E-03 0.3512E-03 0.3771E-03 0.6226E-03 0.5171E-03 0.0000E+00
0.0000E+00 0.7410E-03 0.1144E-03 0.5550E-03 0.9374E-03 0.9908E-03 0.5605E-02 0.2177E-03 0.2758E-03 0.1853E-03 0.1426E-02 0.1665E-02 0.7937E-03 0.8017E-03 0.3711E-03 0.1175E-02 0.1994E-03 0.3523E-03 0.3216E-03 0.7343E-03 0.7539E-03 0.0000E+00
0.0000E+00 0.6893E-03 0.2149E-03 0.1576E-02 0.1236E-02 0.1113E-02 0.5729E-02 0.3162E-03 0.2963E-03 0.2335E-03 0.1286E-02 0.1755E-02 0.8529E-03 0.7516E-03 0.4250E-03 0.1669E-02 0.2368E-03 0.3425E-03 0.3859E-03 0.6366E-03 0.1053E-02 0.0000E+00
0.0000E+00 0.6648E-03 0.1373E-02 0.1357E-02 0.7806E-04 0.9276E-03 0.5405E-02 0.3357E-03 0.3474E-03 0.1303E-02 0.1088E-02 0.1746E-02 0.4208E-02 0.3309E-02 0.2974E-02 0.2795E-02 0.7603E-03 0.6527E-03 0.5271E-03 0.8021E-03 0.1029E-02 0.0000E+00
0.0000E+00 0.5712E-03 0.1625E-02 0.1245E-03 0.1481E-03 0.1001E-02 0.6277E-02 0.3368E-03 0.4074E-03 0.1256E-02 0.3026E-03 0.1460E-02 0.4114E-02 0.8371E-04 0.1602E-03 0.8432E-04 0.8369E-04 0.9590E-03 0.6417E-03 0.7254E-03 0.1008E-02 0.0000E+00
0.0000E+00 0.4936E-03 0.1450E-02 0.1837E-03 0.3412E-03 0.1129E-02 0.5834E-02 0.8547E-04 0.3660E-03 0.1011E-02 0.2925E-03 0.1230E-02 0.3721E-02 0.1520E-03 0.2147E-03 0.2169E-03 0.2435E-03 0.1263E-02 0.6122E-03 0.7949E-03 0.1037E-02 0.0000E+00
0.0000E+00 0.5329E-03 0.1235E-02 0.7670E-03 0.3350E-03 0.9431E-03 0.5088E-02 0.2566E-03 0.3393E-03 0.9383E-03 0.5649E-03 0.1343E-02 0.4297E-02 0.8080E-03 0.2483E-03 0.2518E-03 0.3444E-03 0.1622E-02 0.7439E-03 0.7192E-03 0.9490E-03 0.0000E+00
0.0000E+00 0.4638E-03 0.1132E-02 0.8152E-03 0.9598E-03 0.9550E-03 0.4848E-02 0.3066E-03 0.3095E-03 0.8814E-03 0.6992E-03 0.2035E-02 0.4530E-02 0.1336E-02 0.3744E-03 0.2755E-03 0.4482E-03 0.1411E-02 0.7975E-03 0.1482E-02 0.8509E-03 0.0000E+00
0.0000E+00 0.4808E-03 0.1140E-02 0.7561E-03 0.1470E-02 0.9728E-03 0.4205E-02 0.5572E-03 0.2870E-03 0.6854E-03 0.6996E-03 0.2704E-02 0.4057E-02 0.1680E-02 0.4651E-03 0.3930E-03 0.4309E-03 0.1502E-02 0.9057E-03 0.1441E-02 0.8471E-04 0.0000E+00
0.0000E+00 0.5797E-03 0.1181E-02 0.7101E-03 0.1258E-02 0.9065E-03 0.4071E-02 0.5219E-03 0.8687E-04 0.5268E-03 0.3367E-02 0.2946E-02 0.3644E-02 0.2098E-02 0.6074E-03 0.5295E-03 0.1138E-02 0.1295E-02 0.7714E-03 0.1558E-02 0.1748E-03 0.0000E+00
0.0000E+00 0.5740E-03 0.1289E-02 0.1234E-02 0.1618E-02 0.8056E-03 0.3453E-02 0.8492E-04 0.1494E-03 0.4288E-03 0.2861E-02 0.8170E-04 0.3230E-02 0.2074E-02 0.5525E-03 0.7962E-04 0.1247E-02 0.3370E-02 0.6986E-03 0.1353E-02 0.7952E-04 0.0000E+00
0.0000E+00 0.5918E-03 0.1205E-02 0.1579E-02 0.1638E-02 0.7822E-03 0.3321E-02 0.8139E-04 0.2075E-03 0.3915E-03 0.2708E-02 0.1722E-03 0.2943E-02 0.2670E-02 0.5449E-03 0.3337E-03 0.9060E-04 0.3173E-02 0.1099E-03 0.1215E-02 0.1963E-03 0.0000E+00
0.0000E+00 0.4876E-03 0.1416E-02 0.1499E-02 0.2156E-02 0.1410E-02 0.3844E-02 0.1744E-03 0.5463E-03 0.5905E-03 0.3206E-02 0.2185E-03 0.2540E-02 0.2346E-02 0.1005E-02 0.3488E-03 0.2371E-03 0.2954E-02 0.6557E-03 0.1039E-02 0.3094E-03 0.0000E+00
0.0000E+00 0.4396E-03 0.1375E-02 0.1616E-02 0.2070E-02 0.1138E-02 0.3490E-02 0.2171E-03 0.4810E-03 0.6254E-03 0.2991E-02 0.1004E-03 0.2501E-02 0.2935E-02 0.1615E-02 0.3565E-03 0.3912E-03 0.3169E-02 0.7390E-03 0.1578E-02 0.4981E-03 0.0000E+00
0.0000E+00 0.1032E-02 0.2256E-02 0.2405E-02 0.2955E-02 0.2219E-02 0.3684E-02 0.2535E-03 0.6621E-03 0.7095E-03 0.2874E-02 0.1749E-03 0.2304E-02 0.2557E-02 0.2067E-02 0.1154E-02 0.5700E-03 0.3487E-02 0.7683E-03 0.1562E-02 0.7999E-04 0.0000E+00
0.0000E+00 0.8194E-03 0.1945E-02 0.2853E-02 0.3731E-02 0.2835E-02 0.3252E-02 0.3240E-03 0.6605E-03 0.6230E-03 0.2564E-02 0.2295E-03 0.1939E-02 0.2548E-02 0.2563E-02 0.5486E-02 0.3697E-02 0.3295E-02 0.1174E-03 0.1475E-02 0.4001E-03 0.0000E+00
0.0000E+00 0.7177E-03 0.1666E-02 0.2458E-02 0.4204E-02 0.2424E-02 0.2715E-02 0.3717E-03 0.6318E-03 0.1005E-02 0.2727E-02 0.4808E-03 0.1924E-02 0.5589E-02 0.2182E-02 0.6211E-02 0.2029E-03 0.2429E-03 0.2142E-03 0.1374E-02 0.3510E-03 0.0000E+00
0.0000E+00 0.9230E-03 0.1425E-02 0.2187E-02 0.4051E-02 0.2306E-02 0.2806E-02 0.4967E-03 0.5968E-03 0.1597E-02 0.4025E-02 0.8070E-03 0.1818E-02 0.5579E-02 0.3248E-03 0.6630E-02 0.4051E-03 0.4180E-03 0.2433E-03 0.1159E-02 0.4692E-03 0.0000E+00
0.0000E+00 0.8733E-03 0.1287E-02 0.1955E-02 0.3613E-02 0.2082E-02 0.2515E-02 0.4602E-03 0.7634E-03 0.2685E-02 0.3975E-02 0.7430E-04 0.1937E-02 0.5228E-02 0.3856E-03 0.6007E-02 0.4819E-03 0.3890E-03 0.3376E-03 0.9615E-03 0.6068E-03 0.0000E+00
0.0000E+00 0.7827E-03 0.1108E-02 0.1718E-02 0.3250E-02 0.1925E-02 0.2130E-02 0.4256E-03 0.7028E-03 0.3658E-02 0.3632E-02 0.2956E-03 0.1994E-02 0.4810E-02 0.4639E-03 0.5606E-02 0.4565E-03 0.3833E-03 0.3375E-03 0.1575E-02 0.6399E-03 0.0000E+00
0.0000E+00 0.7212E-03 0.1136E-02 0.5358E-02 0.3726E-02 0.1695E-02 0.1815E-02 0.3877E-03 0.6298E-03 0.4193E-02 0.3230E-02 0.3181E-03 0.1977E-02 0.5007E-02 0.6068E-02 0.5486E-02 0.4381E-03 0.3785E-03 0.3317E-03 0.1566E-02 0.1845E-03 0.0000E+00
0.0000E+00 0.6326E-03 0.1235E-02 0.4948E-02 0.3735E-03 0.1472E-02 0.1474E-02 0.3802E-03 0.5664E-03 0.3677E-02 0.2984E-02 0.3419E-03 0.1510E-02 0.4918E-02 0.5502E-02 0.7896E-04 0.4258E-03 0.4367E-03 0.3233E-03 0.1379E-02 0.8162E-04 0.0000E+00
0.0000E+00 0.6157E-03 0.1047E-02 0.4574E-02 0.8568E-03 0.2495E-02 0.1193E-02 0.3774E-03 0.5776E-03 0.3438E-02 0.2663E-02 0.3567E-03 0.1208E-02 0.4494E-02 0.5461E-02 0.1466E-03 0.3949E-03 0.5017E-03 0.3175E-03 0.1182E-02 0.1545E-03 0.0000E+00
0.0000E+00 0.5205E-03 0.9581E-03 0.4847E-02 0.7057E-03 0.2448E-02 0.7931E-04 0.3725E-03 0.5758E-02 0.5605E-02 0.2316E-02 0.4663E-02 0.4771E-02 0.4040E-02 0.6339E-02 0.4845E-03 0.3744E-03 0.1153E-02 0.4977E-03 0.1207E-02 0.2167E-03 0.0000E+00
0.0000E+00 0.0000E+00 0.0000E+00 0.0000E+00 0.0000E+00 0.0000E+00 0.0000E+00 0.0000E+00 0.0000E+00 0.0000E+00 0.0000E+00 0.0000E+00 0.0000E+00 0.0000E+00 0.0000E+00 0.0000E+00 0.0000E+00 0.0000E+00 0.0000E+00 0.0000E+00 0.0000E+00 0.0000E+00
