p1_rainC_lowsm_sedtr.asc
ncols     22
nrows     62
xllcorner      0.00000000
yllcorner      0.00000000
cellsize      0.50000000
nodata_value -9999
0.0000E+00 0.0000E+00 0.0000E+00 0.0000E+00 0.0000E+00 0.0000E+00 0.0000E+00 0.0000E+00 0.0000E+00 0.0000E+00 0.0000E+00 0.0000E+00 0.0000E+00 0.0000E+00 0.0000E+00 0.0000E+00 0.0000E+00 0.0000E+00 0.0000E+00 0.0000E+00 0.0000E+00 0.0000E+00
0.0000E+00 0.1034E-01 0.1884E-02 0.1191E-03 0.1227E-03 0.2041E-02 0.1332E-03 0.6732E-03 0.6742E-02 0.5097E-03 0.2037E-03 0.8253E-03 0.1287E-03 0.3060E-03 0.1214E-03 0.4863E-04 0.4016E-05 0.1873E-03 0.1507E-03 0.8783E-02 0.1379E-01 0.0000E+00
0.0000E+00 0.3215E-01 0.7353E-03 0.6568E-03 0.9736E-03 0.5637E-02 0.1179E-02 0.8896E-02 0.4505E-02 0.2052E-02 0.9778E-02 0.3405E-02 0.1227E-01 0.3158E-02 0.2276E-04 0.6836E-03 0.7425E-03 0.1588E-02 0.1840E-01 0.2605E-02 0.3169E-02 0.0000E+00
0.0000E+00 0.1336E-01 0.2611E-01 0.4579E-03 0.1271E-01 0.7176E-02 0.9943E-04 0.1923E-02 0.9265E-03 0.1748E-02 0.1622E-02 0.1270E-03 0.2804E-02 0.4729E-03 0.7188E-02 0.4112E-02 0.1430E-02 0.1075E-02 0.8950E-02 0.1254E-01 0.9889E-02 0.0000E+00
0.0000E+00 0.1327E-01 0.4758E-01 0.1548E-01 0.1511E-01 0.2584E-01 0.4630E-02 0.6668E-02 0.9972E-02 0.5690E-02 0.1311E-02 0.1363E-03 0.1226E-01 0.6189E-02 0.9820E-03 0.3784E-02 0.1619E-02 0.4824E-03 0.4854E-02 0.1848E-01 0.1906E-02 0.0000E+00
0.0000E+00 0.1570E-01 0.2844E-01 0.2625E-01 0.4727E-02 0.1686E-01 0.1244E-01 0.1552E-01 0.2291E-02 0.8704E-02 0.8053E-02 0.1015E-02 0.9628E-03 0.5171E-02 0.3906E-03 0.1744E-01 0.1024E-02 0.1045E-03 0.5493E-02 0.8165E-02 0.1524E-01 0.0000E+00
0.0000E+00 0.2188E-01 0.5273E-01 0.1445E-01 0.2745E-01 0.2124E-01 0.2345E-01 0.2455E-02 0.1024E-01 0.4064E-02 0.9940E-02 0.4849E-02 0.2660E-02 0.2202E-02 0.5043E-03 0.2037E-01 0.3053E-02 0.5004E-03 0.3025E-02 0.4170E-02 0.2327E-02 0.0000E+00
0.0000E+00 0.7381E-02 0.2747E-01 0.1133E-01 0.6696E-02 0.1302E-01 0.1486E-01 0.5134E-02 0.2961E-02 0.1380E-02 0.2818E-01 0.5363E-02 0.1396E-03 0.5604E-02 0.1895E-02 0.2625E-01 0.2765E-02 0.1959E-06 0.1445E-01 0.4133E-02 0.7179E-03 0.0000E+00
0.0000E+00 0.2056E-01 0.2444E-01 0.4297E-02 0.2284E-01 0.7280E-02 0.3618E-02 0.1061E-01 0.2699E-02 0.6131E-03 0.5744E-02 0.3087E-02 0.7082E-03 0.1206E-02 0.1882E-02 0.1446E-01 0.7689E-02 0.8443E-03 0.7192E-02 0.2138E-02 0.1146E-01 0.0000E+00
0.0000E+00 0.8418E-02 0.2029E-01 0.9127E-02 0.2052E-01 0.4291E-02 0.1086E-01 0.3719E-02 0.1369E-01 0.7479E-02 0.3041E-02 0.1160E-02 0.7354E-02 0.6626E-02 0.5405E-02 0.1540E-01 0.5073E-02 0.2702E-02 0.5928E-02 0.1108E-01 0.1805E-02 0.0000E+00
0.0000E+00 0.5690E-02 0.1260E-01 0.3115E-02 0.1909E-01 0.2395E-01 0.6260E-02 0.1100E-02 0.7383E-02 0.1244E-02 0.1436E-01 0.7915E-03 0.4077E-02 0.1490E-02 0.2641E-02 0.1782E-01 0.1909E-02 0.2682E-02 0.2802E-01 0.1134E-01 0.6367E-03 0.0000E+00
0.0000E+00 0.2433E-02 0.8444E-02 0.1114E-02 0.6798E-02 0.4678E-02 0.6816E-02 0.2038E-03 0.3532E-02 0.5603E-02 0.6465E-02 0.7483E-03 0.1100E-02 0.1613E-01 0.7759E-02 0.7156E-02 0.1094E-01 0.3257E-02 0.8875E-02 0.6478E-02 0.2299E-02 0.0000E+00
0.0000E+00 0.5946E-02 0.4167E-01 0.1256E-01 0.2695E-01 0.9552E-02 0.1850E-02 0.1528E-02 0.1772E-02 0.1671E-01 0.1246E-01 0.1189E-02 0.2114E-02 0.1314E-01 0.2368E-02 0.4342E-02 0.3182E-02 0.6902E-03 0.4220E-02 0.2791E-02 0.4151E-03 0.0000E+00
0.0000E+00 0.2377E-02 0.7521E-02 0.8052E-02 0.1843E-01 0.2324E-02 0.1668E-01 0.1179E-01 0.2046E-02 0.4407E-02 0.1995E-02 0.2861E-02 0.1125E-02 0.1413E-01 0.8233E-02 0.2821E-02 0.1600E-01 0.8679E-02 0.1009E-01 0.5326E-02 0.2454E-02 0.0000E+00
0.0000E+00 0.1555E-01 0.2876E-02 0.2743E-01 0.3467E-01 0.1445E-01 0.1877E-01 0.1988E-02 0.7311E-03 0.2135E-03 0.2076E-01 0.5897E-02 0.6430E-02 0.4298E-02 0.6522E-02 0.1324E-02 0.1945E-01 0.3573E-02 0.1970E-01 0.3193E-02 0.1322E-01 0.0000E+00
0.0000E+00 0.2543E-01 0.7126E-02 0.2832E-01 0.2636E-01 0.1745E-01 0.8193E-02 0.1294E-02 0.2899E-01 0.1144E-01 0.3344E-01 0.7162E-02 0.5920E-02 0.2600E-02 0.1400E-02 0.5761E-03 0.7411E-02 0.4059E-02 0.1331E-01 0.1889E-02 0.1027E-01 0.0000E+00
0.0000E+00 0.6655E-02 0.5912E-01 0.1285E-01 0.4218E-01 0.1386E-01 0.3361E-01 0.6731E-02 0.3176E-01 0.2802E-01 0.3857E-01 0.2374E-02 0.1623E-02 0.2854E-02 0.1677E-01 0.1899E-03 0.5638E-02 0.1563E-02 0.9098E-02 0.6867E-03 0.1047E-01 0.0000E+00
0.0000E+00 0.2479E-01 0.2215E-01 0.9310E-02 0.3368E-01 0.4868E-02 0.2323E-01 0.1759E-02 0.2077E-01 0.2024E-01 0.3694E-01 0.8212E-03 0.1439E-01 0.4460E-02 0.4555E-02 0.1982E-01 0.1026E-01 0.1381E-01 0.1255E-01 0.4740E-02 0.1639E-01 0.0000E+00
0.0000E+00 0.4655E-01 0.2249E-01 0.6276E-02 0.6823E-01 0.4035E-01 0.2351E-01 0.1548E-01 0.8675E-02 0.9927E-02 0.1588E-01 0.3240E-03 0.1005E-01 0.1977E-02 0.5004E-02 0.5698E-02 0.1703E-01 0.1885E-01 0.2564E-01 0.6767E-03 0.5216E-02 0.0000E+00
0.0000E+00 0.1648E-01 0.3353E-01 0.6800E-02 0.2429E-01 0.4177E-01 0.3546E-01 0.6979E-02 0.7565E-03 0.3298E-01 0.1939E-01 0.4431E-03 0.1417E-01 0.2621E-02 0.2623E-02 0.2632E-02 0.4213E-01 0.4779E-01 0.1458E-01 0.2650E-02 0.2981E-01 0.0000E+00
0.0000E+00 0.3177E-01 0.2509E-01 0.5520E-02 0.1556E-01 0.5230E-01 0.1840E-01 0.2517E-01 0.4789E-02 0.3766E-01 0.2747E-01 0.7805E-06 0.3611E-02 0.2796E-02 0.1034E-02 0.9324E-03 0.1164E-01 0.1963E-01 0.2421E-01 0.1601E-01 0.2516E-01 0.0000E+00
0.0000E+00 0.2309E-01 0.1269E-01 0.1680E-01 0.7037E-02 0.3848E-01 0.1149E-01 0.4433E-02 0.7344E-02 0.1518E-01 0.1179E-01 0.1546E-02 0.1831E-02 0.4806E-02 0.2851E-02 0.7661E-06 0.1516E-01 0.1648E-01 0.1144E-01 0.2273E-01 0.1565E-01 0.0000E+00
0.0000E+00 0.8548E-02 0.9194E-02 0.1308E-01 0.1446E-01 0.3612E-01 0.8045E-03 0.2462E-03 0.1886E-01 0.2300E-01 0.1509E-01 0.6721E-03 0.2197E-04 0.1116E-01 0.4071E-02 0.2772E-01 0.1166E-01 0.4472E-01 0.1987E-01 0.9171E-02 0.9336E-02 0.0000E+00
0.0000E+00 0.2187E-01 0.9228E-02 0.7558E-02 0.6425E-02 0.3644E-01 0.1384E-02 0.6507E-02 0.6325E-02 0.2171E-01 0.1259E-01 0.1061E-01 0.1621E-06 0.3438E-02 0.6594E-02 0.4146E-02 0.1449E-01 0.3049E-01 0.5350E-02 0.8222E-02 0.1851E-01 0.0000E+00
0.0000E+00 0.1438E-01 0.2384E-01 0.6984E-02 0.2851E-03 0.4549E-01 0.8916E-04 0.2899E-02 0.2174E-02 0.7757E-02 0.3505E-02 0.3165E-02 0.4587E-04 0.2618E-02 0.3393E-02 0.1941E-02 0.6389E-02 0.1381E-01 0.1947E-02 0.5244E-02 0.1780E-02 0.0000E+00
0.0000E+00 0.5995E-02 0.3423E-01 0.3033E-02 0.9886E-02 0.6808E-01 0.1182E-01 0.6206E-02 0.1309E-03 0.6472E-02 0.2020E-02 0.1407E-02 0.1636E-02 0.2054E-02 0.1191E-02 0.1680E-03 0.1292E-01 0.1588E-01 0.2280E-01 0.1486E-01 0.4918E-02 0.0000E+00
0.0000E+00 0.5603E-02 0.1267E-01 0.1529E-01 0.2125E-03 0.3270E-01 0.3559E-01 0.8354E-02 0.1024E-02 0.3936E-02 0.9880E-03 0.1747E-02 0.2698E-02 0.1027E-02 0.6244E-03 0.1153E-01 0.1393E-01 0.2856E-01 0.4468E-01 0.3559E-01 0.7020E-02 0.0000E+00
0.0000E+00 0.6201E-02 0.5046E-02 0.6345E-02 0.5758E-03 0.1591E-01 0.2214E-01 0.6830E-02 0.1962E-01 0.1160E-01 0.3000E-03 0.1557E-01 0.5531E-02 0.1385E-02 0.6798E-03 0.1764E-02 0.9458E-02 0.6911E-02 0.1670E-01 0.1458E-01 0.3778E-02 0.0000E+00
0.0000E+00 0.2764E-02 0.1984E-03 0.1858E-01 0.1476E-01 0.7388E-02 0.1941E-01 0.6392E-03 0.6510E-02 0.3818E-02 0.6826E-02 0.4609E-02 0.1775E-01 0.2191E-01 0.1591E-02 0.1902E-02 0.4660E-02 0.6471E-02 0.1775E-01 0.8444E-02 0.1200E-01 0.0000E+00
0.0000E+00 0.5793E-02 0.1075E-03 0.4454E-02 0.5945E-02 0.3791E-02 0.7379E-01 0.5751E-02 0.1480E-01 0.3173E-02 0.1040E-01 0.7809E-02 0.2712E-01 0.3303E-01 0.2550E-01 0.4901E-01 0.7900E-02 0.9894E-02 0.1589E-01 0.2945E-02 0.1968E-01 0.0000E+00
0.0000E+00 0.6202E-01 0.9565E-03 0.3479E-01 0.8266E-02 0.8459E-02 0.1108E+00 0.5118E-02 0.5189E-02 0.6994E-02 0.8163E-02 0.4111E-01 0.3856E-01 0.2552E-01 0.9909E-02 0.4135E-01 0.1028E-01 0.2862E-02 0.1660E-01 0.7902E-02 0.6474E-02 0.0000E+00
0.0000E+00 0.6972E-01 0.1986E-02 0.2556E-01 0.1348E-01 0.3499E-01 0.9310E-01 0.3456E-02 0.2725E-01 0.1442E-01 0.1364E-01 0.2518E-01 0.3913E-01 0.2139E-01 0.2480E-02 0.8985E-02 0.5590E-02 0.7525E-02 0.2030E-01 0.5585E-02 0.6365E-02 0.0000E+00
0.0000E+00 0.3194E-01 0.1464E-02 0.5059E-01 0.3678E-02 0.1592E-01 0.4640E-01 0.2297E-02 0.2656E-01 0.1251E-01 0.1177E-01 0.2843E-01 0.2268E-01 0.1785E-01 0.1458E-05 0.5006E-02 0.1058E-02 0.1188E-02 0.1570E-01 0.4962E-02 0.3611E-02 0.0000E+00
0.0000E+00 0.2548E-01 0.2584E-03 0.4204E-01 0.5391E-02 0.1602E-01 0.3073E-01 0.8851E-02 0.2103E-01 0.1562E-01 0.1289E-01 0.1988E-01 0.1580E-04 0.1561E-02 0.6888E-02 0.1729E-01 0.4915E-02 0.7880E-03 0.1573E-01 0.2281E-02 0.9457E-02 0.0000E+00
0.0000E+00 0.4593E-01 0.6812E-02 0.1575E-01 0.2699E-01 0.7387E-02 0.2758E-01 0.2147E-01 0.1765E-01 0.6658E-02 0.4900E-02 0.3773E-01 0.1777E-01 0.2690E-02 0.1072E-02 0.9831E-02 0.1059E-01 0.1636E-01 0.1658E-01 0.8307E-03 0.8148E-02 0.0000E+00
0.0000E+00 0.4357E-01 0.6545E-03 0.9618E-02 0.2150E-01 0.1732E-01 0.8978E-01 0.7492E-02 0.5961E-02 0.6036E-02 0.2510E-01 0.3621E-01 0.2205E-01 0.1368E-01 0.3257E-03 0.5424E-02 0.4128E-02 0.1034E-01 0.9925E-02 0.7915E-03 0.1218E-01 0.0000E+00
0.0000E+00 0.2101E-01 0.7280E-03 0.1291E-01 0.1941E-01 0.1119E-01 0.8216E-01 0.6592E-02 0.5089E-02 0.1603E-01 0.1223E-01 0.3632E-01 0.2801E-01 0.3041E-01 0.5476E-05 0.3044E-01 0.4860E-04 0.2241E-01 0.2144E-01 0.4439E-03 0.4957E-02 0.0000E+00
0.0000E+00 0.1514E-01 0.2402E-04 0.6282E-02 0.1025E-01 0.5466E-02 0.8404E-01 0.1174E-02 0.1832E-02 0.3350E-02 0.8360E-02 0.2261E-01 0.9187E-02 0.1929E-01 0.1277E-01 0.1644E-01 0.2720E-02 0.5245E-02 0.8532E-02 0.2336E-01 0.3997E-01 0.0000E+00
0.0000E+00 0.1537E-01 0.1646E-01 0.5777E-02 0.6618E-02 0.3083E-01 0.9504E-01 0.2775E-02 0.2503E-01 0.2977E-01 0.4038E-01 0.1308E-01 0.2044E-01 0.1178E-01 0.1133E-02 0.1812E-01 0.3494E-02 0.9230E-02 0.2196E-01 0.2478E-01 0.3244E-01 0.0000E+00
0.0000E+00 0.2163E-01 0.1209E-01 0.6791E-02 0.2911E-01 0.1461E-01 0.9070E-01 0.5417E-02 0.5673E-02 0.8777E-02 0.9745E-02 0.2103E-01 0.3096E-01 0.1241E-01 0.7134E-02 0.1604E-01 0.1034E-02 0.3639E-02 0.3605E-01 0.1563E-01 0.4315E-01 0.0000E+00
0.0000E+00 0.2145E-01 0.5567E-02 0.3522E-02 0.6478E-03 0.6819E-02 0.5644E-01 0.1315E-02 0.3699E-02 0.1435E-01 0.5227E-02 0.1678E-01 0.3621E-01 0.1373E-01 0.1529E-01 0.5663E-02 0.4129E-02 0.6974E-02 0.2805E-01 0.3009E-01 0.1711E-01 0.0000E+00
0.0000E+00 0.1095E-01 0.4435E-01 0.8332E-02 0.2985E-02 0.4857E-01 0.6459E-01 0.1315E-02 0.1435E-02 0.6104E-02 0.1329E-01 0.8677E-02 0.2838E-01 0.1730E-03 0.1163E-01 0.1009E-03 0.2091E-04 0.2951E-01 0.3363E-01 0.9766E-02 0.2230E-01 0.0000E+00
0.0000E+00 0.7991E-02 0.2446E-01 0.4079E-02 0.7163E-02 0.1723E-01 0.6479E-01 0.1606E-02 0.1860E-02 0.4761E-02 0.6677E-02 0.1027E-01 0.2314E-01 0.2048E-03 0.1848E-01 0.2399E-01 0.1954E-01 0.8002E-01 0.2104E-01 0.1536E-01 0.2863E-01 0.0000E+00
0.0000E+00 0.1757E-01 0.1200E-01 0.3597E-01 0.3561E-02 0.9408E-02 0.4500E-01 0.2659E-01 0.1371E-02 0.3330E-01 0.2678E-01 0.4076E-01 0.7380E-01 0.1644E-01 0.2757E-02 0.4414E-02 0.2826E-01 0.6654E-01 0.5991E-01 0.7375E-02 0.1109E-01 0.0000E+00
0.0000E+00 0.4201E-02 0.3108E-01 0.1962E-01 0.4042E-01 0.1560E-01 0.3492E-01 0.8183E-02 0.2068E-04 0.1852E-01 0.2182E-01 0.5523E-01 0.6357E-01 0.2635E-01 0.8940E-02 0.1758E-02 0.1906E-01 0.2821E-01 0.3787E-01 0.1445E-01 0.1393E-01 0.0000E+00
0.0000E+00 0.1498E-01 0.2834E-01 0.2058E-01 0.3126E-01 0.1712E-01 0.1065E+00 0.2425E-02 -.3459E-07 0.7651E-02 0.1941E-01 0.3524E-01 0.3315E-01 0.3353E-01 0.7189E-02 0.8489E-02 0.7060E-02 0.4233E-01 0.3405E-01 0.9799E-02 0.8460E-03 0.0000E+00
0.0000E+00 0.2988E-01 0.3491E-01 0.2555E-01 0.2973E-01 0.3112E-01 0.9223E-01 0.1749E-02 0.2276E-02 0.4199E-02 0.2462E-01 0.8843E-02 0.3150E-01 0.5886E-01 0.5138E-02 0.6189E-02 0.6089E-02 0.1811E-01 0.1706E-01 0.1109E-01 0.2800E-01 0.0000E+00
0.0000E+00 0.2206E-01 0.4024E-01 0.2977E-01 0.4314E-01 0.1607E-01 0.5194E-01 0.5845E-02 0.1528E-03 0.7513E-02 0.1882E-01 0.1416E-02 0.2594E-01 0.7982E-01 0.2321E-02 0.1000E-02 0.4459E-02 0.3548E-01 0.1622E-01 0.5443E-02 0.4487E-03 0.0000E+00
0.0000E+00 0.5512E-02 0.1568E-01 0.2131E-01 0.3386E-01 0.1021E-01 0.5336E-01 0.1870E-02 0.4853E-02 0.4386E-02 0.3358E-01 0.2318E-01 0.4211E-01 0.7025E-01 0.2415E-02 0.2787E-01 0.5838E-02 0.4896E-01 0.7953E-02 0.2647E-01 0.1427E-01 0.0000E+00
0.0000E+00 0.2512E-02 0.2475E-01 0.1506E-01 0.4263E-01 0.2666E-01 0.6975E-01 0.3285E-02 0.1647E-01 0.2053E-01 0.3150E-01 0.6549E-02 0.2546E-01 0.3472E-01 0.3390E-01 0.6897E-02 0.2660E-01 0.3472E-01 0.3826E-01 0.1876E-01 0.1607E-01 0.0000E+00
0.0000E+00 0.9800E-02 0.2208E-01 0.1501E-01 0.3165E-01 0.8912E-02 0.1272E+00 0.1023E-02 0.6164E-02 0.1684E-01 0.3538E-01 0.1792E-02 0.4981E-01 0.5894E-01 0.3973E-01 0.2737E-02 0.2316E-01 0.5365E-01 0.2421E-01 0.2084E-01 0.1781E-01 0.0000E+00
0.0000E+00 0.4863E-01 0.3856E-01 0.3973E-01 0.6074E-01 0.5172E-01 0.9935E-01 0.9512E-02 0.1915E-01 0.1063E-01 0.5545E-01 0.1227E-01 0.8353E-01 0.2978E-01 0.4955E-01 0.4275E-01 0.1549E-01 0.2137E-01 0.7394E-02 0.1476E-01 0.9671E-04 0.0000E+00
0.0000E+00 0.1933E-01 0.1809E-01 0.3749E-01 0.6796E-01 0.5179E-01 0.1045E+00 0.2396E-01 0.8682E-02 0.4208E-02 0.4654E-01 0.4564E-02 0.5460E-01 0.3224E-01 0.3426E-01 0.4329E-01 0.2463E-01 0.2385E-01 0.4669E-02 0.1286E-01 0.1627E-01 0.0000E+00
0.0000E+00 0.9220E-02 0.1013E-01 0.1619E-01 0.8041E-01 0.1913E-01 0.5745E-01 0.1570E-01 0.3073E-01 0.5202E-01 0.9457E-01 0.2469E-01 0.6526E-01 0.5595E-01 0.1843E-01 0.6777E-01 0.8309E-02 0.4117E-01 0.1154E-01 0.3167E-01 0.4915E-02 0.0000E+00
0.0000E+00 0.1897E-01 0.7865E-02 0.1981E-01 0.6883E-01 0.4872E-01 0.7922E-01 0.4139E-01 0.2370E-01 0.5664E-01 0.5798E-01 0.8762E-02 0.4810E-01 0.5997E-01 0.1000E-01 0.6512E-01 0.8964E-02 0.2352E-01 0.1201E-02 0.1240E-01 0.1970E-01 0.0000E+00
0.0000E+00 0.7812E-02 0.9042E-02 0.4274E-01 0.3580E-01 0.8108E-01 0.8740E-01 0.6957E-02 0.1784E-01 0.6475E-01 0.5281E-01 0.1252E-04 0.6782E-01 0.4805E-01 0.1186E-01 0.3628E-01 0.3280E-01 0.9811E-02 0.1816E-01 0.8082E-02 0.1174E-01 0.0000E+00
0.0000E+00 0.1065E-01 0.2953E-01 0.1650E-01 0.2595E-01 0.6949E-01 0.9728E-01 0.8744E-02 0.8930E-02 0.7803E-01 0.3662E-01 0.1579E-01 0.3817E-01 0.2727E-01 0.6660E-02 0.4015E-01 0.1130E-01 0.1017E-02 0.8468E-02 0.1307E-01 0.9194E-02 0.0000E+00
0.0000E+00 0.1975E-01 0.4947E-01 0.5972E-01 0.8771E-01 0.4309E-01 0.1355E+00 0.8802E-02 0.1139E-01 0.7458E-01 0.2518E-01 0.3993E-02 0.4767E-01 0.5767E-01 0.5687E-01 0.6643E-01 0.5865E-02 0.8518E-04 0.5249E-02 0.9799E-02 0.9349E-02 0.0000E+00
0.0000E+00 0.3701E-02 0.2307E-01 0.3314E-01 0.2731E-01 0.2761E-01 0.7701E-01 0.2278E-01 0.6775E-02 0.4552E-01 0.4575E-01 0.1024E-01 0.2666E-01 0.5777E-01 0.3731E-01 0.8995E-03 0.8621E-02 0.1313E-04 0.2382E-02 0.3680E-01 0.2890E-02 0.0000E+00
0.0000E+00 0.7885E-02 0.1124E-01 0.4658E-01 0.4962E-01 0.7021E-01 0.7352E-01 0.1168E-01 0.2747E-01 0.5679E-01 0.7377E-01 0.2073E-01 0.7350E-01 0.3171E-01 0.5983E-01 0.1336E-01 0.2870E-02 0.2687E-02 0.2308E-02 0.1529E-01 0.1714E-01 0.0000E+00
0.0000E+00 0.2172E-02 0.6688E-02 0.3113E-01 0.1876E-01 0.5912E-01 0.1611E-02 0.5190E-02 0.6485E-01 0.9880E-01 0.6181E-01 0.4567E-01 0.5519E-01 0.2777E-01 0.4933E-01 0.1705E-01 0.9787E-02 0.7434E-02 0.7660E-02 0.1611E-01 0.1314E-01 0.0000E+00
0.0000E+00 0.0000E+00 0.0000E+00 0.0000E+00 0.0000E+00 0.0000E+00 0.0000E+00 0.0000E+00 0.0000E+00 0.0000E+00 0.0000E+00 0.0000E+00 0.0000E+00 0.0000E+00 0.0000E+00 0.0000E+00 0.0000E+00 0.0000E+00 0.0000E+00 0.0000E+00 0.0000E+00 0.0000E+00
