p1_rainE_highsm_sedtr.asc
ncols     22
nrows     62
xllcorner      0.00000000
yllcorner      0.00000000
cellsize      0.50000000
nodata_value -9999
0.0000E+00 0.0000E+00 0.0000E+00 0.0000E+00 0.0000E+00 0.0000E+00 0.0000E+00 0.0000E+00 0.0000E+00 0.0000E+00 0.0000E+00 0.0000E+00 0.0000E+00 0.0000E+00 0.0000E+00 0.0000E+00 0.0000E+00 0.0000E+00 0.0000E+00 0.0000E+00 0.0000E+00 0.0000E+00
0.0000E+00 0.6660E-04 0.3262E-04 0.2741E-06 0.6386E-05 0.7599E-04 0.1578E-05 0.1415E-04 0.5753E-04 0.7136E-05 0.1065E-05 0.1265E-04 0.5274E-05 0.4228E-05 0.6585E-05 -.2637E-07 0.4354E-06 0.4165E-05 0.2183E-04 0.8253E-04 0.1507E-03 0.0000E+00
0.0000E+00 0.4357E-03 0.1067E-04 0.1525E-04 0.2932E-04 0.3750E-04 0.1070E-04 0.7939E-04 0.2160E-04 0.2982E-04 0.1281E-03 0.2248E-04 0.1307E-03 0.4533E-04 0.4052E-06 0.2489E-05 0.1100E-04 0.2607E-04 0.2840E-03 0.1475E-04 0.3253E-04 0.0000E+00
0.0000E+00 0.1172E-03 0.4923E-03 0.2439E-04 0.1539E-03 0.8242E-04 0.1038E-04 0.1183E-04 0.4738E-05 0.2474E-04 0.2747E-04 0.3984E-05 0.2939E-04 0.8605E-05 0.1702E-03 0.4722E-04 0.8969E-04 0.2681E-04 0.8668E-04 0.1536E-03 0.1184E-03 0.0000E+00
0.0000E+00 0.7171E-04 0.8894E-03 0.2138E-03 0.1591E-03 0.5758E-03 0.1453E-03 0.9344E-04 0.1274E-03 0.7326E-04 0.1301E-04 0.4205E-04 0.2418E-03 0.6409E-04 0.4420E-04 0.4812E-04 0.3616E-04 0.7201E-05 0.3951E-04 0.1974E-03 0.4221E-04 0.0000E+00
0.0000E+00 0.6085E-04 0.3676E-03 0.3758E-03 0.5316E-04 0.2942E-03 0.2663E-03 0.1699E-03 0.3695E-04 0.1203E-03 0.1038E-03 0.1630E-04 0.8254E-04 0.4422E-04 0.1864E-04 0.1917E-03 0.1371E-04 0.1401E-04 0.1356E-03 0.1343E-03 0.3352E-03 0.0000E+00
0.0000E+00 0.1656E-03 0.6092E-03 0.1362E-03 0.3150E-03 0.2424E-03 0.3116E-03 0.4536E-04 0.1595E-03 0.3597E-04 0.5638E-04 0.2598E-04 0.9754E-04 0.1700E-04 0.1043E-04 0.1303E-03 0.8242E-05 0.8195E-05 0.6820E-04 0.7353E-04 0.8827E-04 0.0000E+00
0.0000E+00 0.4368E-04 0.2570E-03 0.6696E-04 0.8326E-04 0.1525E-03 0.1224E-03 0.1194E-03 0.4720E-04 0.1316E-04 0.3650E-03 0.5820E-04 0.3629E-04 0.1654E-03 0.1922E-04 0.2181E-03 0.3856E-05 0.2877E-05 0.2134E-03 0.3451E-04 0.4242E-04 0.0000E+00
0.0000E+00 0.2867E-03 0.1795E-03 0.2411E-04 0.3542E-03 0.1008E-03 0.2860E-04 0.1348E-03 0.3281E-04 0.4516E-05 0.8457E-04 0.2200E-04 0.2074E-04 0.4461E-04 0.5032E-05 0.9602E-04 0.8366E-04 0.1015E-05 0.1059E-03 0.1877E-04 0.1217E-03 0.0000E+00
0.0000E+00 0.1147E-03 0.2004E-03 0.1109E-03 0.3602E-03 0.5607E-04 0.8244E-04 0.4985E-04 0.2451E-03 0.1208E-03 0.4507E-04 0.9498E-04 0.1868E-03 0.7334E-04 0.4495E-04 0.1314E-03 0.4159E-04 0.7369E-05 0.7440E-04 0.1058E-03 0.4371E-04 0.0000E+00
0.0000E+00 0.4820E-04 0.9340E-04 0.3512E-04 0.2126E-03 0.3476E-03 0.7137E-04 0.2269E-04 0.5852E-04 0.3083E-04 0.1870E-03 0.2093E-04 0.6088E-04 0.2582E-04 0.1854E-04 0.1384E-03 0.2277E-04 0.3305E-04 0.4382E-03 0.9109E-04 0.1601E-04 0.0000E+00
0.0000E+00 0.2211E-04 0.4488E-04 0.1413E-04 0.1318E-03 0.1377E-03 0.9641E-04 0.8258E-05 0.2221E-04 0.8384E-04 0.7675E-04 0.4875E-05 0.2219E-04 0.1146E-03 0.2548E-04 0.5496E-04 0.9129E-04 0.2336E-04 0.1710E-03 0.4621E-04 0.2533E-04 0.0000E+00
0.0000E+00 0.1413E-03 0.9448E-03 0.1379E-03 0.2761E-03 0.2871E-03 0.3249E-04 0.2180E-03 0.1331E-04 0.1647E-03 0.9031E-04 0.2012E-05 0.9987E-05 0.4348E-04 0.1046E-04 0.3563E-04 0.2286E-04 0.5877E-05 0.1247E-03 0.2971E-04 0.7735E-05 0.0000E+00
0.0000E+00 0.5455E-04 0.2319E-03 0.7256E-04 0.1874E-03 0.1248E-03 0.3594E-03 0.1567E-03 0.2655E-05 0.4778E-04 0.1531E-04 0.1829E-04 0.2211E-04 0.7942E-04 0.7433E-04 0.1880E-04 0.1569E-03 0.5471E-04 0.1716E-03 0.5123E-04 0.1591E-04 0.0000E+00
0.0000E+00 0.2449E-03 0.1488E-03 0.3262E-03 0.5136E-03 0.2587E-03 0.1908E-03 0.1006E-03 0.3610E-05 0.7652E-05 0.2308E-03 0.6309E-04 0.8802E-04 0.1758E-04 0.2613E-04 0.5986E-05 0.2067E-03 0.2312E-04 0.2338E-03 0.1960E-04 0.9105E-04 0.0000E+00
0.0000E+00 0.5550E-03 0.2261E-03 0.2794E-03 0.3943E-03 0.2875E-03 0.8614E-04 0.6771E-04 0.4992E-03 0.1961E-03 0.3750E-03 0.5154E-04 0.3534E-04 0.5301E-05 0.6169E-05 0.8005E-06 0.5583E-04 0.1231E-04 0.1300E-03 0.9656E-05 0.3385E-04 0.0000E+00
0.0000E+00 0.2435E-03 0.1333E-02 0.1736E-03 0.6278E-03 0.1683E-03 0.4632E-03 0.2792E-03 0.3387E-03 0.3782E-03 0.4542E-03 0.1905E-04 0.2207E-04 0.2693E-04 0.2398E-03 0.1250E-06 0.3810E-04 0.4223E-05 0.8998E-04 0.3131E-05 0.1352E-04 0.0000E+00
0.0000E+00 0.6157E-03 0.3776E-03 0.9922E-04 0.4107E-03 0.1010E-03 0.2141E-03 0.1110E-03 0.1693E-03 0.2232E-03 0.4481E-03 0.7541E-05 0.1790E-03 0.5483E-04 0.8106E-04 0.2945E-03 0.9373E-04 0.1760E-03 0.1167E-03 0.6451E-04 0.5335E-04 0.0000E+00
0.0000E+00 0.1111E-02 0.3046E-03 0.6908E-04 0.1650E-02 0.5191E-03 0.1727E-03 0.2863E-03 0.9167E-04 0.1178E-03 0.2591E-03 0.2331E-04 0.1286E-03 0.2454E-04 0.5417E-04 0.9510E-04 0.2036E-03 0.2065E-03 0.2859E-03 0.2117E-04 0.1797E-04 0.0000E+00
0.0000E+00 0.4517E-03 0.3697E-03 0.9700E-04 0.4355E-03 0.5528E-03 0.4910E-03 0.1601E-03 0.1488E-05 0.4807E-03 0.2648E-03 0.7937E-05 0.1344E-03 0.9971E-05 0.2230E-04 0.4813E-04 0.6751E-03 0.8931E-03 0.1942E-03 0.5015E-04 0.5279E-03 0.0000E+00
0.0000E+00 0.7698E-03 0.2010E-03 0.3488E-04 0.3254E-03 0.9031E-03 0.4365E-03 0.4472E-03 0.9334E-05 0.4611E-03 0.3625E-03 0.1582E-05 0.4221E-04 0.3738E-05 0.1175E-04 0.8974E-05 0.2398E-03 0.3331E-03 0.2675E-03 0.1611E-03 0.2937E-03 0.0000E+00
0.0000E+00 0.3985E-03 0.1219E-03 0.2612E-03 0.9292E-04 0.1059E-02 0.3437E-03 0.2737E-04 0.5821E-04 0.2453E-03 0.1872E-03 0.1685E-04 0.1604E-04 0.2502E-04 0.2770E-04 -.6159E-07 0.2831E-03 0.4924E-03 0.1557E-03 0.2186E-03 0.2093E-03 0.0000E+00
0.0000E+00 0.2693E-03 0.6136E-04 0.1627E-03 0.1155E-03 0.9489E-03 0.7969E-05 0.1850E-04 0.1829E-03 0.2638E-03 0.1835E-03 0.8538E-05 0.9236E-06 0.8064E-04 0.4029E-04 0.3671E-03 0.1479E-03 0.1043E-02 0.3200E-03 0.1220E-03 0.1561E-03 0.0000E+00
0.0000E+00 0.5629E-03 0.5739E-04 0.1152E-03 0.3185E-04 0.9618E-03 0.5759E-05 0.5227E-04 0.5583E-04 0.2712E-03 0.1661E-03 0.1016E-03 0.2048E-04 0.4421E-04 0.6366E-04 0.5599E-04 0.1522E-03 0.6631E-03 0.1293E-03 0.1693E-03 0.3680E-03 0.0000E+00
0.0000E+00 0.2856E-03 0.2974E-03 0.1021E-03 0.6935E-05 0.1120E-02 0.8969E-05 0.1707E-04 0.1245E-04 0.1067E-03 0.7842E-04 0.5156E-04 0.1032E-04 0.3092E-04 0.3041E-04 0.1527E-04 0.3321E-04 0.4059E-03 0.6612E-04 0.8876E-04 0.9231E-05 0.0000E+00
0.0000E+00 0.1836E-03 0.3895E-03 0.6043E-04 0.7630E-04 0.1391E-02 0.4165E-03 0.1145E-03 0.5858E-05 0.7215E-04 0.4179E-04 0.2505E-04 0.1210E-04 0.8212E-05 0.1216E-04 0.4887E-05 0.7309E-04 0.4278E-03 0.2657E-03 0.1625E-03 0.3237E-04 0.0000E+00
0.0000E+00 0.1797E-03 0.1950E-03 0.2086E-03 0.1424E-04 0.7073E-03 0.8313E-03 0.1556E-03 0.1975E-04 0.2871E-04 0.2016E-04 0.5304E-04 0.5759E-04 0.1956E-05 0.8011E-05 0.1661E-03 0.6247E-04 0.5189E-03 0.4688E-03 0.2971E-03 0.2270E-04 0.0000E+00
0.0000E+00 0.1765E-03 0.1324E-03 0.9472E-04 0.5335E-05 0.1444E-03 0.7371E-03 0.1774E-03 0.2506E-03 0.1048E-03 0.5254E-05 0.1820E-03 0.7666E-04 0.1782E-04 0.1910E-04 0.4723E-04 0.2805E-04 0.1790E-03 0.4062E-03 0.1571E-03 0.5399E-05 0.0000E+00
0.0000E+00 0.6291E-04 0.1607E-06 0.1961E-03 0.1213E-03 0.7166E-04 0.6538E-03 0.1766E-05 0.5374E-04 0.3646E-04 0.7162E-04 0.4802E-04 0.2132E-03 0.1982E-03 0.2306E-04 0.3445E-04 0.1298E-04 0.2228E-04 0.4090E-03 0.6293E-04 0.1124E-03 0.0000E+00
0.0000E+00 0.8612E-04 0.4517E-05 0.1090E-03 0.1960E-04 0.2265E-04 0.1498E-02 0.5089E-04 0.1598E-03 0.5798E-04 0.1700E-03 0.1097E-03 0.3610E-03 0.4173E-03 0.4474E-03 0.9747E-03 0.7214E-04 0.1448E-03 0.3903E-03 0.1206E-04 0.2862E-03 0.0000E+00
0.0000E+00 0.9769E-03 0.1938E-04 0.5179E-03 0.1429E-03 0.1018E-03 0.2076E-02 0.7623E-04 0.3476E-04 0.4824E-04 0.8920E-04 0.7250E-03 0.7222E-03 0.2581E-03 0.1067E-03 0.5981E-03 0.1042E-03 0.1966E-04 0.3468E-03 0.4982E-04 0.8265E-04 0.0000E+00
0.0000E+00 0.7929E-03 0.3205E-04 0.2649E-03 0.1436E-03 0.4851E-03 0.1475E-02 0.2670E-04 0.4240E-03 0.7520E-04 0.1063E-03 0.2404E-03 0.4388E-03 0.1835E-03 0.2929E-04 0.1219E-03 0.4687E-04 0.6467E-04 0.3378E-03 0.7758E-04 0.8956E-04 0.0000E+00
0.0000E+00 0.5126E-03 0.2867E-04 0.7786E-03 0.6264E-04 0.1658E-03 0.1191E-02 0.9801E-05 0.3366E-03 0.7734E-04 0.4874E-04 0.4806E-03 0.3733E-03 0.1414E-03 0.1124E-05 0.5076E-04 0.7873E-05 0.1261E-04 0.2271E-03 0.4783E-04 0.1654E-04 0.0000E+00
0.0000E+00 0.4424E-03 0.6030E-05 0.4976E-03 0.8772E-04 0.1458E-03 0.8780E-03 0.4011E-04 0.2140E-03 0.9234E-04 0.5753E-04 0.3688E-03 0.5793E-05 0.1671E-04 0.1186E-03 0.1719E-03 0.2854E-04 0.2193E-04 0.1586E-03 0.1984E-04 0.3938E-04 0.0000E+00
0.0000E+00 0.5808E-03 0.9989E-04 0.2983E-03 0.3328E-03 0.8062E-04 0.8144E-03 0.1763E-03 0.1886E-03 0.4879E-04 0.2629E-04 0.5453E-03 0.2780E-03 0.2001E-04 0.1257E-04 0.9076E-04 0.1001E-03 0.2169E-03 0.1600E-03 0.7624E-05 0.2550E-04 0.0000E+00
0.0000E+00 0.4604E-03 0.1204E-04 0.1418E-03 0.2078E-03 0.2036E-03 0.1413E-02 0.1001E-03 0.7025E-04 0.3633E-04 0.2176E-03 0.4949E-03 0.2175E-03 0.7701E-04 0.3495E-05 0.9086E-04 0.4339E-04 0.7141E-04 0.6621E-04 0.1131E-04 0.2686E-04 0.0000E+00
0.0000E+00 0.2705E-03 0.1370E-04 0.2318E-03 0.1872E-03 0.1056E-03 0.1314E-02 0.8993E-04 0.2105E-04 0.1541E-03 0.1904E-03 0.4950E-03 0.2282E-03 0.3037E-03 0.1304E-04 0.3811E-03 0.4040E-05 0.2205E-03 0.7056E-04 0.1667E-04 0.1420E-04 0.0000E+00
0.0000E+00 0.1051E-03 0.2736E-05 0.1219E-03 0.1236E-03 0.6650E-04 0.1217E-02 0.6929E-04 0.3222E-04 0.1151E-04 0.1646E-03 0.3276E-03 0.1103E-03 0.1297E-03 0.1877E-03 0.2465E-03 0.6637E-04 0.6526E-04 0.1867E-04 0.3432E-03 0.5772E-03 0.0000E+00
0.0000E+00 0.1206E-03 0.1771E-03 0.1336E-03 0.8109E-04 0.4324E-03 0.1257E-02 0.4945E-04 0.3352E-03 0.3575E-03 0.6496E-03 0.2282E-03 0.2375E-03 0.8327E-04 0.5327E-04 0.2860E-03 0.4162E-04 0.1690E-03 0.1258E-03 0.3131E-03 0.3511E-03 0.0000E+00
0.0000E+00 0.1263E-03 0.7860E-04 0.2065E-03 0.3503E-03 0.1732E-03 0.1114E-02 0.2830E-04 0.7803E-04 0.6385E-04 0.2593E-03 0.3635E-03 0.4473E-03 0.1671E-03 0.2132E-03 0.1753E-03 0.1310E-04 0.5765E-04 0.2617E-03 0.1995E-03 0.5356E-03 0.0000E+00
0.0000E+00 0.1020E-03 0.1390E-03 0.1353E-03 0.4080E-05 0.1397E-03 0.9371E-03 0.9260E-05 0.3468E-04 0.2480E-03 0.1989E-03 0.2277E-03 0.5142E-03 0.2293E-03 0.1774E-03 0.4218E-04 0.1674E-04 0.4613E-04 0.8722E-04 0.3132E-03 0.2699E-03 0.0000E+00
0.0000E+00 0.6643E-04 0.7330E-03 0.7098E-04 0.4146E-04 0.8482E-03 0.1129E-02 0.1594E-04 0.9377E-05 0.9644E-04 0.2104E-03 0.1786E-03 0.4237E-03 0.1863E-05 0.7888E-04 0.6780E-05 0.3105E-05 0.3388E-03 0.1014E-03 0.1333E-03 0.2673E-03 0.0000E+00
0.0000E+00 0.5536E-04 0.3735E-03 0.1918E-04 0.5891E-04 0.2814E-03 0.1282E-02 0.5915E-04 0.9757E-05 0.6299E-04 0.5647E-04 0.1738E-03 0.3811E-03 0.2699E-04 0.1985E-03 0.5139E-03 0.3936E-03 0.1551E-02 0.6662E-04 0.2077E-03 0.2738E-03 0.0000E+00
0.0000E+00 0.1569E-03 0.2945E-03 0.6298E-03 0.2560E-04 0.2391E-03 0.9178E-03 0.3702E-03 0.4590E-04 0.5341E-03 0.3093E-03 0.6832E-03 0.1206E-02 0.2774E-03 0.4466E-04 0.8597E-04 0.3028E-03 0.8420E-03 0.4437E-03 0.1132E-03 0.1462E-03 0.0000E+00
0.0000E+00 0.6304E-04 0.5043E-03 0.2567E-03 0.7504E-03 0.2529E-03 0.4355E-03 0.6964E-04 0.8629E-05 0.2378E-03 0.1883E-03 0.1041E-02 0.8812E-03 0.4313E-03 0.1637E-03 0.3547E-04 0.1406E-03 0.5588E-03 0.1874E-03 0.2276E-03 0.1372E-03 0.0000E+00
0.0000E+00 0.1733E-03 0.4154E-03 0.2615E-03 0.4513E-03 0.2676E-03 0.1050E-02 0.4137E-04 0.3601E-05 0.1617E-03 0.1166E-03 0.5479E-03 0.6646E-03 0.5561E-03 0.6535E-04 0.7811E-04 0.6236E-04 0.6676E-03 0.1326E-03 0.1494E-03 0.1781E-04 0.0000E+00
0.0000E+00 0.3345E-03 0.6160E-03 0.2590E-03 0.5124E-03 0.4091E-03 0.8079E-03 0.3433E-04 0.2894E-04 0.9438E-04 0.2746E-03 0.1477E-03 0.5826E-03 0.1282E-02 0.4067E-04 0.2882E-04 0.4910E-04 0.4063E-03 0.7015E-04 0.1782E-03 0.2699E-03 0.0000E+00
0.0000E+00 0.2182E-03 0.5774E-03 0.2696E-03 0.6146E-03 0.1976E-03 0.5546E-03 0.5206E-04 0.8284E-05 0.8226E-04 0.2983E-03 0.1138E-04 0.5435E-03 0.1770E-02 0.4085E-04 0.5882E-05 0.1834E-04 0.4076E-03 0.6010E-04 0.1227E-03 0.6378E-05 0.0000E+00
0.0000E+00 0.6384E-04 0.2723E-03 0.1740E-03 0.4567E-03 0.1217E-03 0.5336E-03 0.3836E-04 0.7190E-04 0.2574E-04 0.4330E-03 0.2164E-03 0.6437E-03 0.1178E-02 0.4388E-04 0.3883E-03 0.4190E-04 0.6426E-03 0.9523E-04 0.3911E-03 0.1492E-03 0.0000E+00
0.0000E+00 0.2398E-04 0.3811E-03 0.1453E-03 0.5623E-03 0.4215E-03 0.7510E-03 0.3645E-04 0.2169E-03 0.2806E-03 0.2505E-03 0.3159E-04 0.4694E-03 0.8589E-03 0.5893E-03 0.8306E-04 0.2923E-03 0.4517E-03 0.6861E-03 0.2400E-03 0.8268E-04 0.0000E+00
0.0000E+00 0.1654E-03 0.4178E-03 0.1621E-03 0.3533E-03 0.1780E-03 0.1959E-02 0.8342E-05 0.8995E-04 0.2456E-03 0.3999E-03 0.3523E-04 0.7043E-03 0.1339E-02 0.5829E-03 0.3726E-04 0.2128E-03 0.5362E-03 0.2981E-03 0.2556E-03 0.1665E-03 0.0000E+00
0.0000E+00 0.1052E-02 0.7070E-03 0.5832E-03 0.1320E-02 0.1109E-02 0.1039E-02 0.8767E-04 0.2149E-03 0.1167E-03 0.5382E-03 0.2753E-03 0.1038E-02 0.8494E-03 0.8201E-03 0.9717E-03 0.1091E-03 0.1639E-03 0.1019E-03 0.1775E-03 0.7063E-05 0.0000E+00
0.0000E+00 0.3741E-03 0.3461E-03 0.4792E-03 0.1356E-02 0.1038E-02 0.1087E-02 0.2146E-03 0.9768E-04 0.6798E-04 0.3669E-03 0.8938E-04 0.6902E-03 0.1067E-02 0.4666E-03 0.7282E-03 0.2644E-03 0.1955E-03 0.5209E-04 0.1265E-03 0.2085E-03 0.0000E+00
0.0000E+00 0.2800E-03 0.2852E-03 0.2982E-03 0.1869E-02 0.5054E-03 0.7829E-03 0.7649E-04 0.3638E-03 0.1065E-02 0.1185E-02 0.3272E-03 0.6844E-03 0.1584E-02 0.4066E-03 0.1684E-02 0.1015E-03 0.6091E-03 0.1765E-03 0.3966E-03 0.5313E-04 0.0000E+00
0.0000E+00 0.3537E-03 0.2324E-03 0.3470E-03 0.1366E-02 0.1047E-02 0.9623E-03 0.4555E-03 0.2001E-03 0.1101E-02 0.6422E-03 0.1112E-03 0.4895E-03 0.1503E-02 0.1206E-03 0.1286E-02 0.9054E-04 0.1881E-03 0.1577E-04 0.1742E-03 0.3017E-03 0.0000E+00
0.0000E+00 0.1965E-03 0.2254E-03 0.9871E-03 0.9658E-03 0.1453E-02 0.9229E-03 0.4777E-04 0.1245E-03 0.1242E-02 0.7077E-03 0.1089E-05 0.7081E-03 0.1468E-02 0.1816E-03 0.9607E-03 0.4478E-03 0.7786E-04 0.2225E-03 0.1384E-03 0.9766E-04 0.0000E+00
0.0000E+00 0.2264E-03 0.5502E-03 0.4867E-03 0.8294E-03 0.9496E-03 0.9926E-03 0.6039E-04 0.8070E-04 0.1792E-02 0.5728E-03 0.3408E-03 0.3239E-03 0.1115E-02 0.8079E-04 0.1076E-02 0.1362E-03 0.3323E-04 0.6601E-04 0.1356E-03 0.6917E-04 0.0000E+00
0.0000E+00 0.2448E-03 0.7214E-03 0.1602E-02 0.2307E-02 0.8238E-03 0.1285E-02 0.1088E-03 0.2170E-03 0.1446E-02 0.4323E-03 0.7247E-04 0.3994E-03 0.1467E-02 0.1116E-02 0.1179E-02 0.6545E-04 0.1230E-04 0.2662E-04 0.1231E-03 0.1010E-03 0.0000E+00
0.0000E+00 0.9607E-04 0.3426E-03 0.1411E-02 0.4773E-03 0.6519E-03 0.7838E-03 0.2021E-03 0.9000E-04 0.1065E-02 0.5199E-03 0.1653E-03 0.2183E-03 0.1202E-02 0.9748E-03 0.5171E-05 0.5605E-04 0.1576E-04 0.1116E-04 0.4731E-03 0.1009E-04 0.0000E+00
0.0000E+00 0.7152E-04 0.2658E-03 0.1567E-02 0.9762E-03 0.8475E-03 0.4991E-03 0.7516E-04 0.3254E-03 0.1635E-02 0.6887E-03 0.2552E-03 0.5439E-03 0.1011E-02 0.1357E-02 0.1103E-03 0.1956E-04 0.3661E-04 0.1324E-04 0.2018E-03 0.1865E-03 0.0000E+00
0.0000E+00 0.2625E-04 0.1481E-03 0.1400E-02 0.2917E-03 0.5749E-03 0.4761E-05 0.2438E-04 0.1554E-02 0.1975E-02 0.4831E-03 0.8956E-03 0.9396E-03 0.7781E-03 0.1030E-02 0.1326E-03 0.1030E-03 0.4161E-04 0.2950E-04 0.1720E-03 0.4993E-04 0.0000E+00
0.0000E+00 0.0000E+00 0.0000E+00 0.0000E+00 0.0000E+00 0.0000E+00 0.0000E+00 0.0000E+00 0.0000E+00 0.0000E+00 0.0000E+00 0.0000E+00 0.0000E+00 0.0000E+00 0.0000E+00 0.0000E+00 0.0000E+00 0.0000E+00 0.0000E+00 0.0000E+00 0.0000E+00 0.0000E+00
