p1_rainC_lowsm_dschg.asc
ncols     22
nrows     62
xllcorner      0.00000000
yllcorner      0.00000000
cellsize      0.50000000
nodata_value -9999
0.0000E+00 0.0000E+00 0.0000E+00 0.0000E+00 0.0000E+00 0.0000E+00 0.0000E+00 0.0000E+00 0.0000E+00 0.0000E+00 0.0000E+00 0.0000E+00 0.0000E+00 0.0000E+00 0.0000E+00 0.0000E+00 0.0000E+00 0.0000E+00 0.0000E+00 0.0000E+00 0.0000E+00 0.0000E+00
0.0000E+00 0.8340E-03 0.2962E-03 0.1849E-03 0.6562E-04 0.1481E-03 0.1264E-03 0.2149E-03 0.4646E-03 0.1668E-03 0.1735E-03 0.1889E-03 0.8221E-04 0.1588E-03 0.7031E-04 0.3109E-03 0.1753E-04 0.1165E-03 0.3401E-04 0.6695E-03 0.1572E-02 0.0000E+00
0.0000E+00 0.1832E-02 0.4357E-03 0.2748E-03 0.2346E-03 0.5499E-03 0.2200E-03 0.6794E-03 0.7518E-03 0.3875E-03 0.7385E-03 0.5112E-03 0.1052E-02 0.4986E-03 0.1012E-03 0.5064E-03 0.2976E-03 0.4186E-03 0.1125E-02 0.7701E-03 0.9999E-03 0.0000E+00
0.0000E+00 0.1888E-02 0.1790E-02 0.2369E-03 0.7386E-03 0.8078E-03 0.8546E-04 0.8189E-03 0.5966E-03 0.4531E-03 0.4361E-03 0.1602E-03 0.8165E-03 0.3718E-03 0.4647E-03 0.7502E-03 0.2247E-03 0.4474E-03 0.1413E-02 0.1503E-02 0.1424E-02 0.0000E+00
0.0000E+00 0.2172E-02 0.1982E-02 0.7993E-03 0.8744E-03 0.1111E-02 0.3101E-03 0.7404E-03 0.8336E-03 0.7350E-03 0.7574E-03 0.1228E-03 0.8622E-03 0.9116E-03 0.2717E-03 0.7632E-03 0.4811E-03 0.6883E-03 0.2357E-02 0.2559E-02 0.5601E-03 0.0000E+00
0.0000E+00 0.2034E-02 0.2080E-02 0.9943E-03 0.1146E-02 0.1098E-02 0.5195E-03 0.1086E-02 0.7798E-03 0.8975E-03 0.9565E-03 0.4690E-03 0.2315E-03 0.1183E-02 0.4654E-03 0.1620E-02 0.6834E-03 0.2992E-03 0.1362E-02 0.2535E-02 0.9211E-03 0.0000E+00
0.0000E+00 0.2223E-02 0.2489E-02 0.1081E-02 0.1390E-02 0.1428E-02 0.9025E-03 0.6323E-03 0.9539E-03 0.9769E-03 0.1368E-02 0.7462E-03 0.4981E-03 0.7564E-03 0.5523E-03 0.2334E-02 0.1430E-02 0.4691E-03 0.1411E-02 0.2027E-02 0.8482E-03 0.0000E+00
0.0000E+00 0.2198E-02 0.2355E-02 0.1463E-02 0.1304E-02 0.1901E-02 0.1158E-02 0.8836E-03 0.8065E-03 0.1057E-02 0.1402E-02 0.7484E-03 0.5833E-03 0.6318E-03 0.7228E-03 0.2330E-02 0.1613E-02 0.1091E-03 0.2455E-02 0.2078E-02 0.8221E-03 0.0000E+00
0.0000E+00 0.2530E-02 0.3441E-02 0.1671E-02 0.2212E-02 0.2408E-02 0.1565E-02 0.1095E-02 0.9887E-03 0.8869E-03 0.1136E-02 0.7687E-03 0.6995E-03 0.9699E-03 0.1077E-02 0.2017E-02 0.1703E-02 0.6349E-03 0.2807E-02 0.1807E-02 0.1333E-02 0.0000E+00
0.0000E+00 0.2305E-02 0.2987E-02 0.1717E-02 0.2326E-02 0.2051E-02 0.1689E-02 0.1360E-02 0.1036E-02 0.9895E-03 0.1139E-02 0.3769E-03 0.6985E-03 0.1039E-02 0.1175E-02 0.2087E-02 0.1671E-02 0.1123E-02 0.3016E-02 0.2066E-02 0.8805E-03 0.0000E+00
0.0000E+00 0.2913E-02 0.2945E-02 0.1170E-02 0.2967E-02 0.2277E-02 0.1715E-02 0.8238E-03 0.1310E-02 0.9260E-03 0.1391E-02 0.7722E-03 0.9226E-03 0.1240E-02 0.1479E-02 0.2615E-02 0.1596E-02 0.8251E-03 0.3384E-02 0.2408E-02 0.8002E-03 0.0000E+00
0.0000E+00 0.2064E-02 0.2849E-02 0.8728E-03 0.2967E-02 0.2050E-02 0.1338E-02 0.3710E-03 0.1636E-02 0.1033E-02 0.1173E-02 0.9633E-03 0.9740E-03 0.1643E-02 0.1578E-02 0.3227E-02 0.1878E-02 0.1132E-02 0.3120E-02 0.2763E-02 0.8500E-03 0.0000E+00
0.0000E+00 0.1792E-02 0.4428E-02 0.1835E-02 0.3200E-02 0.1998E-02 0.9825E-03 0.2546E-03 0.1580E-02 0.1975E-02 0.1718E-02 0.1043E-02 0.1256E-02 0.2171E-02 0.1394E-02 0.2959E-02 0.1929E-02 0.1255E-02 0.2944E-02 0.2598E-02 0.6039E-03 0.0000E+00
0.0000E+00 0.1896E-02 0.4356E-02 0.2011E-02 0.3452E-02 0.1625E-02 0.1091E-02 0.2430E-02 0.1991E-02 0.1609E-02 0.2992E-02 0.1181E-02 0.9477E-03 0.2337E-02 0.1521E-02 0.2941E-02 0.2128E-02 0.1450E-02 0.3164E-02 0.2193E-02 0.8286E-03 0.0000E+00
0.0000E+00 0.2324E-02 0.3287E-02 0.2285E-02 0.4597E-02 0.2734E-02 0.1548E-02 0.1819E-02 0.2944E-03 0.1006E-03 0.2469E-02 0.1324E-02 0.1181E-02 0.2413E-02 0.1558E-02 0.2080E-02 0.2035E-02 0.1300E-02 0.3402E-02 0.2276E-02 0.1162E-02 0.0000E+00
0.0000E+00 0.1926E-02 0.3180E-02 0.2657E-02 0.4384E-02 0.2621E-02 0.1682E-02 0.1551E-02 0.7445E-03 0.5115E-03 0.2392E-02 0.1350E-02 0.1687E-02 0.2464E-02 0.1108E-02 0.1850E-02 0.1832E-02 0.1507E-02 0.3499E-02 0.2217E-02 0.1395E-02 0.0000E+00
0.0000E+00 0.1792E-02 0.3886E-02 0.2327E-02 0.4504E-02 0.2768E-02 0.2397E-02 0.1240E-02 0.1387E-02 0.1206E-02 0.3000E-02 0.1323E-02 0.1441E-02 0.1786E-02 0.1273E-02 0.1249E-02 0.2233E-02 0.1320E-02 0.3272E-02 0.1935E-02 0.1664E-02 0.0000E+00
0.0000E+00 0.2576E-02 0.4349E-02 0.3279E-02 0.5923E-02 0.2975E-02 0.2934E-02 0.1114E-02 0.2589E-02 0.1538E-02 0.4663E-02 0.6878E-03 0.1974E-02 0.1722E-02 0.1205E-02 0.1410E-02 0.2757E-02 0.1856E-02 0.2916E-02 0.1592E-02 0.1917E-02 0.0000E+00
0.0000E+00 0.3275E-02 0.3917E-02 0.2956E-02 0.7785E-02 0.3204E-02 0.3680E-02 0.3815E-02 0.2098E-02 0.2255E-02 0.3856E-02 0.5070E-03 0.1674E-02 0.1208E-02 0.1308E-02 0.1075E-02 0.3591E-02 0.3254E-02 0.3878E-02 0.8603E-03 0.1262E-02 0.0000E+00
0.0000E+00 0.3423E-02 0.4197E-02 0.2881E-02 0.8756E-02 0.4363E-02 0.3618E-02 0.4825E-02 0.4071E-03 0.3543E-02 0.4813E-02 0.5768E-03 0.2104E-02 0.1860E-02 0.2531E-02 0.9007E-03 0.5435E-02 0.5090E-02 0.3432E-02 0.1084E-02 0.1637E-02 0.0000E+00
0.0000E+00 0.3976E-02 0.4046E-02 0.2958E-02 0.8341E-02 0.1396E-01 0.9438E-02 0.5371E-02 0.1019E-02 0.4666E-02 0.5587E-02 0.3232E-03 0.2016E-02 0.1991E-02 0.4102E-02 0.1846E-02 0.4671E-02 0.4779E-02 0.3215E-02 0.1825E-02 0.3067E-02 0.0000E+00
0.0000E+00 0.4108E-02 0.3638E-02 0.2935E-02 0.4351E-03 0.2317E-01 0.9429E-02 0.4497E-03 0.9666E-03 0.4924E-02 0.5801E-02 0.2553E-02 0.2308E-02 0.1784E-02 0.3539E-02 0.1317E-04 0.4924E-02 0.8468E-02 0.4076E-02 0.2202E-02 0.4041E-02 0.0000E+00
0.0000E+00 0.3372E-02 0.3231E-02 0.2900E-02 0.9964E-03 0.2397E-01 0.2322E-03 0.6975E-04 0.1270E-02 0.4794E-02 0.5637E-02 0.2249E-02 0.3798E-04 0.2427E-02 0.3225E-02 0.7218E-03 0.6305E-03 0.8978E-02 0.4976E-02 0.1982E-02 0.4438E-02 0.0000E+00
0.0000E+00 0.3691E-02 0.3395E-02 0.4341E-02 0.1178E-02 0.2311E-01 0.6298E-03 0.5498E-03 0.1379E-02 0.4644E-02 0.5130E-02 0.2218E-02 0.5605E-07 0.1969E-02 0.2692E-02 0.3407E-03 0.9070E-03 0.8682E-02 0.5479E-02 0.7156E-02 0.4290E-02 0.0000E+00
0.0000E+00 0.4378E-02 0.4150E-02 0.5001E-02 0.1171E-03 0.2200E-01 0.1483E-03 0.2018E-02 0.1516E-02 0.4287E-02 0.4817E-02 0.1902E-02 0.3771E-04 0.1868E-02 0.2404E-02 0.6433E-03 0.1229E-02 0.8965E-02 0.4779E-02 0.7501E-02 0.3709E-03 0.0000E+00
0.0000E+00 0.3990E-02 0.4342E-02 0.4106E-02 0.7443E-03 0.2178E-01 0.4211E-03 0.1532E-02 0.7932E-04 0.3910E-02 0.4145E-02 0.2019E-02 0.3698E-03 0.1967E-02 0.1802E-02 0.2851E-03 0.1658E-02 0.8317E-02 0.4786E-02 0.7235E-02 0.7180E-03 0.0000E+00
0.0000E+00 0.3702E-02 0.4972E-02 0.4888E-02 0.9169E-04 0.2226E-01 0.2175E-01 0.1415E-02 0.2757E-03 0.3825E-02 0.3454E-02 0.1214E-02 0.4026E-03 0.2372E-02 0.1079E-02 0.9794E-03 0.1879E-02 0.7727E-02 0.5114E-02 0.7164E-02 0.1050E-02 0.0000E+00
0.0000E+00 0.8203E-02 0.4308E-02 0.4615E-02 0.2086E-03 0.1403E-02 0.2662E-01 0.5078E-02 0.3949E-02 0.3700E-02 0.2442E-02 0.1756E-02 0.8049E-03 0.2029E-02 0.6517E-03 0.9020E-03 0.1923E-02 0.6814E-02 0.1733E-01 0.6244E-02 0.1134E-02 0.0000E+00
0.0000E+00 0.9758E-02 0.2984E-03 0.5728E-02 0.9997E-03 0.8588E-03 0.2567E-01 0.2419E-03 0.4144E-03 0.2892E-03 0.2387E-02 0.1887E-02 0.2546E-02 0.2515E-02 0.7257E-03 0.1092E-02 0.1864E-02 0.4466E-03 0.1639E-01 0.5859E-03 0.1484E-02 0.0000E+00
0.0000E+00 0.9045E-02 0.6093E-04 0.5222E-02 0.1352E-02 0.1005E-02 0.2611E-01 0.2872E-03 0.7922E-03 0.4780E-03 0.2108E-02 0.1828E-02 0.3453E-02 0.2872E-02 0.1108E-02 0.2653E-02 0.2194E-02 0.4648E-03 0.1568E-01 0.7045E-03 0.1575E-02 0.0000E+00
0.0000E+00 0.8845E-02 0.2904E-03 0.4726E-02 0.9987E-03 0.1360E-02 0.2641E-01 0.5316E-03 0.9040E-03 0.1308E-02 0.2094E-02 0.1792E-02 0.3227E-02 0.2877E-02 0.1469E-02 0.4323E-02 0.2962E-02 0.6462E-03 0.1462E-01 0.1012E-02 0.1795E-02 0.0000E+00
0.0000E+00 0.8196E-02 0.4463E-03 0.4660E-02 0.1849E-02 0.2918E-02 0.2694E-01 0.7949E-03 0.1712E-02 0.2054E-02 0.2249E-02 0.2380E-02 0.3333E-02 0.3366E-02 0.1305E-02 0.5226E-02 0.3649E-02 0.1217E-02 0.1377E-01 0.2840E-02 0.1713E-02 0.0000E+00
0.0000E+00 0.7216E-02 0.4623E-03 0.4659E-02 0.1708E-02 0.3223E-02 0.2587E-01 0.1040E-02 0.2368E-02 0.1936E-02 0.2809E-02 0.8643E-02 0.6203E-02 0.3506E-02 0.7080E-05 0.5217E-02 0.4778E-02 0.1344E-02 0.1323E-01 0.2610E-02 0.4453E-03 0.0000E+00
0.0000E+00 0.6796E-02 0.5300E-03 0.4882E-02 0.1858E-02 0.3329E-02 0.2482E-01 0.1635E-02 0.3834E-02 0.2701E-02 0.3122E-02 0.7919E-02 0.1443E-04 0.2807E-03 0.3247E-03 0.4863E-02 0.4180E-02 0.8976E-03 0.1227E-01 0.2649E-02 0.1452E-02 0.0000E+00
0.0000E+00 0.6779E-02 0.7640E-03 0.3715E-02 0.3103E-02 0.3440E-02 0.2279E-01 0.2129E-02 0.4689E-02 0.2761E-02 0.3018E-02 0.7495E-02 0.7503E-03 0.6052E-03 0.2744E-03 0.4155E-02 0.3563E-02 0.1296E-02 0.1161E-01 0.1354E-02 0.1863E-02 0.0000E+00
0.0000E+00 0.6776E-02 0.6031E-03 0.3116E-02 0.4029E-02 0.3296E-02 0.2216E-01 0.6716E-02 0.5017E-02 0.3115E-02 0.3030E-02 0.6997E-02 0.1553E-02 0.1407E-02 0.5480E-03 0.6332E-02 0.2603E-02 0.1592E-02 0.1102E-01 0.1365E-02 0.2105E-02 0.0000E+00
0.0000E+00 0.6374E-02 0.6900E-03 0.2806E-02 0.4332E-02 0.3231E-02 0.2840E-01 0.6394E-02 0.5396E-03 0.3775E-02 0.6174E-02 0.6984E-02 0.2824E-02 0.2450E-02 0.5674E-04 0.6478E-02 0.3897E-04 0.1606E-02 0.1029E-01 0.9812E-03 0.1863E-02 0.0000E+00
0.0000E+00 0.5356E-02 0.2680E-04 0.2127E-02 0.4155E-02 0.3255E-02 0.2808E-01 0.1182E-03 0.4427E-03 0.5602E-03 0.5878E-02 0.6951E-02 0.2547E-02 0.3111E-02 0.8931E-03 0.5705E-02 0.2650E-03 0.1140E-02 0.9451E-02 0.1960E-02 0.2443E-02 0.0000E+00
0.0000E+00 0.4714E-02 0.4630E-03 0.1865E-02 0.3824E-02 0.3937E-02 0.2849E-01 0.4332E-03 0.1053E-02 0.9474E-03 0.5786E-02 0.6789E-02 0.2666E-02 0.3218E-02 0.3201E-03 0.5243E-02 0.5347E-03 0.1172E-02 0.8733E-02 0.2401E-02 0.3243E-02 0.0000E+00
0.0000E+00 0.4565E-02 0.8363E-03 0.5686E-02 0.4490E-02 0.4478E-02 0.2930E-01 0.1056E-02 0.9831E-03 0.8239E-03 0.5151E-02 0.6538E-02 0.3053E-02 0.2880E-02 0.6536E-03 0.6549E-02 0.6888E-03 0.1295E-02 0.8811E-02 0.2192E-02 0.4134E-02 0.0000E+00
0.0000E+00 0.4313E-02 0.5647E-02 0.5263E-02 0.2486E-03 0.3749E-02 0.2849E-01 0.6702E-03 0.1081E-02 0.5176E-02 0.4267E-02 0.6656E-02 0.1622E-01 0.1272E-01 0.1022E-01 0.9814E-02 0.2104E-02 0.2371E-02 0.9083E-02 0.2919E-02 0.4203E-02 0.0000E+00
0.0000E+00 0.3382E-02 0.6436E-02 0.4985E-03 0.5087E-03 0.4017E-02 0.3040E-01 0.7270E-03 0.1088E-02 0.5318E-02 0.8003E-03 0.5324E-02 0.1644E-01 0.1435E-03 0.7238E-03 0.5299E-04 0.2389E-04 0.3566E-02 0.9376E-02 0.2323E-02 0.4427E-02 0.0000E+00
0.0000E+00 0.2980E-02 0.5954E-02 0.8386E-03 0.1238E-02 0.4233E-02 0.3008E-01 0.1264E-03 0.1421E-02 0.3723E-02 0.1136E-02 0.4841E-02 0.1568E-01 0.9592E-04 0.8550E-03 0.5715E-03 0.6550E-03 0.4730E-02 0.8974E-02 0.2457E-02 0.4561E-02 0.0000E+00
0.0000E+00 0.3035E-02 0.4867E-02 0.2279E-02 0.1169E-02 0.3767E-02 0.2900E-01 0.9863E-03 0.7176E-03 0.3516E-02 0.2111E-02 0.5297E-02 0.1690E-01 0.1772E-02 0.4814E-03 0.5253E-03 0.1342E-02 0.5805E-02 0.9159E-02 0.2475E-02 0.4191E-02 0.0000E+00
0.0000E+00 0.2030E-02 0.4615E-02 0.2743E-02 0.2795E-02 0.4087E-02 0.2906E-01 0.1033E-02 0.2039E-03 0.3433E-02 0.2632E-02 0.6676E-02 0.1744E-01 0.3050E-02 0.9758E-03 0.7362E-03 0.1573E-02 0.5413E-02 0.8602E-02 0.6358E-02 0.4212E-02 0.0000E+00
0.0000E+00 0.2214E-02 0.4454E-02 0.2868E-02 0.3698E-02 0.3950E-02 0.2838E-01 0.1324E-02 0.1714E-03 0.2899E-02 0.2587E-02 0.8317E-02 0.1632E-01 0.4028E-02 0.1445E-02 0.1270E-02 0.1797E-02 0.5855E-02 0.7988E-02 0.6325E-02 0.1486E-03 0.0000E+00
0.0000E+00 0.2698E-02 0.4408E-02 0.2876E-02 0.3929E-02 0.4096E-02 0.2821E-01 0.1197E-02 0.2221E-03 0.2594E-02 0.1196E-01 0.9292E-02 0.1521E-01 0.5153E-02 0.1845E-02 0.1948E-02 0.4193E-02 0.5588E-02 0.7041E-02 0.7005E-02 0.9330E-03 0.0000E+00
0.0000E+00 0.2298E-02 0.5065E-02 0.4268E-02 0.4915E-02 0.4018E-02 0.2722E-01 0.3166E-03 0.8215E-04 0.2485E-02 0.1092E-01 0.3059E-03 0.1398E-01 0.5556E-02 0.1408E-02 0.3024E-03 0.4879E-02 0.1689E-01 0.6341E-02 0.6654E-02 0.1688E-03 0.0000E+00
0.0000E+00 0.2344E-02 0.4978E-02 0.5341E-02 0.5370E-02 0.4089E-02 0.2722E-01 0.1625E-03 0.4713E-03 0.2276E-02 0.1064E-01 0.8949E-03 0.1313E-01 0.6913E-02 0.1418E-02 0.1257E-02 0.3708E-03 0.1631E-01 0.3769E-03 0.6151E-02 0.7488E-03 0.0000E+00
0.0000E+00 0.1957E-02 0.5311E-02 0.5311E-02 0.6481E-02 0.5616E-02 0.2791E-01 0.4478E-03 0.1423E-02 0.2785E-02 0.1272E-01 0.1193E-02 0.1189E-01 0.6339E-02 0.2884E-02 0.8166E-03 0.1074E-02 0.1521E-01 0.1911E-02 0.5690E-02 0.1435E-02 0.0000E+00
0.0000E+00 0.1621E-02 0.4860E-02 0.5682E-02 0.6503E-02 0.5119E-02 0.2767E-01 0.6773E-03 0.1163E-02 0.2589E-02 0.1238E-01 0.1963E-03 0.1204E-01 0.7781E-02 0.4580E-02 0.7252E-03 0.1521E-02 0.1578E-01 0.2635E-02 0.7721E-02 0.1930E-02 0.0000E+00
0.0000E+00 0.3060E-02 0.6853E-02 0.7569E-02 0.8307E-02 0.7536E-02 0.2792E-01 0.1126E-02 0.2010E-02 0.2839E-02 0.1210E-01 0.4364E-03 0.1160E-01 0.6820E-02 0.5769E-02 0.2765E-02 0.2199E-02 0.1695E-01 0.2744E-02 0.7895E-02 0.5367E-04 0.0000E+00
0.0000E+00 0.3099E-02 0.6331E-02 0.8815E-02 0.1022E-01 0.8961E-02 0.2671E-01 0.1449E-02 0.2356E-02 0.2384E-02 0.1155E-01 0.4728E-03 0.1069E-01 0.6245E-02 0.7070E-02 0.2216E-01 0.1798E-01 0.1664E-01 0.3225E-03 0.7322E-02 0.1233E-02 0.0000E+00
0.0000E+00 0.1862E-02 0.4810E-02 0.7422E-02 0.1165E-01 0.8499E-02 0.2517E-01 0.1872E-02 0.2567E-02 0.3363E-02 0.1230E-01 0.1609E-02 0.1110E-01 0.1436E-01 0.6120E-02 0.2348E-01 0.6601E-03 0.1064E-02 0.7004E-03 0.6842E-02 0.1002E-02 0.0000E+00
0.0000E+00 0.2686E-02 0.4182E-02 0.6753E-02 0.1183E-01 0.8203E-02 0.2508E-01 0.2438E-02 0.2516E-02 0.4777E-02 0.1606E-01 0.2645E-02 0.1082E-01 0.1475E-01 0.9679E-03 0.2468E-01 0.1173E-02 0.1746E-02 0.5192E-03 0.6265E-02 0.1479E-02 0.0000E+00
0.0000E+00 0.2719E-02 0.3803E-02 0.6532E-02 0.1046E-01 0.7776E-02 0.2469E-01 0.2357E-02 0.3142E-02 0.7061E-02 0.1631E-01 0.2376E-04 0.1156E-01 0.1425E-01 0.1013E-02 0.2361E-01 0.1775E-02 0.1729E-02 0.1130E-02 0.5476E-02 0.2169E-02 0.0000E+00
0.0000E+00 0.2797E-02 0.3735E-02 0.5461E-02 0.9951E-02 0.7417E-02 0.2359E-01 0.2244E-02 0.2646E-02 0.9193E-02 0.1482E-01 0.6609E-03 0.1197E-01 0.1310E-01 0.1218E-02 0.2297E-01 0.1782E-02 0.4380E-03 0.1376E-02 0.7906E-02 0.2342E-02 0.0000E+00
0.0000E+00 0.3060E-02 0.4039E-02 0.1685E-01 0.1135E-01 0.6977E-02 0.2279E-01 0.2394E-02 0.2417E-02 0.1075E-01 0.1399E-01 0.5975E-03 0.1238E-01 0.1382E-01 0.2452E-01 0.2311E-01 0.1977E-02 0.2215E-03 0.1636E-02 0.8146E-02 0.5705E-03 0.0000E+00
0.0000E+00 0.2799E-02 0.4418E-02 0.1646E-01 0.1038E-02 0.6762E-02 0.2204E-01 0.2533E-02 0.2578E-02 0.9779E-02 0.1397E-01 0.8320E-03 0.1146E-01 0.1389E-01 0.2234E-01 0.3002E-03 0.1933E-02 0.1860E-03 0.1505E-02 0.7733E-02 0.4461E-03 0.0000E+00
0.0000E+00 0.2792E-02 0.4281E-02 0.1578E-01 0.2399E-02 0.2719E-01 0.2112E-01 0.2359E-02 0.2696E-02 0.8943E-02 0.1363E-01 0.1161E-02 0.1099E-01 0.1262E-01 0.2226E-01 0.6945E-03 0.1730E-02 0.6863E-03 0.1612E-02 0.7195E-02 0.6890E-03 0.0000E+00
0.0000E+00 0.2705E-02 0.4376E-02 0.1651E-01 0.2458E-02 0.2682E-01 0.2648E-03 0.1796E-02 0.2258E-01 0.2116E-01 0.1250E-01 0.2223E-01 0.2187E-01 0.1208E-01 0.2512E-01 0.2423E-02 0.1633E-02 0.3215E-02 0.2372E-02 0.7476E-02 0.1133E-02 0.0000E+00
0.0000E+00 0.0000E+00 0.0000E+00 0.0000E+00 0.0000E+00 0.0000E+00 0.0000E+00 0.0000E+00 0.0000E+00 0.0000E+00 0.0000E+00 0.0000E+00 0.0000E+00 0.0000E+00 0.0000E+00 0.0000E+00 0.0000E+00 0.0000E+00 0.0000E+00 0.0000E+00 0.0000E+00 0.0000E+00
