p1_rainD_highsm_dschg.asc
ncols     22
nrows     62
xllcorner      0.00000000
yllcorner      0.00000000
cellsize      0.50000000
nodata_value -9999
0.0000E+00 0.0000E+00 0.0000E+00 0.0000E+00 0.0000E+00 0.0000E+00 0.0000E+00 0.0000E+00 0.0000E+00 0.0000E+00 0.0000E+00 0.0000E+00 0.0000E+00 0.0000E+00 0.0000E+00 0.0000E+00 0.0000E+00 0.0000E+00 0.0000E+00 0.0000E+00 0.0000E+00 0.0000E+00
0.0000E+00 0.6327E-03 0.5823E-03 0.3116E-03 0.3223E-03 0.4160E-03 0.3166E-03 0.6155E-03 0.4950E-03 0.3657E-03 0.3222E-03 0.3255E-03 0.3198E-03 0.3191E-03 0.3204E-03 0.2960E-03 0.3371E-03 0.3197E-03 0.3333E-03 0.6322E-03 0.1207E-02 0.0000E+00
0.0000E+00 0.1420E-02 0.8494E-03 0.6166E-03 0.6325E-03 0.7522E-03 0.3259E-03 0.9285E-03 0.7855E-03 0.6776E-03 0.8568E-03 0.6665E-03 0.1052E-02 0.7399E-03 0.6161E-03 0.5896E-03 0.6370E-03 0.7652E-03 0.1205E-02 0.8848E-03 0.1237E-02 0.0000E+00
0.0000E+00 0.1588E-02 0.2051E-02 0.9141E-03 0.1027E-02 0.1134E-02 0.6338E-03 0.1213E-02 0.1049E-02 0.9656E-03 0.1120E-02 0.9451E-03 0.1258E-02 0.1017E-02 0.1083E-02 0.8884E-03 0.9563E-03 0.1050E-02 0.1541E-02 0.1654E-02 0.1600E-02 0.0000E+00
0.0000E+00 0.1841E-02 0.2155E-02 0.1299E-02 0.1320E-02 0.1713E-02 0.9440E-03 0.1468E-02 0.1360E-02 0.1373E-02 0.1386E-02 0.1227E-02 0.1602E-02 0.1435E-02 0.1353E-02 0.1175E-02 0.1241E-02 0.1316E-02 0.2400E-02 0.2610E-02 0.1829E-02 0.0000E+00
0.0000E+00 0.2107E-02 0.2370E-02 0.1643E-02 0.1585E-02 0.1978E-02 0.1249E-02 0.1744E-02 0.1615E-02 0.1637E-02 0.1699E-02 0.1495E-02 0.1853E-02 0.1691E-02 0.1611E-02 0.1894E-02 0.1510E-02 0.1582E-02 0.2610E-02 0.2645E-02 0.2103E-02 0.0000E+00
0.0000E+00 0.2383E-02 0.2612E-02 0.1913E-02 0.1854E-02 0.2267E-02 0.1567E-02 0.1977E-02 0.1926E-02 0.1885E-02 0.1986E-02 0.1752E-02 0.2193E-02 0.1942E-02 0.1861E-02 0.2320E-02 0.2108E-02 0.1833E-02 0.2784E-02 0.2818E-02 0.2337E-02 0.0000E+00
0.0000E+00 0.2581E-02 0.2827E-02 0.2276E-02 0.2103E-02 0.2792E-02 0.1967E-02 0.2224E-02 0.2151E-02 0.2111E-02 0.2288E-02 0.1994E-02 0.2409E-02 0.2210E-02 0.2112E-02 0.2708E-02 0.2593E-02 0.2080E-02 0.3749E-02 0.3176E-02 0.2524E-02 0.0000E+00
0.0000E+00 0.2944E-02 0.3596E-02 0.2506E-02 0.2908E-02 0.3283E-02 0.2263E-02 0.2502E-02 0.2376E-02 0.2324E-02 0.2485E-02 0.2224E-02 0.2621E-02 0.2411E-02 0.2465E-02 0.2983E-02 0.2944E-02 0.2436E-02 0.4149E-02 0.3342E-02 0.2879E-02 0.0000E+00
0.0000E+00 0.3146E-02 0.3718E-02 0.2722E-02 0.3205E-02 0.3465E-02 0.2567E-02 0.2716E-02 0.2598E-02 0.2538E-02 0.2681E-02 0.2450E-02 0.2830E-02 0.2619E-02 0.2677E-02 0.3233E-02 0.3145E-02 0.2823E-02 0.4597E-02 0.3664E-02 0.3033E-02 0.0000E+00
0.0000E+00 0.3618E-02 0.3968E-02 0.2925E-02 0.3689E-02 0.3747E-02 0.2764E-02 0.2905E-02 0.2828E-02 0.2729E-02 0.2956E-02 0.2655E-02 0.3176E-02 0.2805E-02 0.2856E-02 0.3623E-02 0.3286E-02 0.3001E-02 0.5143E-02 0.4032E-02 0.3166E-02 0.0000E+00
0.0000E+00 0.3779E-02 0.4328E-02 0.3104E-02 0.3827E-02 0.3893E-02 0.2984E-02 0.3086E-02 0.3066E-02 0.2940E-02 0.3187E-02 0.2855E-02 0.3375E-02 0.3046E-02 0.3045E-02 0.3992E-02 0.3551E-02 0.3289E-02 0.5341E-02 0.4298E-02 0.3404E-02 0.0000E+00
0.0000E+00 0.3947E-02 0.5842E-02 0.3769E-02 0.4064E-02 0.4262E-02 0.3161E-02 0.3329E-02 0.3223E-02 0.3610E-02 0.3527E-02 0.3039E-02 0.3598E-02 0.3377E-02 0.3198E-02 0.4095E-02 0.3694E-02 0.3371E-02 0.5352E-02 0.4373E-02 0.3507E-02 0.0000E+00
0.0000E+00 0.4317E-02 0.5703E-02 0.3885E-02 0.4439E-02 0.4380E-02 0.3370E-02 0.7014E-02 0.3556E-02 0.3713E-02 0.7101E-02 0.3218E-02 0.3733E-02 0.3580E-02 0.3360E-02 0.4195E-02 0.3857E-02 0.3505E-02 0.5736E-02 0.4522E-02 0.3609E-02 0.0000E+00
0.0000E+00 0.4718E-02 0.5765E-02 0.4355E-02 0.5545E-02 0.5281E-02 0.3624E-02 0.7077E-02 0.3187E-03 0.3210E-03 0.7068E-02 0.3344E-02 0.3965E-02 0.3674E-02 0.3538E-02 0.4281E-02 0.4003E-02 0.3609E-02 0.6022E-02 0.4772E-02 0.3727E-02 0.0000E+00
0.0000E+00 0.4993E-02 0.5806E-02 0.4583E-02 0.5590E-02 0.5293E-02 0.3869E-02 0.7159E-02 0.7835E-03 0.6818E-03 0.7040E-02 0.3473E-02 0.4190E-02 0.3750E-02 0.3613E-02 0.4378E-02 0.4073E-02 0.3751E-02 0.6203E-02 0.4807E-02 0.3871E-02 0.0000E+00
0.0000E+00 0.5064E-02 0.6386E-02 0.4695E-02 0.5916E-02 0.5451E-02 0.4314E-02 0.7292E-02 0.1291E-02 0.1269E-02 0.7511E-02 0.3585E-02 0.4261E-02 0.3838E-02 0.3830E-02 0.4407E-02 0.4387E-02 0.3829E-02 0.6209E-02 0.4822E-02 0.3945E-02 0.0000E+00
0.0000E+00 0.5833E-02 0.6721E-02 0.5579E-02 0.7196E-02 0.5653E-02 0.4733E-02 0.7395E-02 0.2168E-02 0.1980E-02 0.8837E-02 0.3720E-02 0.4681E-02 0.3933E-02 0.3918E-02 0.4588E-02 0.4718E-02 0.4258E-02 0.6196E-02 0.4842E-02 0.4017E-02 0.0000E+00
0.0000E+00 0.6736E-02 0.6684E-02 0.5541E-02 0.8626E-02 0.5827E-02 0.5184E-02 0.1036E-01 0.2310E-02 0.2633E-02 0.8711E-02 0.3874E-02 0.4742E-02 0.4017E-02 0.4001E-02 0.4636E-02 0.5418E-02 0.5462E-02 0.6842E-02 0.4851E-02 0.4070E-02 0.0000E+00
0.0000E+00 0.6998E-02 0.6873E-02 0.5772E-02 0.9389E-02 0.6760E-02 0.5683E-02 0.1121E-01 0.3160E-03 0.3518E-02 0.9418E-02 0.3994E-02 0.5144E-02 0.4539E-02 0.4871E-02 0.5037E-02 0.7002E-02 0.6974E-02 0.6751E-02 0.4876E-02 0.4413E-02 0.0000E+00
0.0000E+00 0.7477E-02 0.6895E-02 0.5898E-02 0.8919E-02 0.1660E-01 0.1786E-01 0.1164E-01 0.7638E-03 0.4436E-02 0.1011E-01 0.4010E-02 0.5171E-02 0.4603E-02 0.1050E-01 0.5706E-02 0.6598E-02 0.6486E-02 0.6844E-02 0.5350E-02 0.5307E-02 0.0000E+00
0.0000E+00 0.7482E-02 0.6864E-02 0.5967E-02 0.4665E-03 0.3447E-01 0.1810E-01 0.3979E-03 0.1099E-02 0.4560E-02 0.1030E-01 0.9437E-02 0.5465E-02 0.4620E-02 0.1028E-01 0.3115E-03 0.7465E-02 0.1367E-01 0.7581E-02 0.5710E-02 0.6099E-02 0.0000E+00
0.0000E+00 0.7403E-02 0.6833E-02 0.6023E-02 0.8997E-03 0.3512E-01 0.3495E-03 0.3237E-03 0.1418E-02 0.4624E-02 0.1026E-01 0.9317E-02 0.3159E-03 0.5099E-02 0.1009E-01 0.5616E-03 0.5871E-03 0.1408E-01 0.8210E-02 0.5667E-02 0.6427E-02 0.0000E+00
0.0000E+00 0.7844E-02 0.7233E-02 0.7809E-02 0.1233E-02 0.3466E-01 0.6506E-03 0.6726E-03 0.1672E-02 0.4739E-02 0.1005E-01 0.9302E-02 0.6213E-03 0.5029E-02 0.9921E-02 0.8357E-03 0.9124E-03 0.1422E-01 0.8555E-02 0.1310E-01 0.6696E-02 0.0000E+00
0.0000E+00 0.8460E-02 0.7880E-02 0.8246E-02 0.3225E-03 0.3434E-01 0.9400E-03 0.2744E-02 0.1871E-02 0.4790E-02 0.9799E-02 0.9170E-02 0.9147E-03 0.4994E-02 0.9737E-02 0.1215E-02 0.1231E-02 0.1452E-01 0.8432E-02 0.1334E-01 0.3856E-03 0.0000E+00
0.0000E+00 0.8325E-02 0.7960E-02 0.8096E-02 0.7472E-03 0.3446E-01 0.1263E-02 0.2936E-02 0.3201E-03 0.4859E-02 0.9588E-02 0.9038E-02 0.1206E-02 0.5061E-02 0.9496E-02 0.1461E-02 0.1618E-02 0.1435E-01 0.8514E-02 0.1314E-01 0.6989E-03 0.0000E+00
0.0000E+00 0.8200E-02 0.8442E-02 0.8681E-02 0.1021E-02 0.3597E-01 0.3715E-01 0.3186E-02 0.6266E-03 0.4919E-02 0.9340E-02 0.8913E-02 0.1490E-02 0.5134E-02 0.9277E-02 0.1915E-02 0.1945E-02 0.1417E-01 0.8583E-02 0.1316E-01 0.1014E-02 0.0000E+00
0.0000E+00 0.1684E-01 0.8359E-02 0.8681E-02 0.3312E-03 0.9910E-03 0.4646E-01 0.9052E-02 0.5797E-02 0.5009E-02 0.9063E-02 0.9044E-02 0.1925E-02 0.5039E-02 0.9042E-02 0.2119E-02 0.2203E-02 0.1382E-01 0.3495E-01 0.1298E-01 0.1305E-02 0.0000E+00
0.0000E+00 0.1810E-01 0.3094E-03 0.9516E-02 0.8323E-03 0.7815E-03 0.4643E-01 0.3378E-03 0.4586E-03 0.3433E-03 0.9014E-02 0.9042E-02 0.3228E-02 0.5206E-02 0.8806E-02 0.2330E-02 0.2411E-02 0.3403E-03 0.3452E-01 0.4803E-03 0.1725E-02 0.0000E+00
0.0000E+00 0.1754E-01 0.3376E-03 0.9214E-02 0.1249E-02 0.1145E-02 0.4704E-01 0.3215E-03 0.7863E-03 0.6562E-03 0.8794E-02 0.8882E-02 0.3945E-02 0.5779E-02 0.8867E-02 0.3528E-02 0.2889E-02 0.6745E-03 0.3405E-01 0.7712E-03 0.2198E-02 0.0000E+00
0.0000E+00 0.1791E-01 0.6431E-03 0.9158E-02 0.1500E-02 0.1443E-02 0.4726E-01 0.7559E-03 0.1066E-02 0.1372E-02 0.8609E-02 0.8690E-02 0.4004E-02 0.5721E-02 0.8848E-02 0.4817E-02 0.3520E-02 0.1046E-02 0.3357E-01 0.1103E-02 0.2548E-02 0.0000E+00
0.0000E+00 0.1760E-01 0.9436E-03 0.9214E-02 0.2252E-02 0.2591E-02 0.4771E-01 0.1045E-02 0.1879E-02 0.1814E-02 0.8704E-02 0.8802E-02 0.4172E-02 0.6071E-02 0.8497E-02 0.1285E-01 0.4308E-02 0.1455E-02 0.3313E-01 0.4087E-02 0.2809E-02 0.0000E+00
0.0000E+00 0.1722E-01 0.1227E-02 0.9384E-02 0.2393E-02 0.2954E-02 0.4691E-01 0.1318E-02 0.2486E-02 0.2135E-02 0.8779E-02 0.1945E-01 0.1059E-01 0.6496E-02 0.3154E-03 0.1260E-01 0.5058E-02 0.1771E-02 0.3287E-01 0.4259E-02 0.3302E-03 0.0000E+00
0.0000E+00 0.1687E-01 0.1472E-02 0.9540E-02 0.2603E-02 0.3184E-02 0.4627E-01 0.1736E-02 0.3535E-02 0.2814E-02 0.8835E-02 0.1917E-01 0.3198E-03 0.3233E-03 0.3912E-03 0.1224E-01 0.4844E-02 0.2064E-02 0.3249E-01 0.4409E-02 0.1051E-02 0.0000E+00
0.0000E+00 0.1676E-01 0.1745E-02 0.9307E-02 0.3562E-02 0.3382E-02 0.4558E-01 0.2207E-02 0.4382E-02 0.3171E-02 0.8524E-02 0.1890E-01 0.9132E-03 0.6463E-03 0.7455E-03 0.1181E-01 0.4858E-02 0.2380E-02 0.3201E-01 0.4481E-02 0.1447E-02 0.0000E+00
0.0000E+00 0.1657E-01 0.1935E-02 0.9306E-02 0.4352E-02 0.3646E-02 0.4545E-01 0.6828E-02 0.4635E-02 0.3731E-02 0.8293E-02 0.1862E-01 0.1550E-02 0.1097E-02 0.1027E-02 0.1617E-01 0.4838E-02 0.2598E-02 0.3141E-01 0.4556E-02 0.1688E-02 0.0000E+00
0.0000E+00 0.1829E-01 0.2142E-02 0.9327E-02 0.4823E-02 0.3887E-02 0.5230E-01 0.6819E-02 0.4940E-03 0.4348E-02 0.1248E-01 0.1867E-01 0.2420E-02 0.1990E-02 0.1295E-02 0.1637E-01 0.3188E-03 0.2810E-02 0.3084E-01 0.4626E-02 0.1913E-02 0.0000E+00
0.0000E+00 0.1813E-01 0.3179E-03 0.9121E-02 0.4805E-02 0.4066E-02 0.5217E-01 0.3925E-03 0.7848E-03 0.3437E-03 0.1219E-01 0.1870E-01 0.2510E-02 0.2674E-02 0.1840E-02 0.1605E-01 0.6344E-03 0.2967E-02 0.3019E-01 0.5326E-02 0.2480E-02 0.0000E+00
0.0000E+00 0.1770E-01 0.4132E-03 0.8901E-02 0.4888E-02 0.4895E-02 0.5232E-01 0.8262E-03 0.1174E-02 0.7296E-03 0.1216E-01 0.1861E-01 0.3019E-02 0.2926E-02 0.2044E-02 0.1567E-01 0.9310E-03 0.3165E-02 0.2963E-01 0.5711E-02 0.3196E-02 0.0000E+00
0.0000E+00 0.1737E-01 0.8226E-03 0.1422E-01 0.5689E-02 0.5350E-02 0.5281E-01 0.1252E-02 0.1433E-02 0.1026E-02 0.1192E-01 0.1886E-01 0.3404E-02 0.3147E-02 0.2386E-02 0.1662E-01 0.1212E-02 0.3326E-02 0.2924E-01 0.5702E-02 0.4014E-02 0.0000E+00
0.0000E+00 0.1709E-01 0.1449E-01 0.1393E-01 0.3203E-03 0.5329E-02 0.5252E-01 0.1538E-02 0.1769E-02 0.1261E-01 0.1159E-01 0.1892E-01 0.2767E-01 0.2411E-01 0.2167E-01 0.1976E-01 0.2369E-02 0.4135E-02 0.2909E-01 0.6189E-02 0.4209E-02 0.0000E+00
0.0000E+00 0.1663E-01 0.1508E-01 0.4466E-03 0.6318E-03 0.5726E-02 0.5541E-01 0.1791E-02 0.2128E-02 0.1257E-01 0.8737E-03 0.1850E-01 0.2754E-01 0.3445E-03 0.5573E-03 0.3377E-03 0.3396E-03 0.4931E-02 0.2890E-01 0.6188E-02 0.4453E-02 0.0000E+00
0.0000E+00 0.1617E-01 0.1481E-01 0.7453E-03 0.1272E-02 0.6198E-02 0.5497E-01 0.3314E-03 0.2314E-02 0.1220E-01 0.1091E-02 0.1816E-01 0.2690E-01 0.6631E-03 0.8576E-03 0.8126E-03 0.8943E-03 0.5724E-02 0.2830E-01 0.6462E-02 0.4789E-02 0.0000E+00
0.0000E+00 0.1597E-01 0.1452E-01 0.2011E-02 0.1504E-02 0.6161E-02 0.5397E-01 0.9207E-03 0.2514E-02 0.1210E-01 0.1892E-02 0.1845E-01 0.2796E-01 0.2036E-02 0.1133E-02 0.1090E-02 0.1317E-02 0.6606E-02 0.2815E-01 0.6460E-02 0.4939E-02 0.0000E+00
0.0000E+00 0.1549E-01 0.1440E-01 0.2457E-02 0.2831E-02 0.6419E-02 0.5382E-01 0.1242E-02 0.2683E-02 0.1202E-01 0.2398E-02 0.1976E-01 0.2845E-01 0.3209E-02 0.1618E-02 0.1355E-02 0.1755E-02 0.6379E-02 0.2778E-01 0.1156E-01 0.5065E-02 0.0000E+00
0.0000E+00 0.1518E-01 0.1446E-01 0.2615E-02 0.3972E-02 0.6676E-02 0.5307E-01 0.4209E-02 0.2842E-02 0.1168E-01 0.2656E-02 0.2104E-01 0.2755E-01 0.4110E-02 0.2036E-02 0.1825E-02 0.1978E-02 0.6773E-02 0.2758E-01 0.1188E-01 0.3359E-03 0.0000E+00
0.0000E+00 0.1510E-01 0.1459E-01 0.2835E-02 0.3921E-02 0.6785E-02 0.5658E-01 0.4336E-02 0.3413E-03 0.1133E-01 0.2378E-01 0.2161E-01 0.2688E-01 0.5115E-02 0.2568E-02 0.2343E-02 0.4903E-02 0.6697E-02 0.2674E-01 0.1254E-01 0.5892E-03 0.0000E+00
0.0000E+00 0.1474E-01 0.1485E-01 0.3994E-02 0.4838E-02 0.6819E-02 0.5593E-01 0.3328E-03 0.6478E-03 0.1101E-01 0.2284E-01 0.3229E-03 0.2624E-01 0.5380E-02 0.2743E-02 0.3217E-03 0.5361E-02 0.3807E-01 0.2603E-01 0.1239E-01 0.3207E-03 0.0000E+00
0.0000E+00 0.1443E-01 0.1471E-01 0.4885E-02 0.5131E-02 0.6954E-02 0.5580E-01 0.3220E-03 0.9638E-03 0.1073E-01 0.2258E-01 0.6934E-03 0.2579E-01 0.6660E-02 0.3000E-02 0.1098E-02 0.3507E-03 0.3732E-01 0.4012E-03 0.1234E-01 0.7661E-03 0.0000E+00
0.0000E+00 0.1383E-01 0.1517E-01 0.5002E-02 0.6278E-02 0.8248E-02 0.5676E-01 0.7102E-03 0.1892E-02 0.1105E-01 0.2409E-01 0.1002E-02 0.2517E-01 0.6352E-02 0.4070E-02 0.1357E-02 0.8739E-03 0.3653E-01 0.1613E-02 0.1220E-01 0.1224E-02 0.0000E+00
0.0000E+00 0.1334E-01 0.1509E-01 0.5488E-02 0.6406E-02 0.7913E-02 0.5619E-01 0.1007E-02 0.2026E-02 0.1094E-01 0.2363E-01 0.3805E-03 0.2517E-01 0.7623E-02 0.5361E-02 0.1614E-02 0.1422E-02 0.3674E-01 0.2117E-02 0.1425E-01 0.1851E-02 0.0000E+00
0.0000E+00 0.1437E-01 0.1674E-01 0.7074E-02 0.8151E-02 0.9982E-02 0.5653E-01 0.1294E-02 0.2643E-02 0.1096E-01 0.2334E-01 0.7104E-03 0.2488E-01 0.7249E-02 0.6405E-02 0.3216E-02 0.2024E-02 0.3799E-01 0.2429E-02 0.1436E-01 0.3207E-03 0.0000E+00
0.0000E+00 0.1364E-01 0.1624E-01 0.8106E-02 0.9708E-02 0.1125E-01 0.5561E-01 0.1665E-02 0.2900E-02 0.1058E-01 0.2266E-01 0.1015E-02 0.2435E-01 0.7583E-02 0.7524E-02 0.4308E-01 0.3883E-01 0.3740E-01 0.4304E-03 0.1434E-01 0.1220E-02 0.0000E+00
0.0000E+00 0.1304E-01 0.1566E-01 0.7670E-02 0.1079E-01 0.1079E-01 0.5450E-01 0.1993E-02 0.3132E-02 0.1133E-01 0.2293E-01 0.1780E-02 0.2439E-01 0.1634E-01 0.7055E-02 0.4434E-01 0.6663E-03 0.7587E-03 0.8232E-03 0.1430E-01 0.1381E-02 0.0000E+00
0.0000E+00 0.1324E-01 0.1521E-01 0.7543E-02 0.1089E-01 0.1064E-01 0.5452E-01 0.2472E-02 0.3346E-02 0.1246E-01 0.2644E-01 0.2659E-02 0.2427E-01 0.1668E-01 0.9106E-03 0.4501E-01 0.1317E-02 0.1349E-02 0.1119E-02 0.1405E-01 0.1857E-02 0.0000E+00
0.0000E+00 0.1280E-01 0.1491E-01 0.7572E-02 0.1034E-01 0.1040E-01 0.5374E-01 0.2660E-02 0.3921E-02 0.1452E-01 0.2628E-01 0.3154E-03 0.2458E-01 0.1633E-01 0.1286E-02 0.4353E-01 0.1703E-02 0.1539E-02 0.1536E-02 0.1380E-01 0.2378E-02 0.0000E+00
0.0000E+00 0.1226E-01 0.1450E-01 0.7586E-02 0.9993E-02 0.1034E-01 0.5276E-01 0.2851E-02 0.4079E-02 0.1637E-01 0.2544E-01 0.1022E-02 0.2476E-01 0.1605E-01 0.1682E-02 0.4235E-01 0.1924E-02 0.1779E-02 0.1787E-02 0.1651E-01 0.2701E-02 0.0000E+00
0.0000E+00 0.1175E-01 0.1446E-01 0.1893E-01 0.1110E-01 0.1016E-01 0.5181E-01 0.3026E-02 0.4227E-02 0.1742E-01 0.2462E-01 0.1290E-02 0.2481E-01 0.1677E-01 0.4365E-01 0.4186E-01 0.2144E-02 0.2011E-02 0.2014E-02 0.1683E-01 0.6229E-03 0.0000E+00
0.0000E+00 0.1117E-01 0.1457E-01 0.1867E-01 0.9856E-03 0.9959E-02 0.5074E-01 0.3239E-02 0.4373E-02 0.1661E-01 0.2410E-01 0.1569E-02 0.2404E-01 0.1699E-01 0.4237E-01 0.3198E-03 0.2371E-02 0.2360E-02 0.2229E-02 0.1654E-01 0.3290E-03 0.0000E+00
0.0000E+00 0.1079E-01 0.1410E-01 0.1854E-01 0.2101E-02 0.5887E-01 0.4972E-01 0.3436E-02 0.4626E-02 0.1605E-01 0.2345E-01 0.1829E-02 0.2337E-01 0.1676E-01 0.4216E-01 0.6342E-03 0.2566E-02 0.2725E-02 0.2439E-02 0.1621E-01 0.6525E-03 0.0000E+00
0.0000E+00 0.1021E-01 0.1379E-01 0.2042E-01 0.2135E-02 0.5851E-01 0.3343E-03 0.3602E-02 0.4181E-01 0.3820E-01 0.2272E-01 0.4023E-01 0.3912E-01 0.1652E-01 0.4634E-01 0.3581E-02 0.2775E-02 0.6266E-02 0.3021E-02 0.1685E-01 0.9884E-03 0.0000E+00
0.0000E+00 0.0000E+00 0.0000E+00 0.0000E+00 0.0000E+00 0.0000E+00 0.0000E+00 0.0000E+00 0.0000E+00 0.0000E+00 0.0000E+00 0.0000E+00 0.0000E+00 0.0000E+00 0.0000E+00 0.0000E+00 0.0000E+00 0.0000E+00 0.0000E+00 0.0000E+00 0.0000E+00 0.0000E+00
