p1_rainA_medsm_dschg.asc
ncols     22
nrows     62
xllcorner      0.00000000
yllcorner      0.00000000
cellsize      0.50000000
nodata_value -9999
0.0000E+00 0.0000E+00 0.0000E+00 0.0000E+00 0.0000E+00 0.0000E+00 0.0000E+00 0.0000E+00 0.0000E+00 0.0000E+00 0.0000E+00 0.0000E+00 0.0000E+00 0.0000E+00 0.0000E+00 0.0000E+00 0.0000E+00 0.0000E+00 0.0000E+00 0.0000E+00 0.0000E+00 0.0000E+00
0.0000E+00 0.7249E-02 0.7127E-02 0.6157E-02 0.6220E-02 0.6579E-02 0.6198E-02 0.1232E-01 0.6878E-02 0.6371E-02 0.6209E-02 0.6170E-02 0.6224E-02 0.6049E-02 0.6179E-02 0.5920E-02 0.6223E-02 0.6185E-02 0.6236E-02 0.7247E-02 0.8778E-02 0.0000E+00
0.0000E+00 0.1489E-01 0.1324E-01 0.1230E-01 0.1236E-01 0.1288E-01 0.6155E-02 0.1848E-01 0.1303E-01 0.1255E-01 0.1316E-01 0.1243E-01 0.1373E-01 0.1263E-01 0.1229E-01 0.1202E-01 0.1228E-01 0.1285E-01 0.1408E-01 0.1329E-01 0.1452E-01 0.0000E+00
0.0000E+00 0.2087E-01 0.2193E-01 0.1842E-01 0.1885E-01 0.1929E-01 0.1234E-01 0.2450E-01 0.1903E-01 0.1866E-01 0.1904E-01 0.1846E-01 0.1973E-01 0.1855E-01 0.1903E-01 0.1812E-01 0.1850E-01 0.1894E-01 0.2057E-01 0.2084E-01 0.2101E-01 0.0000E+00
0.0000E+00 0.2694E-01 0.2787E-01 0.2485E-01 0.2495E-01 0.2635E-01 0.1853E-01 0.3047E-01 0.2520E-01 0.2517E-01 0.2508E-01 0.2449E-01 0.2603E-01 0.2509E-01 0.2504E-01 0.2401E-01 0.2446E-01 0.2496E-01 0.2835E-01 0.2891E-01 0.2696E-01 0.0000E+00
0.0000E+00 0.3301E-01 0.3379E-01 0.3115E-01 0.3075E-01 0.3244E-01 0.2467E-01 0.3647E-01 0.3116E-01 0.3118E-01 0.3128E-01 0.3044E-01 0.3202E-01 0.3104E-01 0.3100E-01 0.3141E-01 0.3040E-01 0.3095E-01 0.3450E-01 0.3468E-01 0.3309E-01 0.0000E+00
0.0000E+00 0.3912E-01 0.3980E-01 0.3719E-01 0.3673E-01 0.3857E-01 0.3085E-01 0.4229E-01 0.3729E-01 0.3708E-01 0.3737E-01 0.3639E-01 0.3833E-01 0.3698E-01 0.3694E-01 0.3808E-01 0.3744E-01 0.3688E-01 0.4028E-01 0.4048E-01 0.3904E-01 0.0000E+00
0.0000E+00 0.4493E-01 0.4566E-01 0.4353E-01 0.4265E-01 0.4544E-01 0.3733E-01 0.4817E-01 0.4311E-01 0.4295E-01 0.4349E-01 0.4228E-01 0.4412E-01 0.4297E-01 0.4288E-01 0.4459E-01 0.4417E-01 0.4281E-01 0.4832E-01 0.4690E-01 0.4473E-01 0.0000E+00
0.0000E+00 0.5130E-01 0.5316E-01 0.4940E-01 0.5021E-01 0.5222E-01 0.4344E-01 0.5420E-01 0.4888E-01 0.4876E-01 0.4925E-01 0.4811E-01 0.4992E-01 0.4871E-01 0.4916E-01 0.5065E-01 0.5052E-01 0.4914E-01 0.5491E-01 0.5265E-01 0.5110E-01 0.0000E+00
0.0000E+00 0.5699E-01 0.5896E-01 0.5522E-01 0.5647E-01 0.5807E-01 0.4960E-01 0.5999E-01 0.5468E-01 0.5453E-01 0.5500E-01 0.5388E-01 0.5574E-01 0.5447E-01 0.5497E-01 0.5664E-01 0.5636E-01 0.5552E-01 0.6166E-01 0.5894E-01 0.5674E-01 0.0000E+00
0.0000E+00 0.6362E-01 0.6494E-01 0.6096E-01 0.6320E-01 0.6418E-01 0.5534E-01 0.6569E-01 0.6051E-01 0.6014E-01 0.6100E-01 0.5964E-01 0.6200E-01 0.6014E-01 0.6063E-01 0.6310E-01 0.6189E-01 0.6115E-01 0.6859E-01 0.6524E-01 0.6231E-01 0.0000E+00
0.0000E+00 0.6937E-01 0.7131E-01 0.6641E-01 0.6882E-01 0.6974E-01 0.6115E-01 0.7135E-01 0.6643E-01 0.6593E-01 0.6686E-01 0.6541E-01 0.6782E-01 0.6605E-01 0.6636E-01 0.6943E-01 0.6794E-01 0.6722E-01 0.7466E-01 0.7136E-01 0.6826E-01 0.0000E+00
0.0000E+00 0.7501E-01 0.8062E-01 0.7354E-01 0.7477E-01 0.7610E-01 0.6683E-01 0.7726E-01 0.7207E-01 0.7307E-01 0.7312E-01 0.7115E-01 0.7375E-01 0.7228E-01 0.7193E-01 0.7497E-01 0.7358E-01 0.7259E-01 0.7977E-01 0.7682E-01 0.7376E-01 0.0000E+00
0.0000E+00 0.8132E-01 0.8579E-01 0.7919E-01 0.8113E-01 0.8162E-01 0.7263E-01 0.1611E+00 0.7829E-01 0.7870E-01 0.1566E+00 0.7683E-01 0.7929E-01 0.7808E-01 0.7755E-01 0.8046E-01 0.7927E-01 0.7809E-01 0.8618E-01 0.8250E-01 0.7924E-01 0.0000E+00
0.0000E+00 0.8774E-01 0.9135E-01 0.8581E-01 0.8950E-01 0.8942E-01 0.7858E-01 0.1664E+00 0.6162E-02 0.6175E-02 0.1618E+00 0.8232E-01 0.8520E-01 0.8344E-01 0.8321E-01 0.8592E-01 0.8483E-01 0.8350E-01 0.9238E-01 0.8856E-01 0.8479E-01 0.0000E+00
0.0000E+00 0.9387E-01 0.9673E-01 0.9176E-01 0.9511E-01 0.9491E-01 0.8455E-01 0.1719E+00 0.1291E-01 0.1251E-01 0.1668E+00 0.8782E-01 0.9105E-01 0.8879E-01 0.8859E-01 0.9139E-01 0.9022E-01 0.8909E-01 0.9832E-01 0.9389E-01 0.9043E-01 0.0000E+00
0.0000E+00 0.9925E-01 0.1036E+00 0.9728E-01 0.1014E+00 0.1006E+00 0.9109E-01 0.1774E+00 0.1980E-01 0.1961E-01 0.1734E+00 0.9314E-01 0.9631E-01 0.9416E-01 0.9446E-01 0.9668E-01 0.9640E-01 0.9448E-01 0.1037E+00 0.9918E-01 0.9586E-01 0.0000E+00
0.0000E+00 0.1066E+00 0.1100E+00 0.1050E+00 0.1101E+00 0.1065E+00 0.9763E-01 0.1830E+00 0.2755E-01 0.2700E-01 0.1822E+00 0.9867E-01 0.1028E+00 0.9960E-01 0.9988E-01 0.1025E+00 0.1026E+00 0.1009E+00 0.1089E+00 0.1045E+00 0.1012E+00 0.0000E+00
0.0000E+00 0.1144E+00 0.1153E+00 0.1104E+00 0.1192E+00 0.1123E+00 0.1043E+00 0.2235E+00 0.3347E-01 0.3427E-01 0.1874E+00 0.1043E+00 0.1081E+00 0.1050E+00 0.1053E+00 0.1077E+00 0.1098E+00 0.1094E+00 0.1161E+00 0.1097E+00 0.1066E+00 0.0000E+00
0.0000E+00 0.1207E+00 0.1212E+00 0.1163E+00 0.1267E+00 0.1202E+00 0.1110E+00 0.2312E+00 0.5922E-02 0.4212E-01 0.1946E+00 0.1098E+00 0.1146E+00 0.1117E+00 0.1129E+00 0.1142E+00 0.1193E+00 0.1187E+00 0.1213E+00 0.1150E+00 0.1128E+00 0.0000E+00
0.0000E+00 0.1274E+00 0.1265E+00 0.1220E+00 0.1312E+00 0.2593E+00 0.3556E+00 0.2377E+00 0.1261E-01 0.5005E-01 0.2019E+00 0.1150E+00 0.1200E+00 0.1172E+00 0.2396E+00 0.1214E+00 0.1239E+00 0.1231E+00 0.1269E+00 0.1216E+00 0.1205E+00 0.0000E+00
0.0000E+00 0.1330E+00 0.1317E+00 0.1274E+00 0.6780E-02 0.6316E+00 0.3672E+00 0.6433E-02 0.1888E-01 0.5612E-01 0.2080E+00 0.2464E+00 0.1261E+00 0.1224E+00 0.2444E+00 0.6199E-02 0.1370E+00 0.2650E+00 0.1342E+00 0.1280E+00 0.1280E+00 0.0000E+00
0.0000E+00 0.1381E+00 0.1369E+00 0.1328E+00 0.1344E-01 0.6388E+00 0.6285E-02 0.6155E-02 0.2509E-01 0.6185E-01 0.2135E+00 0.2513E+00 0.6168E-02 0.1290E+00 0.2492E+00 0.7063E-02 0.7134E-02 0.2715E+00 0.1413E+00 0.1332E+00 0.1344E+00 0.0000E+00
0.0000E+00 0.1446E+00 0.1433E+00 0.1593E+00 0.1969E-01 0.6433E+00 0.1242E-01 0.1245E-01 0.3104E-01 0.6749E-01 0.2182E+00 0.2566E+00 0.1232E-01 0.1341E+00 0.2540E+00 0.1321E-01 0.1338E-01 0.2773E+00 0.1478E+00 0.2813E+00 0.1407E+00 0.0000E+00
0.0000E+00 0.1516E+00 0.1504E+00 0.1658E+00 0.6234E-02 0.6478E+00 0.1851E-01 0.5505E-01 0.3682E-01 0.7293E-01 0.2228E+00 0.2614E+00 0.1843E-01 0.1392E+00 0.2588E+00 0.1965E-01 0.1954E-01 0.2836E+00 0.1529E+00 0.2875E+00 0.6477E-02 0.0000E+00
0.0000E+00 0.1568E+00 0.1562E+00 0.1708E+00 0.1285E-01 0.6535E+00 0.2473E-01 0.6076E-01 0.6153E-02 0.7843E-01 0.2275E+00 0.2663E+00 0.2452E-01 0.1446E+00 0.2635E+00 0.2558E-01 0.2600E-01 0.2885E+00 0.1586E+00 0.2925E+00 0.1266E-01 0.0000E+00
0.0000E+00 0.1617E+00 0.1628E+00 0.1777E+00 0.1887E-01 0.6792E+00 0.7095E+00 0.6671E-01 0.1229E-01 0.8387E-01 0.2322E+00 0.2711E+00 0.3056E-01 0.1502E+00 0.2682E+00 0.3221E-01 0.3228E-01 0.2934E+00 0.1643E+00 0.2980E+00 0.1885E-01 0.0000E+00
0.0000E+00 0.3360E+00 0.1681E+00 0.1832E+00 0.6255E-02 0.8212E-02 0.9011E+00 0.1796E+00 0.1075E+00 0.8940E-01 0.2367E+00 0.2769E+00 0.3713E-01 0.1552E+00 0.2729E+00 0.3804E-01 0.3828E-01 0.2979E+00 0.7696E+00 0.3030E+00 0.2493E-01 0.0000E+00
0.0000E+00 0.3502E+00 0.6126E-02 0.1907E+00 0.1312E-01 0.7631E-02 0.9119E+00 0.6271E-02 0.6776E-02 0.6245E-02 0.2419E+00 0.2823E+00 0.4602E-01 0.1610E+00 0.2776E+00 0.4384E-01 0.4409E-01 0.6304E-02 0.7740E+00 0.6821E-02 0.3148E-01 0.0000E+00
0.0000E+00 0.3544E+00 0.6280E-02 0.1954E+00 0.1971E-01 0.1420E-01 0.9192E+00 0.6242E-02 0.1297E-01 0.1240E-01 0.2466E+00 0.2872E+00 0.5341E-01 0.1679E+00 0.2830E+00 0.5248E-01 0.5079E-01 0.1258E-01 0.7783E+00 0.1298E-01 0.3818E-01 0.0000E+00
0.0000E+00 0.3609E+00 0.1243E-01 0.2006E+00 0.2567E-01 0.2045E-01 0.9254E+00 0.1291E-01 0.1903E-01 0.1981E-01 0.2513E+00 0.2920E+00 0.5923E-01 0.1732E+00 0.2884E+00 0.6130E-01 0.5785E-01 0.1897E-01 0.7826E+00 0.1926E-01 0.4448E-01 0.0000E+00
0.0000E+00 0.3656E+00 0.1851E-01 0.2062E+00 0.3312E-01 0.2904E-01 0.9323E+00 0.1890E-01 0.2665E-01 0.2654E-01 0.2569E+00 0.2977E+00 0.6513E-01 0.1795E+00 0.2927E+00 0.3589E+00 0.6538E-01 0.2550E-01 0.7871E+00 0.7536E-01 0.5050E-01 0.0000E+00
0.0000E+00 0.3700E+00 0.2460E-01 0.2121E+00 0.3891E-01 0.3557E-01 0.9361E+00 0.2494E-01 0.3384E-01 0.3284E-01 0.2625E+00 0.5649E+00 0.2615E+00 0.1914E+00 0.6184E-02 0.3640E+00 0.7280E-01 0.3168E-01 0.7921E+00 0.8108E-01 0.6269E-02 0.0000E+00
0.0000E+00 0.3745E+00 0.3045E-01 0.2179E+00 0.4475E-01 0.4180E-01 0.9399E+00 0.3150E-01 0.4214E-01 0.4009E-01 0.2682E+00 0.5692E+00 0.6191E-02 0.6240E-02 0.6450E-02 0.3686E+00 0.7789E-01 0.3777E-01 0.7968E+00 0.8673E-01 0.1374E-01 0.0000E+00
0.0000E+00 0.3799E+00 0.3645E-01 0.2227E+00 0.5273E-01 0.4773E-01 0.9437E+00 0.3819E-01 0.4987E-01 0.4642E-01 0.2728E+00 0.5739E+00 0.1330E-01 0.1244E-01 0.1280E-01 0.3728E+00 0.8322E-01 0.4399E-01 0.8012E+00 0.9196E-01 0.2036E-01 0.0000E+00
0.0000E+00 0.3849E+00 0.4213E-01 0.2281E+00 0.6027E-01 0.5382E-01 0.9491E+00 0.1001E+00 0.5625E-01 0.5335E-01 0.2777E+00 0.5785E+00 0.2055E-01 0.1913E-01 0.1880E-01 0.4654E+00 0.8838E-01 0.4981E-01 0.8053E+00 0.9734E-01 0.2628E-01 0.0000E+00
0.0000E+00 0.4371E+00 0.4783E-01 0.2337E+00 0.6708E-01 0.5978E-01 0.1060E+01 0.1054E+00 0.6883E-02 0.6046E-01 0.3434E+00 0.5842E+00 0.2840E-01 0.2697E-01 0.2476E-01 0.4714E+00 0.6195E-02 0.5564E-01 0.8094E+00 0.1027E+00 0.3218E-01 0.0000E+00
0.0000E+00 0.4476E+00 0.6207E-02 0.2385E+00 0.7255E-01 0.6551E-01 0.1066E+01 0.6477E-02 0.1305E-01 0.6310E-02 0.3481E+00 0.5898E+00 0.3425E-01 0.3432E-01 0.3170E-01 0.4762E+00 0.1234E-01 0.6124E-01 0.8132E+00 0.1099E+00 0.3915E-01 0.0000E+00
0.0000E+00 0.4520E+00 0.6596E-02 0.2432E+00 0.7804E-01 0.7313E-01 0.1072E+01 0.1313E-01 0.1957E-01 0.1278E-01 0.3536E+00 0.5951E+00 0.4109E-01 0.4062E-01 0.3748E-01 0.4807E+00 0.1846E-01 0.6702E-01 0.8175E+00 0.1164E+00 0.4649E-01 0.0000E+00
0.0000E+00 0.4568E+00 0.1313E-01 0.3331E+00 0.8554E-01 0.7984E-01 0.1079E+01 0.1973E-01 0.2555E-01 0.1892E-01 0.3585E+00 0.6014E+00 0.4751E-01 0.4663E-01 0.4364E-01 0.4887E+00 0.2452E-01 0.7260E-01 0.8222E+00 0.1216E+00 0.5414E-01 0.0000E+00
0.0000E+00 0.4616E+00 0.3553E+00 0.3377E+00 0.6196E-02 0.8520E-01 0.1084E+01 0.2583E-01 0.3183E-01 0.3875E+00 0.3630E+00 0.6071E+00 0.6825E+00 0.6289E+00 0.5782E+00 0.5295E+00 0.3307E-01 0.8012E-01 0.8276E+00 0.1283E+00 0.6027E-01 0.0000E+00
0.0000E+00 0.4659E+00 0.3624E+00 0.6721E-02 0.1234E-01 0.9167E-01 0.1125E+01 0.3180E-01 0.3817E-01 0.3930E+00 0.7850E-02 0.6113E+00 0.6880E+00 0.6247E-02 0.7065E-02 0.6272E-02 0.6264E-02 0.8764E-01 0.8328E+00 0.1335E+00 0.6641E-01 0.0000E+00
0.0000E+00 0.4702E+00 0.3672E+00 0.1272E-01 0.1956E-01 0.9833E-01 0.1130E+01 0.6279E-02 0.4391E-01 0.3974E+00 0.1405E-01 0.6158E+00 0.6918E+00 0.1243E-01 0.1329E-01 0.1306E-01 0.1329E-01 0.9519E-01 0.8369E+00 0.1396E+00 0.7276E-01 0.0000E+00
0.0000E+00 0.4753E+00 0.3717E+00 0.2158E-01 0.2553E-01 0.1036E+00 0.1133E+01 0.1341E-01 0.4970E-01 0.4027E+00 0.2169E-01 0.6222E+00 0.7002E+00 0.2155E-01 0.1926E-01 0.1902E-01 0.1994E-01 0.1029E+00 0.8423E+00 0.1449E+00 0.7852E-01 0.0000E+00
0.0000E+00 0.4794E+00 0.3768E+00 0.2836E-01 0.3445E-01 0.1097E+00 0.1138E+01 0.1970E-01 0.5531E-01 0.4079E+00 0.2863E-01 0.6311E+00 0.7073E+00 0.3018E-01 0.2605E-01 0.2503E-01 0.2659E-01 0.1081E+00 0.8472E+00 0.2344E+00 0.8419E-01 0.0000E+00
0.0000E+00 0.4842E+00 0.3825E+00 0.3444E-01 0.4298E-01 0.1158E+00 0.1142E+01 0.8612E-01 0.6095E-01 0.4123E+00 0.3488E-01 0.6399E+00 0.7109E+00 0.3809E-01 0.3261E-01 0.3172E-01 0.3246E-01 0.1146E+00 0.8525E+00 0.2459E+00 0.6266E-02 0.0000E+00
0.0000E+00 0.4896E+00 0.3883E+00 0.4038E-01 0.4855E-01 0.1215E+00 0.1237E+01 0.9162E-01 0.6280E-02 0.4166E+00 0.6870E+00 0.6470E+00 0.7147E+00 0.4616E-01 0.3948E-01 0.3854E-01 0.7799E-01 0.1196E+00 0.8560E+00 0.2586E+00 0.7157E-02 0.0000E+00
0.0000E+00 0.4943E+00 0.3945E+00 0.4894E-01 0.5649E-01 0.1268E+00 0.1247E+01 0.6289E-02 0.1244E-01 0.4210E+00 0.6904E+00 0.6199E-02 0.7184E+00 0.5253E-01 0.4524E-01 0.6204E-02 0.8469E-01 0.1070E+01 0.8600E+00 0.2634E+00 0.6219E-02 0.0000E+00
0.0000E+00 0.4992E+00 0.3997E+00 0.5681E-01 0.6295E-01 0.1325E+00 0.1252E+01 0.6217E-02 0.1857E-01 0.4255E+00 0.6955E+00 0.1262E-01 0.7227E+00 0.6136E-01 0.5123E-01 0.1380E-01 0.6344E-02 0.1074E+01 0.6524E-02 0.2685E+00 0.1286E-01 0.0000E+00
0.0000E+00 0.5033E+00 0.4064E+00 0.6273E-01 0.7139E-01 0.1413E+00 0.1260E+01 0.1268E-01 0.2652E-01 0.4317E+00 0.7213E+00 0.1876E-01 0.7265E+00 0.6661E-01 0.5952E-01 0.2003E-01 0.1328E-01 0.1078E+01 0.1530E-01 0.2734E+00 0.1956E-01 0.0000E+00
0.0000E+00 0.5077E+00 0.4119E+00 0.6960E-01 0.7745E-01 0.1461E+00 0.1265E+01 0.1881E-01 0.3235E-01 0.4369E+00 0.7260E+00 0.6449E-02 0.7321E+00 0.7538E-01 0.6829E-01 0.2607E-01 0.2029E-01 0.1085E+01 0.2224E-01 0.3060E+00 0.2670E-01 0.0000E+00
0.0000E+00 0.5160E+00 0.4215E+00 0.7906E-01 0.8724E-01 0.1566E+00 0.1272E+01 0.2490E-01 0.3944E-01 0.4423E+00 0.7310E+00 0.1271E-01 0.7370E+00 0.8044E-01 0.7644E-01 0.3568E-01 0.2738E-01 0.1116E+01 0.2876E-01 0.3117E+00 0.6230E-02 0.0000E+00
0.0000E+00 0.5201E+00 0.4262E+00 0.8724E-01 0.9667E-01 0.1654E+00 0.1276E+01 0.3125E-01 0.4559E-01 0.4462E+00 0.7348E+00 0.1886E-01 0.7410E+00 0.8686E-01 0.8478E-01 0.1197E+01 0.1153E+01 0.1121E+01 0.6648E-02 0.3170E+00 0.1409E-01 0.0000E+00
0.0000E+00 0.5242E+00 0.4303E+00 0.9188E-01 0.1050E+00 0.1699E+00 0.1279E+01 0.3747E-01 0.5152E-01 0.4537E+00 0.7412E+00 0.2639E-01 0.7466E+00 0.1860E+00 0.8939E-01 0.1206E+01 0.7345E-02 0.7579E-02 0.1311E-01 0.3222E+00 0.2001E-01 0.0000E+00
0.0000E+00 0.5305E+00 0.4345E+00 0.9722E-01 0.1109E+00 0.1753E+00 0.1285E+01 0.4420E-01 0.5740E-01 0.4621E+00 0.7834E+00 0.3423E-01 0.7520E+00 0.1924E+00 0.7999E-02 0.1214E+01 0.1466E-01 0.1477E-01 0.1925E-01 0.3269E+00 0.2680E-01 0.0000E+00
0.0000E+00 0.5350E+00 0.4391E+00 0.1027E+00 0.1154E+00 0.1803E+00 0.1289E+01 0.4996E-01 0.6422E-01 0.4726E+00 0.7890E+00 0.6115E-02 0.7585E+00 0.1975E+00 0.1465E-01 0.1217E+01 0.2132E-01 0.2072E-01 0.2583E-01 0.3315E+00 0.3364E-01 0.0000E+00
0.0000E+00 0.5393E+00 0.4434E+00 0.1080E+00 0.1204E+00 0.1856E+00 0.1292E+01 0.5569E-01 0.6976E-01 0.4827E+00 0.7929E+00 0.1351E-01 0.7646E+00 0.2024E+00 0.2129E-01 0.1220E+01 0.2724E-01 0.2669E-01 0.3178E-01 0.3770E+00 0.3999E-01 0.0000E+00
0.0000E+00 0.5436E+00 0.4489E+00 0.2429E+00 0.1288E+00 0.1905E+00 0.1295E+01 0.6139E-01 0.7535E-01 0.4911E+00 0.7964E+00 0.1974E-01 0.7705E+00 0.2097E+00 0.1253E+01 0.1225E+01 0.3311E-01 0.3265E-01 0.3767E-01 0.3888E+00 0.7240E-02 0.0000E+00
0.0000E+00 0.5477E+00 0.4548E+00 0.2477E+00 0.8208E-02 0.1954E+00 0.1299E+01 0.6720E-01 0.8088E-01 0.4950E+00 0.8007E+00 0.2585E-01 0.7742E+00 0.2158E+00 0.1256E+01 0.6067E-02 0.3904E-01 0.3897E-01 0.4338E-01 0.3934E+00 0.6265E-02 0.0000E+00
0.0000E+00 0.5525E+00 0.4589E+00 0.2528E+00 0.1674E-01 0.1501E+01 0.1302E+01 0.7293E-01 0.8691E-01 0.4996E+00 0.8046E+00 0.3186E-01 0.7779E+00 0.2208E+00 0.1261E+01 0.1226E-01 0.4476E-01 0.4537E-01 0.4917E-01 0.3978E+00 0.1249E-01 0.0000E+00
0.0000E+00 0.5568E+00 0.4636E+00 0.2801E+00 0.2259E-01 0.1511E+01 0.6244E-02 0.7849E-01 0.1403E+01 0.1313E+01 0.8082E+00 0.1042E+01 0.1007E+01 0.2256E+00 0.1337E+01 0.6857E-01 0.5063E-01 0.1083E+00 0.5611E-01 0.4211E+00 0.1876E-01 0.0000E+00
0.0000E+00 0.0000E+00 0.0000E+00 0.0000E+00 0.0000E+00 0.0000E+00 0.0000E+00 0.0000E+00 0.0000E+00 0.0000E+00 0.0000E+00 0.0000E+00 0.0000E+00 0.0000E+00 0.0000E+00 0.0000E+00 0.0000E+00 0.0000E+00 0.0000E+00 0.0000E+00 0.0000E+00 0.0000E+00
