p1_rainB_medsm_sedtr.asc
ncols     22
nrows     62
xllcorner      0.00000000
yllcorner      0.00000000
cellsize      0.50000000
nodata_value -9999
0.0000E+00 0.0000E+00 0.0000E+00 0.0000E+00 0.0000E+00 0.0000E+00 0.0000E+00 0.0000E+00 0.0000E+00 0.0000E+00 0.0000E+00 0.0000E+00 0.0000E+00 0.0000E+00 0.0000E+00 0.0000E+00 0.0000E+00 0.0000E+00 0.0000E+00 0.0000E+00 0.0000E+00 0.0000E+00
0.0000E+00 0.5548E-01 0.3578E-01 0.4840E-02 0.1393E-01 0.7452E-01 0.7934E-02 0.3558E-01 0.5733E-01 0.1909E-01 0.8072E-02 0.1711E-01 0.1117E-01 0.1011E-01 0.1184E-01 0.1227E-02 0.6433E-02 0.1091E-01 0.2930E-01 0.5521E-01 0.5535E-01 0.0000E+00
0.0000E+00 0.1195E+00 0.2554E-01 0.1701E-01 0.2880E-01 0.9126E-01 0.2275E-01 0.9083E-01 0.5130E-01 0.3754E-01 0.6752E-01 0.4942E-01 0.7947E-01 0.3817E-01 0.1137E-01 0.9652E-02 0.1525E-01 0.2922E-01 0.1015E+00 0.3107E-01 0.2631E-01 0.0000E+00
0.0000E+00 0.7442E-01 0.1242E+00 0.3245E-01 0.1142E+00 0.8941E-01 0.2326E-01 0.5428E-01 0.2933E-01 0.5231E-01 0.4170E-01 0.2721E-01 0.4183E-01 0.2629E-01 0.9673E-01 0.2875E-01 0.4735E-01 0.3072E-01 0.7510E-01 0.8268E-01 0.6518E-01 0.0000E+00
0.0000E+00 0.7964E-01 0.2117E+00 0.1346E+00 0.1555E+00 0.1924E+00 0.1053E+00 0.1040E+00 0.1099E+00 0.1008E+00 0.3660E-01 0.3404E-01 0.1249E+00 0.7342E-01 0.6896E-01 0.3943E-01 0.4640E-01 0.2746E-01 0.6133E-01 0.1153E+00 0.4703E-01 0.0000E+00
0.0000E+00 0.1154E+00 0.1781E+00 0.2165E+00 0.9690E-01 0.2008E+00 0.1861E+00 0.1529E+00 0.6643E-01 0.1190E+00 0.8870E-01 0.3378E-01 0.9780E-01 0.5908E-01 0.5247E-01 0.1199E+00 0.4245E-01 0.3252E-01 0.6532E-01 0.7466E-01 0.1440E+00 0.0000E+00
0.0000E+00 0.1548E+00 0.2662E+00 0.1844E+00 0.1997E+00 0.2396E+00 0.2479E+00 0.9273E-01 0.1391E+00 0.1057E+00 0.1144E+00 0.8170E-01 0.1310E+00 0.5299E-01 0.4731E-01 0.1467E+00 0.5474E-01 0.3481E-01 0.5327E-01 0.5607E-01 0.9042E-01 0.0000E+00
0.0000E+00 0.9535E-01 0.2133E+00 0.1898E+00 0.1236E+00 0.2138E+00 0.2289E+00 0.1026E+00 0.1148E+00 0.8242E-01 0.2155E+00 0.9433E-01 0.8489E-01 0.1522E+00 0.6059E-01 0.1865E+00 0.5702E-01 0.3456E-01 0.1079E+00 0.7635E-01 0.6165E-01 0.0000E+00
0.0000E+00 0.1321E+00 0.2162E+00 0.1265E+00 0.1766E+00 0.1768E+00 0.1465E+00 0.1645E+00 0.9560E-01 0.5949E-01 0.1279E+00 0.9530E-01 0.7058E-01 0.9109E-01 0.7253E-01 0.1733E+00 0.8492E-01 0.3475E-01 0.8786E-01 0.5994E-01 0.1291E+00 0.0000E+00
0.0000E+00 0.9962E-01 0.2095E+00 0.1276E+00 0.1702E+00 0.1363E+00 0.1671E+00 0.1258E+00 0.1577E+00 0.1028E+00 0.9447E-01 0.1145E+00 0.1272E+00 0.1219E+00 0.9094E-01 0.2000E+00 0.8540E-01 0.4538E-01 0.8514E-01 0.1197E+00 0.7533E-01 0.0000E+00
0.0000E+00 0.1040E+00 0.1656E+00 0.1003E+00 0.1825E+00 0.2092E+00 0.1252E+00 0.8694E-01 0.1626E+00 0.6543E-01 0.1571E+00 0.8369E-01 0.1450E+00 0.8026E-01 0.6479E-01 0.2103E+00 0.5434E-01 0.4942E-01 0.1593E+00 0.1311E+00 0.5076E-01 0.0000E+00
0.0000E+00 0.6778E-01 0.1493E+00 0.7744E-01 0.1163E+00 0.1248E+00 0.1452E+00 0.6742E-01 0.1413E+00 0.9645E-01 0.1489E+00 0.7694E-01 0.1015E+00 0.1478E+00 0.1107E+00 0.1684E+00 0.1081E+00 0.6615E-01 0.1089E+00 0.1214E+00 0.8977E-01 0.0000E+00
0.0000E+00 0.8712E-01 0.2259E+00 0.1366E+00 0.1820E+00 0.1444E+00 0.9622E-01 0.1699E+00 0.9163E-01 0.1488E+00 0.1830E+00 0.7176E-01 0.9846E-01 0.1532E+00 0.7235E-01 0.1147E+00 0.8363E-01 0.3411E-01 0.6788E-01 0.7768E-01 0.5224E-01 0.0000E+00
0.0000E+00 0.9118E-01 0.1311E+00 0.1064E+00 0.1629E+00 0.8884E-01 0.2078E+00 0.1973E+00 0.8277E-01 0.1120E+00 0.1206E+00 0.7323E-01 0.7951E-01 0.1471E+00 0.1036E+00 0.8985E-01 0.1176E+00 0.7993E-01 0.9028E-01 0.9225E-01 0.7257E-01 0.0000E+00
0.0000E+00 0.1371E+00 0.8284E-01 0.1837E+00 0.2090E+00 0.1301E+00 0.2345E+00 0.1194E+00 0.9910E-02 0.1255E-01 0.1718E+00 0.7437E-01 0.1102E+00 0.8963E-01 0.1301E+00 0.7050E-01 0.1484E+00 0.5780E-01 0.1417E+00 0.9215E-01 0.1380E+00 0.0000E+00
0.0000E+00 0.2227E+00 0.7974E-01 0.2011E+00 0.1943E+00 0.1338E+00 0.2011E+00 0.9798E-01 0.1471E+00 0.8335E-01 0.2364E+00 0.9637E-01 0.1055E+00 0.6049E-01 0.7936E-01 0.5467E-01 0.1217E+00 0.7330E-01 0.1432E+00 0.7731E-01 0.1466E+00 0.0000E+00
0.0000E+00 0.1399E+00 0.2213E+00 0.1426E+00 0.2525E+00 0.1246E+00 0.2510E+00 0.1311E+00 0.1917E+00 0.1658E+00 0.2710E+00 0.6326E-01 0.6788E-01 0.5353E-01 0.1748E+00 0.3958E-01 0.1133E+00 0.5069E-01 0.1303E+00 0.5311E-01 0.1591E+00 0.0000E+00
0.0000E+00 0.1864E+00 0.1686E+00 0.1337E+00 0.2384E+00 0.8080E-01 0.2274E+00 0.1017E+00 0.1700E+00 0.1770E+00 0.2588E+00 0.5564E-01 0.1148E+00 0.6187E-01 0.1146E+00 0.1667E+00 0.1184E+00 0.1002E+00 0.1569E+00 0.8515E-01 0.1864E+00 0.0000E+00
0.0000E+00 0.2624E+00 0.1801E+00 0.1125E+00 0.2923E+00 0.1836E+00 0.2152E+00 0.1812E+00 0.1088E+00 0.1399E+00 0.1856E+00 0.5822E-01 0.1122E+00 0.5919E-01 0.1183E+00 0.1148E+00 0.1311E+00 0.1329E+00 0.1958E+00 0.4962E-01 0.1254E+00 0.0000E+00
0.0000E+00 0.1877E+00 0.2222E+00 0.1106E+00 0.1932E+00 0.2028E+00 0.2476E+00 0.1375E+00 0.7136E-02 0.1849E+00 0.1790E+00 0.4758E-01 0.1520E+00 0.6859E-01 0.1002E+00 0.1123E+00 0.1883E+00 0.1964E+00 0.1641E+00 0.4236E-01 0.2358E+00 0.0000E+00
0.0000E+00 0.2167E+00 0.2197E+00 0.1213E+00 0.1243E+00 0.2484E+00 0.2429E+00 0.1584E+00 0.3802E-01 0.2011E+00 0.1862E+00 0.2294E-01 0.9367E-01 0.6534E-01 0.8226E-01 0.6008E-01 0.1090E+00 0.1288E+00 0.2182E+00 0.1116E+00 0.2347E+00 0.0000E+00
0.0000E+00 0.2108E+00 0.1648E+00 0.1482E+00 0.4945E-01 0.2946E+00 0.1696E+00 0.3376E-01 0.6850E-01 0.1411E+00 0.1436E+00 0.5775E-01 0.6713E-01 0.7259E-01 0.6508E-01 0.3214E-02 0.1158E+00 0.1592E+00 0.1830E+00 0.1553E+00 0.1978E+00 0.0000E+00
0.0000E+00 0.1367E+00 0.1341E+00 0.1483E+00 0.9892E-01 0.2549E+00 0.1563E-01 0.1682E-01 0.1358E+00 0.1570E+00 0.1435E+00 0.4749E-01 0.7391E-02 0.9907E-01 0.6123E-01 0.1115E+00 0.6028E-01 0.1910E+00 0.1863E+00 0.1015E+00 0.1651E+00 0.0000E+00
0.0000E+00 0.1601E+00 0.1455E+00 0.1616E+00 0.7633E-01 0.2401E+00 0.1835E-01 0.6937E-01 0.8443E-01 0.1504E+00 0.1295E+00 0.8320E-01 0.1938E-01 0.6054E-01 0.6914E-01 0.6022E-01 0.9186E-01 0.1624E+00 0.1397E+00 0.1557E+00 0.1731E+00 0.0000E+00
0.0000E+00 0.1535E+00 0.1831E+00 0.1309E+00 0.1503E-01 0.2442E+00 0.2216E-01 0.7374E-01 0.4810E-01 0.1066E+00 0.7546E-01 0.5285E-01 0.2784E-01 0.5110E-01 0.6063E-01 0.6159E-01 0.7630E-01 0.1086E+00 0.9075E-01 0.9929E-01 0.1951E-01 0.0000E+00
0.0000E+00 0.1146E+00 0.2183E+00 0.9073E-01 0.7866E-01 0.2645E+00 0.1372E+00 0.8317E-01 0.1142E-01 0.1000E+00 0.5704E-01 0.3727E-01 0.4990E-01 0.5975E-01 0.3840E-01 0.3925E-01 0.1125E+00 0.1014E+00 0.1381E+00 0.9775E-01 0.4254E-01 0.0000E+00
0.0000E+00 0.9415E-01 0.1669E+00 0.1104E+00 0.4034E-01 0.1977E+00 0.2449E+00 0.1265E+00 0.2835E-01 0.8724E-01 0.4552E-01 0.4151E-01 0.7653E-01 0.4812E-01 0.3240E-01 0.1119E+00 0.1346E+00 0.1432E+00 0.2047E+00 0.1358E+00 0.7180E-01 0.0000E+00
0.0000E+00 0.1394E+00 0.1130E+00 0.8462E-01 0.1346E-01 0.6324E-01 0.2643E+00 0.1722E+00 0.1653E+00 0.1135E+00 0.3560E-01 0.1128E+00 0.9725E-01 0.2934E-01 0.6439E-01 0.6070E-01 0.1267E+00 0.7025E-01 0.1776E+00 0.8837E-01 0.7022E-01 0.0000E+00
0.0000E+00 0.9141E-01 0.3914E-02 0.1100E+00 0.8510E-01 0.4111E-01 0.2304E+00 0.1503E-01 0.6161E-01 0.4372E-01 0.8085E-01 0.8506E-01 0.1346E+00 0.1056E+00 0.4703E-01 0.4817E-01 0.7952E-01 0.4941E-01 0.1668E+00 0.5125E-01 0.1090E+00 0.0000E+00
0.0000E+00 0.8436E-01 0.1654E-01 0.5765E-01 0.6813E-01 0.3725E-01 0.2766E+00 0.6248E-01 0.1006E+00 0.4124E-01 0.8938E-01 0.7891E-01 0.1541E+00 0.1695E+00 0.1564E+00 0.1923E+00 0.9250E-01 0.1193E+00 0.1610E+00 0.3262E-01 0.1725E+00 0.0000E+00
0.0000E+00 0.1949E+00 0.2168E-01 0.1364E+00 0.7947E-01 0.5229E-01 0.3203E+00 0.7424E-01 0.7395E-01 0.7644E-01 0.8476E-01 0.2010E+00 0.1851E+00 0.1757E+00 0.1364E+00 0.2047E+00 0.9614E-01 0.9031E-01 0.1566E+00 0.7836E-01 0.1308E+00 0.0000E+00
0.0000E+00 0.2434E+00 0.4003E-01 0.1489E+00 0.1222E+00 0.1424E+00 0.2993E+00 0.7520E-01 0.1602E+00 0.1046E+00 0.1298E+00 0.2038E+00 0.2183E+00 0.1798E+00 0.8128E-01 0.1464E+00 0.8570E-01 0.9486E-01 0.1587E+00 0.1299E+00 0.1326E+00 0.0000E+00
0.0000E+00 0.1648E+00 0.5151E-01 0.2327E+00 0.6995E-01 0.1101E+00 0.2388E+00 0.7163E-01 0.1731E+00 0.1051E+00 0.1343E+00 0.3214E+00 0.2553E+00 0.1835E+00 0.7068E-02 0.9558E-01 0.2282E-01 0.5059E-01 0.1378E+00 0.1170E+00 0.2472E-01 0.0000E+00
0.0000E+00 0.1426E+00 0.3092E-01 0.2482E+00 0.6289E-01 0.1137E+00 0.1825E+00 0.1018E+00 0.1637E+00 0.1263E+00 0.1340E+00 0.2405E+00 0.1149E-01 0.1639E-01 0.5442E-01 0.9964E-01 0.2260E-01 0.4468E-01 0.1269E+00 0.8308E-01 0.5923E-01 0.0000E+00
0.0000E+00 0.1900E+00 0.7893E-01 0.1560E+00 0.1416E+00 0.7875E-01 0.1692E+00 0.1498E+00 0.1478E+00 0.9125E-01 0.9685E-01 0.2523E+00 0.1131E+00 0.2854E-01 0.4313E-01 0.8106E-01 0.4103E-01 0.1374E+00 0.1212E+00 0.5788E-01 0.5978E-01 0.0000E+00
0.0000E+00 0.1926E+00 0.3971E-01 0.1271E+00 0.1443E+00 0.1146E+00 0.2671E+00 0.1217E+00 0.8449E-01 0.9552E-01 0.1568E+00 0.2528E+00 0.1436E+00 0.8416E-01 0.2931E-01 0.7425E-01 0.3101E-01 0.1379E+00 0.1019E+00 0.5018E-01 0.8750E-01 0.0000E+00
0.0000E+00 0.1496E+00 0.3665E-01 0.1627E+00 0.1376E+00 0.1084E+00 0.3039E+00 0.9041E-01 0.4362E-01 0.1287E+00 0.1765E+00 0.2598E+00 0.1598E+00 0.1421E+00 0.2783E-01 0.1341E+00 0.1035E-01 0.1982E+00 0.1167E+00 0.4321E-01 0.5377E-01 0.0000E+00
0.0000E+00 0.1031E+00 0.9183E-02 0.1389E+00 0.1019E+00 0.8081E-01 0.2942E+00 0.4536E-01 0.3178E-01 0.1919E-01 0.1269E+00 0.2347E+00 0.9384E-01 0.1275E+00 0.1129E+00 0.1087E+00 0.5703E-01 0.1144E+00 0.8663E-01 0.1397E+00 0.1734E+00 0.0000E+00
0.0000E+00 0.9584E-01 0.9807E-01 0.1183E+00 0.7711E-01 0.1694E+00 0.2992E+00 0.5902E-01 0.1453E+00 0.1247E+00 0.2021E+00 0.1918E+00 0.1461E+00 0.1032E+00 0.6292E-01 0.1222E+00 0.6078E-01 0.1508E+00 0.1118E+00 0.1638E+00 0.1849E+00 0.0000E+00
0.0000E+00 0.1159E+00 0.1072E+00 0.1505E+00 0.1542E+00 0.1465E+00 0.2878E+00 0.6685E-01 0.8204E-01 0.8127E-01 0.1189E+00 0.1936E+00 0.1850E+00 0.9985E-01 0.1211E+00 0.1189E+00 0.4437E-01 0.1082E+00 0.1395E+00 0.1388E+00 0.2270E+00 0.0000E+00
0.0000E+00 0.1234E+00 0.1246E+00 0.1053E+00 0.1143E-01 0.9295E-01 0.2462E+00 0.5545E-01 0.8718E-01 0.1494E+00 0.8499E-01 0.1737E+00 0.2372E+00 0.1486E+00 0.1213E+00 0.6941E-01 0.5921E-01 0.1183E+00 0.1325E+00 0.1989E+00 0.1537E+00 0.0000E+00
0.0000E+00 0.8726E-01 0.1807E+00 0.5573E-01 0.2589E-01 0.2156E+00 0.2599E+00 0.6629E-01 0.6857E-01 0.9178E-01 0.7104E-01 0.1406E+00 0.2065E+00 0.9397E-02 0.6445E-01 0.1507E-01 0.1011E-01 0.1663E+00 0.1435E+00 0.1365E+00 0.1670E+00 0.0000E+00
0.0000E+00 0.7485E-01 0.1417E+00 0.3799E-01 0.5925E-01 0.1619E+00 0.2506E+00 0.5173E-01 0.4545E-01 0.7528E-01 0.5116E-01 0.1411E+00 0.1894E+00 0.2418E-01 0.1150E+00 0.1533E+00 0.1137E+00 0.2744E+00 0.1245E+00 0.1776E+00 0.2005E+00 0.0000E+00
0.0000E+00 0.1111E+00 0.1169E+00 0.1386E+00 0.4522E-01 0.1135E+00 0.2248E+00 0.1426E+00 0.4527E-01 0.1865E+00 0.1268E+00 0.2081E+00 0.2484E+00 0.9292E-01 0.6359E-01 0.8511E-01 0.1686E+00 0.2735E+00 0.1901E+00 0.1391E+00 0.1400E+00 0.0000E+00
0.0000E+00 0.7171E-01 0.1851E+00 0.1104E+00 0.1620E+00 0.1301E+00 0.1727E+00 0.9619E-01 0.3115E-01 0.1863E+00 0.1279E+00 0.2389E+00 0.2361E+00 0.1275E+00 0.1138E+00 0.6073E-01 0.1595E+00 0.1724E+00 0.1681E+00 0.2172E+00 0.1561E+00 0.0000E+00
0.0000E+00 0.1225E+00 0.2114E+00 0.1176E+00 0.1708E+00 0.1450E+00 0.2685E+00 0.6921E-01 0.2888E-01 0.1434E+00 0.1453E+00 0.1974E+00 0.1887E+00 0.1530E+00 0.1228E+00 0.1071E+00 0.9822E-01 0.2033E+00 0.1706E+00 0.1759E+00 0.2814E-01 0.0000E+00
0.0000E+00 0.1729E+00 0.2489E+00 0.1465E+00 0.1656E+00 0.1979E+00 0.2922E+00 0.5558E-01 0.3948E-01 0.1058E+00 0.1620E+00 0.8755E-01 0.1769E+00 0.2194E+00 0.1093E+00 0.1014E+00 0.1277E+00 0.1265E+00 0.1192E+00 0.1699E+00 0.1036E+00 0.0000E+00
0.0000E+00 0.1800E+00 0.2711E+00 0.1781E+00 0.2130E+00 0.1722E+00 0.2415E+00 0.5677E-01 0.3450E-01 0.1071E+00 0.1227E+00 0.1467E-01 0.1601E+00 0.2869E+00 0.7624E-01 0.1221E-01 0.7933E-01 0.2301E+00 0.1116E+00 0.1267E+00 0.1265E-01 0.0000E+00
0.0000E+00 0.1234E+00 0.2095E+00 0.1598E+00 0.1982E+00 0.1590E+00 0.2188E+00 0.4437E-01 0.7200E-01 0.9686E-01 0.1303E+00 0.1127E+00 0.1898E+00 0.2923E+00 0.7568E-01 0.1201E+00 0.4794E-01 0.2195E+00 0.6015E-01 0.1655E+00 0.9808E-01 0.0000E+00
0.0000E+00 0.7799E-01 0.2138E+00 0.1388E+00 0.2298E+00 0.1850E+00 0.2226E+00 0.6541E-01 0.1243E+00 0.1392E+00 0.1479E+00 0.6666E-01 0.1485E+00 0.1954E+00 0.1763E+00 0.7127E-01 0.1324E+00 0.1994E+00 0.1486E+00 0.1522E+00 0.1192E+00 0.0000E+00
0.0000E+00 0.1006E+00 0.1984E+00 0.1344E+00 0.2180E+00 0.1208E+00 0.3089E+00 0.4581E-01 0.8375E-01 0.1383E+00 0.1421E+00 0.4001E-01 0.1904E+00 0.2446E+00 0.2034E+00 0.5366E-01 0.1447E+00 0.2134E+00 0.1272E+00 0.2015E+00 0.1240E+00 0.0000E+00
0.0000E+00 0.1991E+00 0.2194E+00 0.1888E+00 0.2711E+00 0.1965E+00 0.2753E+00 0.7721E-01 0.1432E+00 0.1294E+00 0.1760E+00 0.1276E+00 0.2715E+00 0.1637E+00 0.2282E+00 0.1770E+00 0.1274E+00 0.1665E+00 0.7329E-01 0.1533E+00 0.1229E-01 0.0000E+00
0.0000E+00 0.1454E+00 0.1725E+00 0.1855E+00 0.2853E+00 0.1981E+00 0.3001E+00 0.1592E+00 0.1087E+00 0.8559E-01 0.1686E+00 0.1218E+00 0.2405E+00 0.1704E+00 0.1931E+00 0.2744E+00 0.2166E+00 0.1622E+00 0.5556E-01 0.1249E+00 0.8928E-01 0.0000E+00
0.0000E+00 0.1127E+00 0.1307E+00 0.1217E+00 0.3054E+00 0.1195E+00 0.2353E+00 0.1430E+00 0.1771E+00 0.2064E+00 0.2562E+00 0.1806E+00 0.2664E+00 0.2571E+00 0.1265E+00 0.2633E+00 0.4927E-01 0.1344E+00 0.8777E-01 0.1691E+00 0.5145E-01 0.0000E+00
0.0000E+00 0.1553E+00 0.1130E+00 0.1314E+00 0.2809E+00 0.1742E+00 0.2607E+00 0.2263E+00 0.1808E+00 0.2385E+00 0.2694E+00 0.1261E+00 0.2465E+00 0.2394E+00 0.5009E-01 0.2481E+00 0.7082E-01 0.1225E+00 0.4027E-01 0.1241E+00 0.1171E+00 0.0000E+00
0.0000E+00 0.1236E+00 0.1162E+00 0.1927E+00 0.1958E+00 0.2588E+00 0.2823E+00 0.1155E+00 0.1823E+00 0.2622E+00 0.2390E+00 0.6982E-02 0.2776E+00 0.2048E+00 0.7761E-01 0.2250E+00 0.1535E+00 0.7399E-01 0.1337E+00 0.1001E+00 0.1179E+00 0.0000E+00
0.0000E+00 0.1198E+00 0.1802E+00 0.1341E+00 0.1476E+00 0.2732E+00 0.3171E+00 0.1179E+00 0.1249E+00 0.2868E+00 0.1952E+00 0.1114E+00 0.2301E+00 0.1547E+00 0.6861E-01 0.2286E+00 0.9264E-01 0.5813E-01 0.1055E+00 0.1496E+00 0.1078E+00 0.0000E+00
0.0000E+00 0.1431E+00 0.2591E+00 0.2874E+00 0.2635E+00 0.2209E+00 0.3999E+00 0.1040E+00 0.1220E+00 0.2823E+00 0.1521E+00 0.7328E-01 0.2343E+00 0.2069E+00 0.2760E+00 0.2614E+00 0.6645E-01 0.4911E-01 0.9471E-01 0.1201E+00 0.6809E-01 0.0000E+00
0.0000E+00 0.9747E-01 0.2304E+00 0.1898E+00 0.1085E+00 0.1650E+00 0.3207E+00 0.1669E+00 0.1008E+00 0.2231E+00 0.1765E+00 0.1293E+00 0.1881E+00 0.2157E+00 0.2315E+00 0.1089E-01 0.9653E-01 0.5873E-01 0.6436E-01 0.1505E+00 0.2151E-01 0.0000E+00
0.0000E+00 0.1212E+00 0.1792E+00 0.1866E+00 0.1770E+00 0.3832E+00 0.3207E+00 0.1480E+00 0.1966E+00 0.2330E+00 0.2332E+00 0.1860E+00 0.2654E+00 0.1532E+00 0.2550E+00 0.8703E-01 0.6051E-01 0.6316E-01 0.5613E-01 0.1077E+00 0.1042E+00 0.0000E+00
0.0000E+00 0.8344E-01 0.1496E+00 0.1870E+00 0.1089E+00 0.3280E+00 0.2987E-01 0.1336E+00 0.4039E+00 0.3966E+00 0.2318E+00 0.3287E+00 0.2875E+00 0.1362E+00 0.3126E+00 0.1828E+00 0.1173E+00 0.1215E+00 0.8849E-01 0.1491E+00 0.1233E+00 0.0000E+00
0.0000E+00 0.0000E+00 0.0000E+00 0.0000E+00 0.0000E+00 0.0000E+00 0.0000E+00 0.0000E+00 0.0000E+00 0.0000E+00 0.0000E+00 0.0000E+00 0.0000E+00 0.0000E+00 0.0000E+00 0.0000E+00 0.0000E+00 0.0000E+00 0.0000E+00 0.0000E+00 0.0000E+00 0.0000E+00
