p1_rainA_lowsm_dschg.asc
ncols     22
nrows     62
xllcorner      0.00000000
yllcorner      0.00000000
cellsize      0.50000000
nodata_value -9999
0.0000E+00 0.0000E+00 0.0000E+00 0.0000E+00 0.0000E+00 0.0000E+00 0.0000E+00 0.0000E+00 0.0000E+00 0.0000E+00 0.0000E+00 0.0000E+00 0.0000E+00 0.0000E+00 0.0000E+00 0.0000E+00 0.0000E+00 0.0000E+00 0.0000E+00 0.0000E+00 0.0000E+00 0.0000E+00
0.0000E+00 0.6832E-02 0.5978E-02 0.5330E-02 0.5027E-02 0.5409E-02 0.5187E-02 0.1031E-01 0.6139E-02 0.5369E-02 0.5315E-02 0.5332E-02 0.5078E-02 0.5260E-02 0.5040E-02 0.5583E-02 0.4611E-02 0.5165E-02 0.4755E-02 0.6609E-02 0.8394E-02 0.0000E+00
0.0000E+00 0.1403E-01 0.1125E-01 0.1047E-01 0.1030E-01 0.1120E-01 0.5409E-02 0.1615E-01 0.1171E-01 0.1080E-01 0.1165E-01 0.1099E-01 0.1217E-01 0.1108E-01 0.9972E-02 0.1097E-01 0.1011E-01 0.1096E-01 0.1215E-01 0.1190E-01 0.1282E-01 0.0000E+00
0.0000E+00 0.1936E-01 0.1934E-01 0.1536E-01 0.1634E-01 0.1685E-01 0.9849E-02 0.2148E-01 0.1654E-01 0.1593E-01 0.1623E-01 0.1523E-01 0.1699E-01 0.1588E-01 0.1588E-01 0.1645E-01 0.1495E-01 0.1602E-01 0.1799E-01 0.1875E-01 0.1883E-01 0.0000E+00
0.0000E+00 0.2498E-01 0.2483E-01 0.2147E-01 0.2165E-01 0.2286E-01 0.1525E-01 0.2638E-01 0.2205E-01 0.2164E-01 0.2179E-01 0.1980E-01 0.2227E-01 0.2203E-01 0.2047E-01 0.2152E-01 0.2040E-01 0.2145E-01 0.2522E-01 0.2619E-01 0.2262E-01 0.0000E+00
0.0000E+00 0.3000E-01 0.3017E-01 0.2696E-01 0.2715E-01 0.2796E-01 0.2063E-01 0.3198E-01 0.2700E-01 0.2694E-01 0.2725E-01 0.2536E-01 0.2581E-01 0.2751E-01 0.2576E-01 0.2843E-01 0.2574E-01 0.2571E-01 0.2926E-01 0.3138E-01 0.2832E-01 0.0000E+00
0.0000E+00 0.3552E-01 0.3596E-01 0.3215E-01 0.3261E-01 0.3362E-01 0.2634E-01 0.3627E-01 0.3241E-01 0.3209E-01 0.3302E-01 0.3082E-01 0.3139E-01 0.3189E-01 0.3086E-01 0.3488E-01 0.3237E-01 0.3095E-01 0.3446E-01 0.3580E-01 0.3329E-01 0.0000E+00
0.0000E+00 0.4063E-01 0.4091E-01 0.3798E-01 0.3755E-01 0.3982E-01 0.3201E-01 0.4166E-01 0.3717E-01 0.3723E-01 0.3824E-01 0.3579E-01 0.3648E-01 0.3673E-01 0.3612E-01 0.4034E-01 0.3816E-01 0.3456E-01 0.4188E-01 0.4130E-01 0.3826E-01 0.0000E+00
0.0000E+00 0.4649E-01 0.4816E-01 0.4337E-01 0.4458E-01 0.4604E-01 0.3784E-01 0.4706E-01 0.4246E-01 0.4195E-01 0.4284E-01 0.4076E-01 0.4162E-01 0.4224E-01 0.4188E-01 0.4513E-01 0.4363E-01 0.4055E-01 0.4793E-01 0.4604E-01 0.4430E-01 0.0000E+00
0.0000E+00 0.5127E-01 0.5278E-01 0.4850E-01 0.5009E-01 0.5066E-01 0.4327E-01 0.5246E-01 0.4750E-01 0.4708E-01 0.4784E-01 0.4494E-01 0.4654E-01 0.4734E-01 0.4705E-01 0.5044E-01 0.4868E-01 0.4655E-01 0.5386E-01 0.5178E-01 0.4860E-01 0.0000E+00
0.0000E+00 0.5762E-01 0.5798E-01 0.5267E-01 0.5647E-01 0.5623E-01 0.4835E-01 0.5657E-01 0.5294E-01 0.5191E-01 0.5332E-01 0.5048E-01 0.5206E-01 0.5261E-01 0.5247E-01 0.5658E-01 0.5357E-01 0.5104E-01 0.6007E-01 0.5769E-01 0.5338E-01 0.0000E+00
0.0000E+00 0.6162E-01 0.6325E-01 0.5715E-01 0.6158E-01 0.6094E-01 0.5282E-01 0.6060E-01 0.5853E-01 0.5703E-01 0.5802E-01 0.5574E-01 0.5713E-01 0.5828E-01 0.5763E-01 0.6284E-01 0.5918E-01 0.5663E-01 0.6511E-01 0.6352E-01 0.5850E-01 0.0000E+00
0.0000E+00 0.6632E-01 0.7197E-01 0.6405E-01 0.6714E-01 0.6620E-01 0.5722E-01 0.6521E-01 0.6341E-01 0.6390E-01 0.6404E-01 0.6082E-01 0.6263E-01 0.6429E-01 0.6227E-01 0.6759E-01 0.6434E-01 0.6170E-01 0.6998E-01 0.6837E-01 0.6293E-01 0.0000E+00
0.0000E+00 0.7185E-01 0.7691E-01 0.6935E-01 0.7291E-01 0.7062E-01 0.6238E-01 0.1397E+00 0.6926E-01 0.6841E-01 0.1369E+00 0.6598E-01 0.6707E-01 0.6960E-01 0.6740E-01 0.7263E-01 0.6971E-01 0.6695E-01 0.7582E-01 0.7291E-01 0.6810E-01 0.0000E+00
0.0000E+00 0.7785E-01 0.8075E-01 0.7517E-01 0.8058E-01 0.7798E-01 0.6816E-01 0.1437E+00 0.5559E-02 0.5125E-02 0.1411E+00 0.7104E-01 0.7246E-01 0.7467E-01 0.7244E-01 0.7641E-01 0.7457E-01 0.7157E-01 0.8158E-01 0.7831E-01 0.7346E-01 0.0000E+00
0.0000E+00 0.8254E-01 0.8571E-01 0.8086E-01 0.8550E-01 0.8291E-01 0.7346E-01 0.1481E+00 0.1162E-01 0.1094E-01 0.1458E+00 0.7592E-01 0.7827E-01 0.7971E-01 0.7661E-01 0.8114E-01 0.7916E-01 0.7681E-01 0.8705E-01 0.8322E-01 0.7871E-01 0.0000E+00
0.0000E+00 0.8728E-01 0.9230E-01 0.8531E-01 0.9111E-01 0.8823E-01 0.7983E-01 0.1525E+00 0.1804E-01 0.1752E-01 0.1520E+00 0.8068E-01 0.8273E-01 0.8364E-01 0.8188E-01 0.8518E-01 0.8498E-01 0.8134E-01 0.9184E-01 0.8773E-01 0.8395E-01 0.0000E+00
0.0000E+00 0.9409E-01 0.9838E-01 0.9244E-01 0.9931E-01 0.9372E-01 0.8596E-01 0.1571E+00 0.2555E-01 0.2379E-01 0.1605E+00 0.8448E-01 0.8878E-01 0.8843E-01 0.8656E-01 0.9049E-01 0.9100E-01 0.8741E-01 0.9636E-01 0.9210E-01 0.8917E-01 0.0000E+00
0.0000E+00 0.1010E+00 0.1029E+00 0.9705E-01 0.1082E+00 0.9920E-01 0.9241E-01 0.1936E+00 0.3018E-01 0.3052E-01 0.1643E+00 0.8901E-01 0.9318E-01 0.9246E-01 0.9151E-01 0.9479E-01 0.9779E-01 0.9544E-01 0.1033E+00 0.9575E-01 0.9297E-01 0.0000E+00
0.0000E+00 0.1066E+00 0.1086E+00 0.1022E+00 0.1152E+00 0.1066E+00 0.9792E-01 0.2008E+00 0.5746E-02 0.3815E-01 0.1712E+00 0.9385E-01 0.9909E-01 0.9880E-01 0.9893E-01 0.9980E-01 0.1069E+00 0.1044E+00 0.1077E+00 0.1009E+00 0.9870E-01 0.0000E+00
0.0000E+00 0.1129E+00 0.1135E+00 0.1074E+00 0.1195E+00 0.2338E+00 0.3111E+00 0.2070E+00 0.1207E-01 0.4564E-01 0.1780E+00 0.9796E-01 0.1039E+00 0.1040E+00 0.2103E+00 0.1067E+00 0.1106E+00 0.1086E+00 0.1125E+00 0.1072E+00 0.1064E+00 0.0000E+00
0.0000E+00 0.1182E+00 0.1179E+00 0.1124E+00 0.6041E-02 0.5600E+00 0.3215E+00 0.5951E-02 0.1723E-01 0.5144E-01 0.1836E+00 0.2123E+00 0.1096E+00 0.1085E+00 0.2144E+00 0.4529E-02 0.1212E+00 0.2331E+00 0.1194E+00 0.1131E+00 0.1134E+00 0.0000E+00
0.0000E+00 0.1221E+00 0.1223E+00 0.1173E+00 0.1227E-01 0.5668E+00 0.5477E-02 0.5035E-02 0.2289E-01 0.5659E-01 0.1886E+00 0.2165E+00 0.4838E-02 0.1148E+00 0.2187E+00 0.6585E-02 0.6494E-02 0.2393E+00 0.1263E+00 0.1175E+00 0.1194E+00 0.0000E+00
0.0000E+00 0.1280E+00 0.1280E+00 0.1410E+00 0.1779E-01 0.5706E+00 0.1120E-01 0.1096E-01 0.2817E-01 0.6164E-01 0.1927E+00 0.2213E+00 0.8646E-02 0.1190E+00 0.2226E+00 0.1107E-01 0.1214E-01 0.2442E+00 0.1324E+00 0.2490E+00 0.1246E+00 0.0000E+00
0.0000E+00 0.1346E+00 0.1347E+00 0.1474E+00 0.5169E-02 0.5741E+00 0.1515E-01 0.4949E-01 0.3347E-01 0.6633E-01 0.1971E+00 0.2254E+00 0.1339E-01 0.1235E+00 0.2268E+00 0.1682E-01 0.1787E-01 0.2500E+00 0.1367E+00 0.2548E+00 0.5807E-02 0.0000E+00
0.0000E+00 0.1391E+00 0.1402E+00 0.1511E+00 0.1145E-01 0.5792E+00 0.2066E-01 0.5383E-01 0.5069E-02 0.7100E-01 0.2010E+00 0.2302E+00 0.1896E-01 0.1286E+00 0.2305E+00 0.2119E-01 0.2387E-01 0.2543E+00 0.1419E+00 0.2596E+00 0.1148E-01 0.0000E+00
0.0000E+00 0.1436E+00 0.1466E+00 0.1577E+00 0.1484E-01 0.6002E+00 0.6249E+00 0.5875E-01 0.1041E-01 0.7606E-01 0.2047E+00 0.2336E+00 0.2401E-01 0.1342E+00 0.2339E+00 0.2759E-01 0.2950E-01 0.2586E+00 0.1476E+00 0.2647E+00 0.1717E-01 0.0000E+00
0.0000E+00 0.3001E+00 0.1508E+00 0.1625E+00 0.5395E-02 0.7913E-02 0.7954E+00 0.1602E+00 0.9671E-01 0.8109E-01 0.2079E+00 0.2392E+00 0.2993E-01 0.1384E+00 0.2376E+00 0.3251E-01 0.3477E-01 0.2623E+00 0.6819E+00 0.2685E+00 0.2248E-01 0.0000E+00
0.0000E+00 0.3133E+00 0.5568E-02 0.1698E+00 0.1201E-01 0.7034E-02 0.8042E+00 0.5499E-02 0.6005E-02 0.5579E-02 0.2128E+00 0.2442E+00 0.3860E-01 0.1441E+00 0.2421E+00 0.3782E-01 0.3979E-01 0.5850E-02 0.6855E+00 0.6307E-02 0.2838E-01 0.0000E+00
0.0000E+00 0.3171E+00 0.5038E-02 0.1740E+00 0.1796E-01 0.1268E-01 0.8107E+00 0.5537E-02 0.1175E-01 0.1094E-01 0.2171E+00 0.2487E+00 0.4551E-01 0.1501E+00 0.2475E+00 0.4612E-01 0.4577E-01 0.1100E-01 0.6894E+00 0.1161E-01 0.3396E-01 0.0000E+00
0.0000E+00 0.3225E+00 0.1043E-01 0.1784E+00 0.2256E-01 0.1844E-01 0.8166E+00 0.1122E-01 0.1704E-01 0.1784E-01 0.2217E+00 0.2531E+00 0.5047E-01 0.1549E+00 0.2527E+00 0.5466E-01 0.5247E-01 0.1652E-01 0.6928E+00 0.1729E-01 0.3963E-01 0.0000E+00
0.0000E+00 0.3266E+00 0.1572E-01 0.1834E+00 0.2951E-01 0.2673E-01 0.8230E+00 0.1673E-01 0.2401E-01 0.2438E-01 0.2269E+00 0.2588E+00 0.5585E-01 0.1608E+00 0.2567E+00 0.3154E+00 0.5928E-01 0.2271E-01 0.6965E+00 0.6727E-01 0.4472E-01 0.0000E+00
0.0000E+00 0.3301E+00 0.2074E-01 0.1887E+00 0.3447E-01 0.3267E-01 0.8262E+00 0.2221E-01 0.3060E-01 0.2958E-01 0.2327E+00 0.4939E+00 0.2301E+00 0.1704E+00 0.4425E-02 0.3204E+00 0.6656E-01 0.2816E-01 0.7008E+00 0.7203E-01 0.5825E-02 0.0000E+00
0.0000E+00 0.3344E+00 0.2582E-01 0.1942E+00 0.3982E-01 0.3825E-01 0.8294E+00 0.2846E-01 0.3865E-01 0.3636E-01 0.2382E+00 0.4975E+00 0.4519E-02 0.5519E-02 0.5714E-02 0.3247E+00 0.7098E-01 0.3270E-01 0.7044E+00 0.7722E-01 0.1296E-01 0.0000E+00
0.0000E+00 0.3395E+00 0.3122E-01 0.1973E+00 0.4744E-01 0.4371E-01 0.8315E+00 0.3464E-01 0.4572E-01 0.4194E-01 0.2426E+00 0.5016E+00 0.1116E-01 0.1115E-01 0.1073E-01 0.3282E+00 0.7535E-01 0.3851E-01 0.7083E+00 0.8031E-01 0.1904E-01 0.0000E+00
0.0000E+00 0.3444E+00 0.3588E-01 0.2015E+00 0.5453E-01 0.4887E-01 0.8359E+00 0.9120E-01 0.5175E-01 0.4812E-01 0.2473E+00 0.5056E+00 0.1796E-01 0.1771E-01 0.1624E-01 0.4111E+00 0.7901E-01 0.4405E-01 0.7121E+00 0.8528E-01 0.2464E-01 0.0000E+00
0.0000E+00 0.3885E+00 0.4093E-01 0.2061E+00 0.6063E-01 0.5410E-01 0.9371E+00 0.9601E-01 0.6266E-02 0.5475E-01 0.3059E+00 0.5107E+00 0.2556E-01 0.2506E-01 0.1958E-01 0.4165E+00 0.4816E-02 0.4915E-01 0.7157E+00 0.8956E-01 0.2945E-01 0.0000E+00
0.0000E+00 0.3964E+00 0.4671E-02 0.2099E+00 0.6558E-01 0.5938E-01 0.9418E+00 0.5289E-02 0.1120E-01 0.6043E-02 0.3101E+00 0.5158E+00 0.3048E-01 0.3178E-01 0.2627E-01 0.4201E+00 0.1022E-01 0.5342E-01 0.7187E+00 0.9646E-01 0.3587E-01 0.0000E+00
0.0000E+00 0.4002E+00 0.5992E-02 0.2142E+00 0.7025E-01 0.6624E-01 0.9478E+00 0.1109E-01 0.1741E-01 0.1190E-01 0.3149E+00 0.5206E+00 0.3629E-01 0.3738E-01 0.3040E-01 0.4240E+00 0.1570E-01 0.5848E-01 0.7219E+00 0.1024E+00 0.4273E-01 0.0000E+00
0.0000E+00 0.4048E+00 0.1188E-01 0.2949E+00 0.7706E-01 0.7259E-01 0.9546E+00 0.1739E-01 0.2240E-01 0.1683E-01 0.3186E+00 0.5257E+00 0.4233E-01 0.4217E-01 0.3608E-01 0.4316E+00 0.2099E-01 0.6361E-01 0.7264E+00 0.1069E+00 0.4982E-01 0.0000E+00
0.0000E+00 0.4093E+00 0.3150E+00 0.2990E+00 0.5464E-02 0.7677E-01 0.9586E+00 0.2197E-01 0.2777E-01 0.3438E+00 0.3219E+00 0.5310E+00 0.6028E+00 0.5547E+00 0.5086E+00 0.4680E+00 0.2908E-01 0.7081E-01 0.7314E+00 0.1133E+00 0.5534E-01 0.0000E+00
0.0000E+00 0.4127E+00 0.3217E+00 0.6112E-02 0.1096E-01 0.8267E-01 0.9936E+00 0.2713E-01 0.3309E-01 0.3490E+00 0.7059E-02 0.5338E+00 0.6081E+00 0.5283E-02 0.6595E-02 0.4985E-02 0.4661E-02 0.7818E-01 0.7365E+00 0.1174E+00 0.6106E-01 0.0000E+00
0.0000E+00 0.4167E+00 0.3260E+00 0.1176E-01 0.1764E-01 0.8859E-01 0.9981E+00 0.5198E-02 0.3864E-01 0.3514E+00 0.1279E-01 0.5378E+00 0.6115E+00 0.9996E-02 0.1198E-01 0.1116E-01 0.1111E-01 0.8550E-01 0.7406E+00 0.1228E+00 0.6676E-01 0.0000E+00
0.0000E+00 0.4217E+00 0.3292E+00 0.2004E-01 0.2266E-01 0.9304E-01 0.1001E+01 0.1199E-01 0.4259E-01 0.3560E+00 0.1997E-01 0.5437E+00 0.6193E+00 0.1870E-01 0.1647E-01 0.1614E-01 0.1751E-01 0.9283E-01 0.7460E+00 0.1277E+00 0.7152E-01 0.0000E+00
0.0000E+00 0.4247E+00 0.3337E+00 0.2625E-01 0.3123E-01 0.9885E-01 0.1006E+01 0.1735E-01 0.4643E-01 0.3607E+00 0.2633E-01 0.5518E+00 0.6256E+00 0.2665E-01 0.2265E-01 0.2152E-01 0.2330E-01 0.9737E-01 0.7502E+00 0.2091E+00 0.7680E-01 0.0000E+00
0.0000E+00 0.4296E+00 0.3386E+00 0.3174E-01 0.3869E-01 0.1041E+00 0.1009E+01 0.7341E-01 0.5100E-01 0.3642E+00 0.3166E-01 0.5602E+00 0.6285E+00 0.3394E-01 0.2874E-01 0.2773E-01 0.2877E-01 0.1035E+00 0.7544E+00 0.2191E+00 0.5264E-02 0.0000E+00
0.0000E+00 0.4351E+00 0.3437E+00 0.3698E-01 0.4418E-01 0.1095E+00 0.1090E+01 0.7807E-01 0.5435E-02 0.3681E+00 0.6033E+00 0.5668E+00 0.6314E+00 0.4155E-01 0.3487E-01 0.3421E-01 0.6929E-01 0.1082E+00 0.7575E+00 0.2308E+00 0.6892E-02 0.0000E+00
0.0000E+00 0.4390E+00 0.3498E+00 0.4507E-01 0.5151E-01 0.1145E+00 0.1098E+01 0.5617E-02 0.9829E-02 0.3722E+00 0.6061E+00 0.5577E-02 0.6342E+00 0.4761E-01 0.3931E-01 0.5576E-02 0.7582E-01 0.9502E+00 0.7609E+00 0.2353E+00 0.5283E-02 0.0000E+00
0.0000E+00 0.4436E+00 0.3546E+00 0.5245E-01 0.5768E-01 0.1198E+00 0.1103E+01 0.5265E-02 0.1554E-01 0.3763E+00 0.6105E+00 0.1172E-01 0.6378E+00 0.5583E-01 0.4447E-01 0.1270E-01 0.5741E-02 0.9540E+00 0.5836E-02 0.2397E+00 0.1153E-01 0.0000E+00
0.0000E+00 0.4471E+00 0.3605E+00 0.5784E-01 0.6543E-01 0.1282E+00 0.1110E+01 0.1094E-01 0.2282E-01 0.3822E+00 0.6346E+00 0.1736E-01 0.6405E+00 0.6031E-01 0.5250E-01 0.1732E-01 0.1226E-01 0.9569E+00 0.1418E-01 0.2440E+00 0.1796E-01 0.0000E+00
0.0000E+00 0.4509E+00 0.3650E+00 0.6406E-01 0.7093E-01 0.1324E+00 0.1114E+01 0.1640E-01 0.2756E-01 0.3866E+00 0.6389E+00 0.5449E-02 0.6458E+00 0.6861E-01 0.6108E-01 0.2225E-01 0.1849E-01 0.9630E+00 0.2075E-01 0.2738E+00 0.2434E-01 0.0000E+00
0.0000E+00 0.4588E+00 0.3743E+00 0.7323E-01 0.8023E-01 0.1428E+00 0.1120E+01 0.2221E-01 0.3435E-01 0.3917E+00 0.6434E+00 0.1093E-01 0.6501E+00 0.7256E-01 0.6871E-01 0.3168E-01 0.2509E-01 0.9913E+00 0.2647E-01 0.2792E+00 0.4962E-02 0.0000E+00
0.0000E+00 0.4630E+00 0.3783E+00 0.8093E-01 0.8939E-01 0.1510E+00 0.1122E+01 0.2796E-01 0.4014E-01 0.3951E+00 0.6472E+00 0.1603E-01 0.6534E+00 0.7748E-01 0.7655E-01 0.1064E+01 0.1025E+01 0.9957E+00 0.5799E-02 0.2837E+00 0.1249E-01 0.0000E+00
0.0000E+00 0.4653E+00 0.3809E+00 0.8422E-01 0.9736E-01 0.1550E+00 0.1124E+01 0.3383E-01 0.4564E-01 0.4020E+00 0.6536E+00 0.2334E-01 0.6590E+00 0.1672E+00 0.8027E-01 0.1073E+01 0.6633E-02 0.7235E-02 0.1164E-01 0.2881E+00 0.1737E-01 0.0000E+00
0.0000E+00 0.4715E+00 0.3844E+00 0.8862E-01 0.1027E+00 0.1597E+00 0.1129E+01 0.4010E-01 0.5072E-01 0.4100E+00 0.6917E+00 0.3066E-01 0.6636E+00 0.1731E+00 0.7310E-02 0.1080E+01 0.1309E-01 0.1388E-01 0.1648E-01 0.2922E+00 0.2355E-01 0.0000E+00
0.0000E+00 0.4759E+00 0.3885E+00 0.9358E-01 0.1061E+00 0.1643E+00 0.1134E+01 0.4521E-01 0.5720E-01 0.4203E+00 0.6971E+00 0.4642E-02 0.6699E+00 0.1777E+00 0.1286E-01 0.1083E+01 0.1940E-01 0.1909E-01 0.2274E-01 0.2959E+00 0.3008E-01 0.0000E+00
0.0000E+00 0.4802E+00 0.3928E+00 0.9731E-01 0.1107E+00 0.1691E+00 0.1137E+01 0.5020E-01 0.6168E-01 0.4301E+00 0.6997E+00 0.1128E-01 0.6756E+00 0.1815E+00 0.1856E-01 0.1087E+01 0.2458E-01 0.2224E-01 0.2822E-01 0.3368E+00 0.3573E-01 0.0000E+00
0.0000E+00 0.4848E+00 0.3982E+00 0.2216E+00 0.1188E+00 0.1735E+00 0.1140E+01 0.5549E-01 0.6643E-01 0.4383E+00 0.7029E+00 0.1633E-01 0.6812E+00 0.1883E+00 0.1116E+01 0.1092E+01 0.3003E-01 0.2620E-01 0.3371E-01 0.3476E+00 0.6466E-02 0.0000E+00
0.0000E+00 0.4883E+00 0.4038E+00 0.2263E+00 0.7469E-02 0.1781E+00 0.1144E+01 0.6079E-01 0.7173E-01 0.4414E+00 0.7075E+00 0.2180E-01 0.6842E+00 0.1940E+00 0.1118E+01 0.5569E-02 0.3514E-01 0.3113E-01 0.3858E-01 0.3519E+00 0.5827E-02 0.0000E+00
0.0000E+00 0.4926E+00 0.4080E+00 0.2308E+00 0.1548E-01 0.1329E+01 0.1147E+01 0.6559E-01 0.7712E-01 0.4450E+00 0.7116E+00 0.2740E-01 0.6879E+00 0.1977E+00 0.1123E+01 0.1130E-01 0.3997E-01 0.3716E-01 0.4381E-01 0.3559E+00 0.1135E-01 0.0000E+00
0.0000E+00 0.4966E+00 0.4128E+00 0.2546E+00 0.2085E-01 0.1338E+01 0.5538E-02 0.6981E-01 0.1243E+01 0.1164E+01 0.7145E+00 0.9233E+00 0.8927E+00 0.2022E+00 0.1191E+01 0.6146E-01 0.4495E-01 0.9341E-01 0.5043E-01 0.3767E+00 0.1724E-01 0.0000E+00
0.0000E+00 0.0000E+00 0.0000E+00 0.0000E+00 0.0000E+00 0.0000E+00 0.0000E+00 0.0000E+00 0.0000E+00 0.0000E+00 0.0000E+00 0.0000E+00 0.0000E+00 0.0000E+00 0.0000E+00 0.0000E+00 0.0000E+00 0.0000E+00 0.0000E+00 0.0000E+00 0.0000E+00 0.0000E+00
