p1_rainE_lowsm_dschg.asc
ncols     22
nrows     62
xllcorner      0.00000000
yllcorner      0.00000000
cellsize      0.50000000
nodata_value -9999
0.0000E+00 0.0000E+00 0.0000E+00 0.0000E+00 0.0000E+00 0.0000E+00 0.0000E+00 0.0000E+00 0.0000E+00 0.0000E+00 0.0000E+00 0.0000E+00 0.0000E+00 0.0000E+00 0.0000E+00 0.0000E+00 0.0000E+00 0.0000E+00 0.0000E+00 0.0000E+00 0.0000E+00 0.0000E+00
0.0000E+00 0.1036E-03 0.2343E-07 0.0000E+00 0.0000E+00 0.0000E+00 0.0000E+00 0.0000E+00 0.2380E-04 0.0000E+00 0.0000E+00 0.0000E+00 0.0000E+00 0.0000E+00 0.0000E+00 0.3919E-05 0.0000E+00 0.0000E+00 0.0000E+00 0.6816E-04 0.3972E-03 0.0000E+00
0.0000E+00 0.2500E-03 0.1707E-11 0.0000E+00 0.0000E+00 0.1640E-04 0.0000E+00 0.2995E-04 0.1271E-04 0.0000E+00 0.4931E-04 0.4867E-05 0.1377E-03 0.5425E-05 0.0000E+00 0.4947E-08 0.1567E-10 0.6715E-06 0.1741E-03 0.6323E-05 0.6818E-05 0.0000E+00
0.0000E+00 0.1267E-03 0.3096E-03 0.0000E+00 0.3756E-04 0.5158E-05 0.0000E+00 0.3654E-05 0.7291E-08 0.0000E+00 0.6315E-07 0.1899E-08 0.1088E-05 0.2461E-08 0.9153E-05 0.1233E-06 0.3992E-16 0.1901E-09 0.1185E-03 0.1025E-03 0.4187E-04 0.0000E+00
0.0000E+00 0.9046E-04 0.1668E-03 0.5261E-04 0.2674E-05 0.8466E-05 0.0000E+00 0.1856E-08 0.2557E-05 0.4436E-05 0.1020E-04 0.0000E+00 0.2489E-09 0.5087E-04 0.6637E-08 0.2038E-10 0.8238E-09 0.8150E-06 0.2789E-03 0.3008E-03 0.5645E-07 0.0000E+00
0.0000E+00 0.1707E-05 0.7533E-04 0.1565E-04 0.8726E-05 0.6678E-08 0.0000E+00 0.2043E-04 0.1038E-08 0.1931E-07 0.1897E-05 0.8894E-05 0.0000E+00 0.3440E-04 0.0000E+00 0.1237E-03 0.1329E-13 0.2066E-09 0.7068E-06 0.1401E-03 0.2365E-04 0.0000E+00
0.0000E+00 0.1162E-04 0.9180E-04 0.5440E-07 0.1089E-04 0.2162E-04 0.1878E-04 0.1752E-07 0.1360E-06 0.1073E-11 0.3687E-04 0.8980E-05 0.1725E-05 0.5274E-07 0.0000E+00 0.1997E-03 0.9731E-04 0.0000E+00 0.0000E+00 0.3710E-06 0.1726E-07 0.0000E+00
0.0000E+00 0.7676E-06 0.3118E-05 0.3034E-04 0.7181E-08 0.6948E-04 0.1051E-04 0.6167E-05 0.1666E-10 0.0000E+00 0.1308E-05 0.6417E-08 0.5496E-09 0.0000E+00 0.0000E+00 0.8201E-04 0.5462E-04 0.0000E+00 0.2040E-03 0.3986E-05 0.0000E+00 0.0000E+00
0.0000E+00 0.4315E-04 0.2057E-03 0.2545E-04 0.1489E-03 0.1209E-03 0.4831E-04 0.6594E-05 0.9482E-06 0.0000E+00 0.3075E-09 0.0000E+00 0.0000E+00 0.2353E-04 0.2591E-04 0.2065E-06 0.1244E-04 0.4465E-04 0.1836E-03 0.1565E-08 0.5996E-04 0.0000E+00
0.0000E+00 0.7894E-07 0.1466E-04 0.1988E-05 0.8713E-04 0.1454E-05 0.2203E-04 0.1844E-04 0.3323E-09 0.0000E+00 0.0000E+00 0.0000E+00 0.0000E+00 0.1454E-05 0.4212E-05 0.4759E-05 0.8764E-07 0.7577E-04 0.1505E-03 0.3563E-04 0.6642E-07 0.0000E+00
0.0000E+00 0.9642E-04 0.7609E-06 0.1026E-08 0.1672E-03 0.2541E-04 0.1188E-05 0.1748E-07 0.1716E-04 0.0000E+00 0.1624E-04 0.2566E-04 0.3916E-05 0.8624E-05 0.2634E-04 0.8567E-04 0.7706E-11 0.1157E-06 0.1696E-03 0.7903E-04 0.0000E+00 0.0000E+00
0.0000E+00 0.1169E-06 0.1114E-08 0.0000E+00 0.8495E-04 0.2491E-07 0.4494E-09 0.0000E+00 0.4368E-04 0.1139E-08 0.1343E-07 0.1556E-04 0.3491E-07 0.4879E-04 0.1029E-04 0.1700E-03 0.3324E-04 0.1845E-04 0.3474E-04 0.1176E-03 0.0000E+00 0.0000E+00
0.0000E+00 0.0000E+00 0.5382E-03 0.1555E-03 0.8395E-04 0.0000E+00 0.0000E+00 0.0000E+00 0.1861E-05 0.1499E-03 0.7167E-04 0.2379E-05 0.2437E-04 0.1085E-03 0.7306E-08 0.4454E-04 0.2465E-04 0.1177E-04 0.4185E-05 0.3382E-04 0.0000E+00 0.0000E+00
0.0000E+00 0.1484E-04 0.2618E-03 0.1116E-03 0.9366E-04 0.0000E+00 0.8151E-07 0.5639E-04 0.5533E-04 0.6370E-05 0.2728E-04 0.4705E-05 0.2010E-07 0.7656E-04 0.3986E-05 0.2059E-04 0.4343E-04 0.1821E-04 0.5132E-04 0.3401E-07 0.1027E-04 0.0000E+00
0.0000E+00 0.8179E-04 0.6363E-06 0.1009E-03 0.3695E-03 0.2323E-03 0.5485E-04 0.7193E-07 0.2172E-07 0.0000E+00 0.3070E-07 0.4093E-05 0.1416E-04 0.4267E-04 0.6270E-06 0.1618E-07 0.3888E-05 0.1799E-07 0.9198E-04 0.1933E-04 0.3263E-04 0.0000E+00
0.0000E+00 0.1750E-06 0.1015E-04 0.1212E-03 0.1747E-03 0.9813E-04 0.3314E-04 0.0000E+00 0.2541E-04 0.1564E-04 0.7520E-05 0.1898E-08 0.7524E-04 0.2615E-04 0.7868E-10 0.0000E+00 0.1553E-08 0.1423E-04 0.9580E-04 0.1175E-04 0.2976E-04 0.0000E+00
0.0000E+00 0.1051E-11 0.1509E-03 0.1955E-05 0.1439E-03 0.8047E-04 0.1393E-03 0.0000E+00 0.9383E-04 0.9485E-04 0.1189E-03 0.1607E-16 0.2627E-06 0.2890E-07 0.1087E-04 0.0000E+00 0.5942E-04 0.1051E-07 0.3036E-04 0.6996E-08 0.3849E-04 0.0000E+00
0.0000E+00 0.1429E-03 0.2192E-03 0.1981E-03 0.5669E-03 0.8459E-04 0.1952E-03 0.0000E+00 0.3205E-03 0.7841E-04 0.6494E-03 0.0000E+00 0.7256E-04 0.0000E+00 0.9591E-08 0.2159E-04 0.1335E-03 0.7201E-04 0.1666E-06 0.0000E+00 0.4439E-04 0.0000E+00
0.0000E+00 0.2594E-03 0.6911E-04 0.3504E-04 0.1200E-02 0.9651E-04 0.2986E-03 0.1256E-03 0.2974E-04 0.1667E-03 0.1330E-03 0.0000E+00 0.1279E-06 0.0000E+00 0.1419E-05 0.2461E-07 0.2793E-03 0.4374E-03 0.1965E-03 0.0000E+00 0.6555E-07 0.0000E+00
0.0000E+00 0.2110E-03 0.1170E-03 0.4819E-05 0.1310E-02 0.3563E-03 0.1571E-03 0.3494E-03 0.1348E-04 0.4380E-03 0.3366E-03 0.0000E+00 0.5653E-04 0.1001E-03 0.2673E-03 0.0000E+00 0.9480E-03 0.1075E-02 0.4682E-04 0.1856E-04 0.3995E-04 0.0000E+00
0.0000E+00 0.2777E-03 0.6557E-04 0.2466E-04 0.8790E-03 0.1549E-02 0.6133E-03 0.4014E-03 0.7109E-04 0.6679E-03 0.4835E-03 0.0000E+00 0.1440E-04 0.7592E-04 0.2123E-03 0.1875E-03 0.3335E-03 0.5600E-03 0.4378E-05 0.1283E-03 0.3596E-03 0.0000E+00
0.0000E+00 0.2269E-03 0.2200E-05 0.1859E-04 0.1754E-04 0.1642E-02 0.3705E-03 0.2057E-04 0.5748E-06 0.5560E-03 0.4359E-03 0.2789E-04 0.5803E-04 0.4187E-05 0.1117E-04 0.0000E+00 0.3027E-03 0.2519E-03 0.1804E-03 0.1426E-03 0.5223E-03 0.0000E+00
0.0000E+00 0.2345E-05 0.1069E-08 0.1142E-04 0.6516E-04 0.1807E-02 0.0000E+00 0.0000E+00 0.1608E-04 0.3224E-03 0.2737E-03 0.1506E-06 0.0000E+00 0.1117E-03 0.5363E-07 0.8037E-04 0.6006E-04 0.3281E-03 0.3572E-03 0.1668E-04 0.4719E-03 0.0000E+00
0.0000E+00 0.6654E-04 0.4224E-04 0.7362E-04 0.2116E-04 0.1263E-02 0.1640E-04 0.2902E-04 0.1072E-05 0.1277E-03 0.5805E-04 0.7388E-05 0.0000E+00 0.7615E-06 0.4971E-11 0.1345E-06 0.3082E-04 0.1535E-03 0.4136E-03 0.4452E-03 0.2340E-03 0.0000E+00
0.0000E+00 0.1986E-03 0.1936E-03 0.1917E-03 0.0000E+00 0.6772E-03 0.1380E-07 0.6580E-05 0.8114E-05 0.4713E-05 0.1055E-04 0.4335E-08 0.0000E+00 0.1224E-09 0.0000E+00 0.9063E-05 0.3058E-04 0.1994E-03 0.1124E-03 0.4301E-03 0.7440E-05 0.0000E+00
0.0000E+00 0.6483E-04 0.2012E-03 0.8915E-06 0.6096E-04 0.4995E-03 0.2930E-08 0.5127E-08 0.0000E+00 0.1721E-08 0.5294E-08 0.2306E-04 0.4343E-05 0.1555E-04 0.0000E+00 0.5349E-08 0.6170E-04 0.4211E-04 0.9084E-04 0.2262E-03 0.1373E-04 0.0000E+00
0.0000E+00 0.7227E-05 0.3170E-03 0.1660E-03 0.7041E-07 0.5685E-03 0.9376E-04 0.0000E+00 0.0000E+00 0.1864E-04 0.0000E+00 0.2277E-07 0.2085E-08 0.7817E-04 0.0000E+00 0.8409E-04 0.4430E-04 0.4844E-05 0.1562E-03 0.1578E-03 0.2176E-04 0.0000E+00
0.0000E+00 0.1183E-03 0.6676E-04 0.8403E-04 0.0000E+00 0.2857E-03 0.4999E-04 0.1082E-04 0.3351E-04 0.2034E-04 0.0000E+00 0.8393E-04 0.2121E-04 0.1435E-05 0.0000E+00 0.2742E-05 0.8212E-05 0.5207E-08 0.6013E-04 0.5015E-05 0.1231E-05 0.0000E+00
0.0000E+00 0.4849E-03 0.9929E-06 0.3521E-03 0.9585E-04 0.1140E-03 0.2020E-06 0.0000E+00 0.1428E-04 0.0000E+00 0.2037E-04 0.6714E-04 0.5434E-03 0.8244E-04 0.1228E-05 0.2879E-05 0.7477E-08 0.2012E-04 0.2376E-05 0.4984E-04 0.2944E-04 0.0000E+00
0.0000E+00 0.1424E-03 0.0000E+00 0.1454E-03 0.8310E-04 0.3734E-04 0.1889E-03 0.0000E+00 0.2264E-04 0.0000E+00 0.6473E-06 0.1423E-04 0.5925E-03 0.1194E-03 0.3976E-04 0.4045E-03 0.3948E-04 0.1987E-07 0.1240E-04 0.2378E-05 0.3729E-05 0.0000E+00
0.0000E+00 0.1071E-03 0.0000E+00 0.2335E-04 0.1764E-06 0.3990E-04 0.3218E-03 0.0000E+00 0.2327E-06 0.1114E-03 0.9869E-05 0.3291E-06 0.2467E-03 0.6920E-04 0.6335E-04 0.9015E-03 0.1623E-03 0.9743E-09 0.8217E-08 0.1166E-04 0.2193E-04 0.0000E+00
0.0000E+00 0.3327E-04 0.0000E+00 0.3922E-04 0.1301E-03 0.4322E-03 0.5167E-03 0.2608E-05 0.1182E-03 0.1899E-03 0.3377E-04 0.8896E-04 0.1510E-03 0.1363E-03 0.1788E-05 0.4788E-03 0.2775E-03 0.6192E-04 0.5781E-06 0.1822E-04 0.2119E-06 0.0000E+00
0.0000E+00 0.6006E-07 0.0000E+00 0.6023E-04 0.1866E-04 0.2997E-03 0.2927E-03 0.6170E-05 0.1885E-03 0.4057E-04 0.1261E-03 0.1202E-03 0.3591E-04 0.1145E-03 0.0000E+00 0.3223E-03 0.5169E-03 0.2546E-04 0.2337E-04 0.1288E-07 0.1978E-04 0.0000E+00
0.0000E+00 0.2095E-04 0.0000E+00 0.1176E-03 0.1226E-04 0.1886E-03 0.1362E-03 0.7657E-04 0.5425E-03 0.1511E-03 0.1556E-03 0.1778E-05 0.0000E+00 0.0000E+00 0.7542E-07 0.9068E-04 0.1391E-03 0.2052E-07 0.7550E-06 0.1443E-04 0.1668E-03 0.0000E+00
0.0000E+00 0.7831E-04 0.1589E-05 0.1720E-06 0.2761E-03 0.1190E-03 0.2248E-06 0.1181E-03 0.6579E-03 0.8163E-04 0.8366E-04 0.2470E-06 0.8327E-04 0.4778E-05 0.6188E-11 0.2366E-06 0.8601E-06 0.4112E-04 0.1720E-04 0.7334E-08 0.1498E-03 0.0000E+00
0.0000E+00 0.1210E-03 0.2451E-09 0.0000E+00 0.4319E-03 0.1350E-04 0.3846E-04 0.3751E-03 0.5868E-03 0.1081E-03 0.5207E-04 0.4359E-10 0.1786E-03 0.1052E-03 0.3106E-05 0.4723E-05 0.1380E-09 0.5299E-04 0.3205E-04 0.8648E-05 0.1029E-03 0.0000E+00
0.0000E+00 0.1279E-05 0.0000E+00 0.3137E-07 0.3648E-03 0.2294E-05 0.2115E-03 0.1322E-03 0.3974E-04 0.2106E-03 0.4233E-04 0.4948E-04 0.4262E-03 0.2840E-03 0.3646E-06 0.7078E-04 0.0000E+00 0.8095E-05 0.1427E-04 0.5478E-08 0.6478E-06 0.0000E+00
0.0000E+00 0.2284E-09 0.0000E+00 0.2271E-11 0.1791E-03 0.1511E-04 0.2159E-03 0.0000E+00 0.6104E-07 0.4323E-04 0.2258E-05 0.8665E-04 0.1452E-03 0.3396E-03 0.1065E-03 0.1645E-06 0.0000E+00 0.5176E-08 0.1006E-07 0.1729E-03 0.8295E-04 0.0000E+00
0.0000E+00 0.0000E+00 0.2304E-04 0.0000E+00 0.2261E-04 0.1490E-03 0.3883E-03 0.1442E-05 0.6382E-04 0.4332E-04 0.1883E-04 0.9600E-04 0.6397E-04 0.2151E-03 0.1534E-06 0.2065E-11 0.6349E-07 0.0000E+00 0.1589E-14 0.1956E-03 0.2073E-03 0.0000E+00
0.0000E+00 0.3252E-04 0.2703E-04 0.1267E-04 0.1515E-03 0.2318E-03 0.6600E-03 0.6723E-04 0.2337E-06 0.5751E-07 0.9981E-08 0.7580E-04 0.8993E-04 0.1570E-04 0.1056E-04 0.3694E-03 0.6091E-11 0.9272E-06 0.5955E-04 0.5501E-04 0.3639E-03 0.0000E+00
0.0000E+00 0.3619E-04 0.8618E-05 0.2530E-05 0.0000E+00 0.1432E-04 0.4262E-03 0.6467E-07 0.1288E-10 0.5744E-04 0.0000E+00 0.1337E-03 0.5527E-03 0.4008E-03 0.6672E-03 0.9925E-03 0.3453E-03 0.2056E-03 0.1271E-03 0.1616E-03 0.2588E-03 0.0000E+00
0.0000E+00 0.4924E-07 0.1952E-03 0.3042E-04 0.0000E+00 0.7272E-04 0.9154E-03 0.0000E+00 0.0000E+00 0.1032E-03 0.1038E-03 0.2603E-06 0.5312E-03 0.0000E+00 0.7914E-04 0.0000E+00 0.0000E+00 0.4454E-03 0.1840E-03 0.4821E-06 0.2255E-03 0.0000E+00
0.0000E+00 0.2373E-06 0.1025E-03 0.2517E-04 0.8919E-04 0.1078E-03 0.7506E-03 0.0000E+00 0.3431E-04 0.1449E-06 0.8022E-04 0.4839E-05 0.2123E-03 0.0000E+00 0.1375E-04 0.3697E-04 0.6103E-04 0.6737E-03 0.9746E-04 0.1854E-04 0.1758E-03 0.0000E+00
0.0000E+00 0.4576E-04 0.2080E-06 0.3769E-03 0.2308E-05 0.8784E-05 0.4308E-03 0.1119E-03 0.4945E-07 0.2123E-04 0.2280E-03 0.1230E-03 0.6192E-03 0.4986E-03 0.1151E-07 0.4015E-07 0.1314E-03 0.8915E-03 0.1468E-03 0.1327E-04 0.2220E-04 0.0000E+00
0.0000E+00 0.5902E-07 0.1495E-04 0.2943E-03 0.4699E-03 0.8269E-04 0.4785E-03 0.2230E-04 0.0000E+00 0.4373E-04 0.2402E-03 0.5721E-03 0.7144E-03 0.7647E-03 0.4392E-04 0.1326E-07 0.7787E-04 0.4927E-03 0.3561E-04 0.6418E-05 0.3452E-04 0.0000E+00
0.0000E+00 0.4877E-04 0.2754E-04 0.1850E-03 0.6015E-03 0.4587E-04 0.2788E-03 0.4426E-05 0.0000E+00 0.6884E-06 0.9664E-04 0.1112E-02 0.2642E-03 0.8952E-03 0.7871E-04 0.5503E-04 0.4489E-04 0.4930E-03 0.1654E-06 0.1175E-04 0.0000E+00 0.0000E+00
0.0000E+00 0.1340E-03 0.5065E-04 0.6738E-04 0.4155E-03 0.8019E-04 0.1157E-04 0.2283E-08 0.0000E+00 0.2012E-07 0.1100E-02 0.1250E-02 0.4414E-04 0.1113E-02 0.9543E-04 0.1352E-03 0.2143E-03 0.2443E-03 0.1371E-10 0.8650E-04 0.1242E-03 0.0000E+00
0.0000E+00 0.1341E-04 0.1931E-03 0.4146E-03 0.6043E-03 0.5926E-04 0.5688E-08 0.2515E-06 0.0000E+00 0.1161E-04 0.4287E-03 0.2606E-07 0.6234E-07 0.9623E-03 0.2057E-06 0.6667E-07 0.3241E-03 0.5195E-03 0.0000E+00 0.4175E-04 0.0000E+00 0.0000E+00
0.0000E+00 0.2675E-04 0.1596E-03 0.6204E-03 0.5777E-03 0.7431E-04 0.1029E-03 0.0000E+00 0.1335E-04 0.2818E-05 0.2212E-03 0.5540E-04 0.5225E-10 0.1338E-02 0.0000E+00 0.1398E-03 0.6826E-05 0.2292E-03 0.7208E-05 0.1440E-05 0.5206E-04 0.0000E+00
0.0000E+00 0.1907E-07 0.2167E-03 0.3849E-03 0.8542E-03 0.5485E-03 0.3833E-03 0.2421E-06 0.1636E-03 0.1052E-03 0.4768E-03 0.4052E-04 0.1537E-15 0.7437E-03 0.3439E-03 0.2539E-06 0.8626E-04 0.5660E-06 0.3800E-03 0.1595E-07 0.1241E-03 0.0000E+00
0.0000E+00 0.6794E-13 0.8340E-04 0.3711E-03 0.6517E-03 0.2267E-03 0.3291E-03 0.2681E-06 0.3745E-05 0.3766E-04 0.2521E-03 0.0000E+00 0.1095E-03 0.1167E-02 0.8609E-03 0.0000E+00 0.9981E-04 0.1709E-03 0.3783E-03 0.1728E-03 0.1465E-03 0.0000E+00
0.0000E+00 0.3906E-03 0.8737E-03 0.1062E-02 0.1375E-02 0.1283E-02 0.4589E-03 0.3602E-04 0.1265E-03 0.7277E-04 0.1587E-03 0.0000E+00 0.9951E-04 0.4352E-03 0.1095E-02 0.7324E-03 0.1723E-03 0.5534E-04 0.2290E-03 0.2029E-03 0.0000E+00 0.0000E+00
0.0000E+00 0.2180E-03 0.3641E-03 0.1336E-02 0.2066E-02 0.1660E-02 0.1751E-03 0.3966E-04 0.1253E-03 0.1769E-06 0.7437E-04 0.0000E+00 0.2239E-04 0.1290E-04 0.1404E-02 0.1365E-02 0.1180E-03 0.7088E-04 0.5800E-06 0.6574E-04 0.2042E-03 0.0000E+00
0.0000E+00 0.6786E-06 0.1762E-05 0.4141E-03 0.2424E-02 0.1052E-02 0.2802E-05 0.6998E-04 0.9304E-04 0.2030E-03 0.2646E-03 0.1848E-03 0.1624E-03 0.1422E-02 0.6168E-03 0.1865E-02 0.6677E-04 0.1610E-03 0.1315E-04 0.9935E-05 0.1313E-04 0.0000E+00
0.0000E+00 0.1457E-03 0.1313E-09 0.9604E-04 0.2131E-02 0.7522E-03 0.9354E-04 0.1312E-03 0.1544E-04 0.5940E-03 0.9574E-03 0.3677E-03 0.1468E-03 0.1251E-02 0.1464E-03 0.2206E-02 0.9454E-04 0.2151E-03 0.4905E-08 0.4211E-06 0.5347E-04 0.0000E+00
0.0000E+00 0.9205E-04 0.0000E+00 0.2308E-04 0.1171E-02 0.4833E-03 0.1230E-03 0.5024E-04 0.1112E-03 0.1624E-02 0.9202E-03 0.0000E+00 0.3418E-03 0.8385E-03 0.3096E-04 0.1527E-02 0.1451E-03 0.7568E-04 0.6947E-04 0.1109E-09 0.1372E-03 0.0000E+00
0.0000E+00 0.6270E-04 0.2031E-04 0.2387E-07 0.7512E-03 0.2644E-03 0.3352E-04 0.2549E-05 0.2278E-06 0.2510E-02 0.2929E-03 0.6301E-04 0.4373E-03 0.2640E-03 0.5339E-05 0.1189E-02 0.3795E-04 0.3948E-06 0.4711E-04 0.1248E-03 0.9113E-04 0.0000E+00
0.0000E+00 0.8448E-04 0.8986E-04 0.9901E-03 0.1151E-02 0.5499E-04 0.2452E-04 0.2011E-04 0.2745E-11 0.2915E-02 0.7410E-04 0.8716E-07 0.5200E-03 0.4283E-03 0.1232E-02 0.1191E-02 0.2147E-04 0.0000E+00 0.4064E-04 0.1139E-03 0.4680E-04 0.0000E+00
0.0000E+00 0.6611E-05 0.1592E-03 0.6746E-03 0.1703E-03 0.2276E-04 0.3151E-04 0.2514E-04 0.2156E-04 0.1866E-02 0.1032E-03 0.7451E-06 0.2152E-03 0.3763E-03 0.3091E-03 0.4026E-07 0.1706E-06 0.0000E+00 0.7104E-07 0.6147E-04 0.2000E-04 0.0000E+00
0.0000E+00 0.1124E-04 0.1105E-03 0.3014E-03 0.4677E-03 0.3863E-04 0.1249E-04 0.3725E-07 0.2631E-04 0.1134E-02 0.9753E-04 0.1636E-04 0.1257E-03 0.3247E-04 0.3111E-03 0.1607E-04 0.1737E-10 0.4310E-04 0.1129E-05 0.1811E-04 0.3005E-05 0.0000E+00
0.0000E+00 0.1129E-04 0.1202E-03 0.4035E-04 0.2599E-03 0.4092E-04 0.0000E+00 0.1198E-12 0.4187E-03 0.9316E-03 0.3013E-05 0.1495E-04 0.8193E-05 0.3012E-04 0.5225E-03 0.1497E-04 0.0000E+00 0.1238E-03 0.1165E-03 0.8298E-06 0.3445E-04 0.0000E+00
0.0000E+00 0.0000E+00 0.0000E+00 0.0000E+00 0.0000E+00 0.0000E+00 0.0000E+00 0.0000E+00 0.0000E+00 0.0000E+00 0.0000E+00 0.0000E+00 0.0000E+00 0.0000E+00 0.0000E+00 0.0000E+00 0.0000E+00 0.0000E+00 0.0000E+00 0.0000E+00 0.0000E+00 0.0000E+00
