p1_rainA_highsm_sedtr.asc
ncols     22
nrows     62
xllcorner      0.00000000
yllcorner      0.00000000
cellsize      0.50000000
nodata_value -9999
0.0000E+00 0.0000E+00 0.0000E+00 0.0000E+00 0.0000E+00 0.0000E+00 0.0000E+00 0.0000E+00 0.0000E+00 0.0000E+00 0.0000E+00 0.0000E+00 0.0000E+00 0.0000E+00 0.0000E+00 0.0000E+00 0.0000E+00 0.0000E+00 0.0000E+00 0.0000E+00 0.0000E+00 0.0000E+00
0.0000E+00 0.4769E+00 0.3236E+00 0.6384E-01 0.1237E+00 0.6037E+00 0.8176E-01 0.3134E+00 0.4873E+00 0.1865E+00 0.9262E-01 0.1398E+00 0.9826E-01 0.9442E-01 0.1020E+00 0.3452E-01 0.9127E-01 0.1011E+00 0.2390E+00 0.4484E+00 0.4455E+00 0.0000E+00
0.0000E+00 0.8818E+00 0.3087E+00 0.1489E+00 0.2416E+00 0.8843E+00 0.2045E+00 0.6989E+00 0.5490E+00 0.3426E+00 0.4807E+00 0.4282E+00 0.5898E+00 0.3034E+00 0.1376E+00 0.9938E-01 0.1557E+00 0.2533E+00 0.7184E+00 0.3840E+00 0.3519E+00 0.0000E+00
0.0000E+00 0.7431E+00 0.8405E+00 0.2627E+00 0.7859E+00 0.9451E+00 0.2478E+00 0.6335E+00 0.4669E+00 0.4827E+00 0.4253E+00 0.3664E+00 0.4796E+00 0.2930E+00 0.6446E+00 0.2137E+00 0.3418E+00 0.2934E+00 0.7093E+00 0.7015E+00 0.5731E+00 0.0000E+00
0.0000E+00 0.7931E+00 0.1358E+01 0.8452E+00 0.1136E+01 0.1471E+01 0.7418E+00 0.9127E+00 0.9051E+00 0.8220E+00 0.4214E+00 0.4001E+00 0.9182E+00 0.6002E+00 0.6084E+00 0.2935E+00 0.3775E+00 0.3028E+00 0.7669E+00 0.9692E+00 0.5206E+00 0.0000E+00
0.0000E+00 0.1019E+01 0.1354E+01 0.1371E+01 0.9553E+00 0.1635E+01 0.1267E+01 0.1207E+01 0.7701E+00 0.9927E+00 0.6994E+00 0.4054E+00 0.8761E+00 0.5889E+00 0.5612E+00 0.7506E+00 0.3897E+00 0.3439E+00 0.7823E+00 0.8360E+00 0.9837E+00 0.0000E+00
0.0000E+00 0.1266E+01 0.1830E+01 0.1384E+01 0.1466E+01 0.1920E+01 0.1717E+01 0.1014E+01 0.1141E+01 0.9996E+00 0.9082E+00 0.6892E+00 0.1078E+01 0.5760E+00 0.5484E+00 0.1025E+01 0.5059E+00 0.3728E+00 0.7217E+00 0.7371E+00 0.8436E+00 0.0000E+00
0.0000E+00 0.1087E+01 0.1736E+01 0.1515E+01 0.1241E+01 0.1930E+01 0.1796E+01 0.1075E+01 0.1125E+01 0.9421E+00 0.1435E+01 0.8139E+00 0.9330E+00 0.1051E+01 0.6253E+00 0.1325E+01 0.5833E+00 0.3916E+00 0.9631E+00 0.8672E+00 0.7430E+00 0.0000E+00
0.0000E+00 0.1262E+01 0.1856E+01 0.1312E+01 0.1502E+01 0.1859E+01 0.1629E+01 0.1378E+01 0.1080E+01 0.8453E+00 0.1193E+01 0.8743E+00 0.8772E+00 0.8992E+00 0.7682E+00 0.1409E+01 0.7459E+00 0.4249E+00 0.9436E+00 0.8192E+00 0.1069E+01 0.0000E+00
0.0000E+00 0.1161E+01 0.1915E+01 0.1337E+01 0.1552E+01 0.1728E+01 0.1779E+01 0.1304E+01 0.1360E+01 0.1030E+01 0.1070E+01 0.1001E+01 0.1123E+01 0.1081E+01 0.9005E+00 0.1622E+01 0.8035E+00 0.5104E+00 0.9810E+00 0.1089E+01 0.9092E+00 0.0000E+00
0.0000E+00 0.1229E+01 0.1786E+01 0.1224E+01 0.1670E+01 0.2037E+01 0.1636E+01 0.1174E+01 0.1452E+01 0.9048E+00 0.1342E+01 0.9079E+00 0.1270E+01 0.9565E+00 0.8265E+00 0.1766E+01 0.7057E+00 0.5554E+00 0.1296E+01 0.1205E+01 0.8065E+00 0.0000E+00
0.0000E+00 0.1117E+01 0.1759E+01 0.1110E+01 0.1467E+01 0.1759E+01 0.1713E+01 0.1084E+01 0.1474E+01 0.1042E+01 0.1375E+01 0.9520E+00 0.1191E+01 0.1259E+01 0.1046E+01 0.1713E+01 0.9438E+00 0.6541E+00 0.1178E+01 0.1249E+01 0.9894E+00 0.0000E+00
0.0000E+00 0.1193E+01 0.2055E+01 0.1351E+01 0.1740E+01 0.1834E+01 0.1528E+01 0.1481E+01 0.1309E+01 0.1291E+01 0.1575E+01 0.9840E+00 0.1240E+01 0.1377E+01 0.9404E+00 0.1521E+01 0.9400E+00 0.5614E+00 0.1030E+01 0.1104E+01 0.8714E+00 0.0000E+00
0.0000E+00 0.1225E+01 0.1779E+01 0.1288E+01 0.1733E+01 0.1625E+01 0.1961E+01 0.2558E+01 0.1303E+01 0.1252E+01 0.2325E+01 0.1019E+01 0.1195E+01 0.1428E+01 0.1075E+01 0.1375E+01 0.1107E+01 0.7528E+00 0.1109E+01 0.1157E+01 0.9606E+00 0.0000E+00
0.0000E+00 0.1421E+01 0.1600E+01 0.1595E+01 0.1932E+01 0.1768E+01 0.2143E+01 0.2248E+01 0.9243E-01 0.1055E+00 0.2406E+01 0.1041E+01 0.1319E+01 0.1253E+01 0.1224E+01 0.1252E+01 0.1265E+01 0.7029E+00 0.1321E+01 0.1182E+01 0.1239E+01 0.0000E+00
0.0000E+00 0.1784E+01 0.1561E+01 0.1733E+01 0.1946E+01 0.1813E+01 0.2120E+01 0.2078E+01 0.8795E+00 0.5396E+00 0.2565E+01 0.1133E+01 0.1334E+01 0.1122E+01 0.1097E+01 0.1190E+01 0.1206E+01 0.7752E+00 0.1388E+01 0.1146E+01 0.1338E+01 0.0000E+00
0.0000E+00 0.1554E+01 0.2053E+01 0.1573E+01 0.2191E+01 0.1798E+01 0.2368E+01 0.2122E+01 0.1306E+01 0.1086E+01 0.2629E+01 0.1029E+01 0.1210E+01 0.1065E+01 0.1470E+01 0.1095E+01 0.1210E+01 0.7112E+00 0.1391E+01 0.1059E+01 0.1449E+01 0.0000E+00
0.0000E+00 0.1731E+01 0.1904E+01 0.1562E+01 0.2207E+01 0.1653E+01 0.2361E+01 0.1988E+01 0.1433E+01 0.1343E+01 0.2557E+01 0.9987E+00 0.1367E+01 0.1073E+01 0.1312E+01 0.1530E+01 0.1257E+01 0.8997E+00 0.1523E+01 0.1166E+01 0.1614E+01 0.0000E+00
0.0000E+00 0.2023E+01 0.1970E+01 0.1509E+01 0.2438E+01 0.2008E+01 0.2380E+01 0.2931E+01 0.1216E+01 0.1366E+01 0.2323E+01 0.1010E+01 0.1385E+01 0.1048E+01 0.1332E+01 0.1382E+01 0.1329E+01 0.1046E+01 0.1695E+01 0.1042E+01 0.1446E+01 0.0000E+00
0.0000E+00 0.1837E+01 0.2150E+01 0.1508E+01 0.2192E+01 0.2104E+01 0.2538E+01 0.2673E+01 0.7945E-01 0.1617E+01 0.2263E+01 0.9766E+00 0.1535E+01 0.1083E+01 0.1295E+01 0.1370E+01 0.1547E+01 0.1310E+01 0.1655E+01 0.1014E+01 0.1848E+01 0.0000E+00
0.0000E+00 0.1961E+01 0.2194E+01 0.1555E+01 0.1966E+01 0.3733E+01 0.4577E+01 0.2610E+01 0.3983E+00 0.1766E+01 0.2263E+01 0.8811E+00 0.1380E+01 0.1095E+01 0.2212E+01 0.1216E+01 0.1342E+01 0.1158E+01 0.1855E+01 0.1230E+01 0.1891E+01 0.0000E+00
0.0000E+00 0.1981E+01 0.2047E+01 0.1687E+01 0.3555E+00 0.7396E+01 0.4364E+01 0.2887E+00 0.6329E+00 0.1640E+01 0.2151E+01 0.1999E+01 0.1308E+01 0.1137E+01 0.2056E+01 0.5343E-01 0.1396E+01 0.2271E+01 0.1782E+01 0.1410E+01 0.1821E+01 0.0000E+00
0.0000E+00 0.1775E+01 0.1943E+01 0.1708E+01 0.7810E+00 0.6875E+01 0.1414E+00 0.1263E+00 0.1041E+01 0.1739E+01 0.2148E+01 0.1863E+01 0.8567E-01 0.1241E+01 0.1964E+01 0.7177E+00 0.4194E+00 0.2274E+01 0.1820E+01 0.1279E+01 0.1747E+01 0.0000E+00
0.0000E+00 0.1861E+01 0.1969E+01 0.2216E+01 0.7994E+00 0.6534E+01 0.1937E+00 0.5388E+00 0.8776E+00 0.1746E+01 0.2137E+01 0.1895E+01 0.1706E+00 0.1136E+01 0.1937E+01 0.5891E+00 0.7026E+00 0.2164E+01 0.1704E+01 0.2685E+01 0.1795E+01 0.0000E+00
0.0000E+00 0.1843E+01 0.2098E+01 0.2047E+01 0.1329E+00 0.6330E+01 0.2367E+00 0.1097E+01 0.7265E+00 0.1610E+01 0.1968E+01 0.1796E+01 0.2523E+00 0.1093E+01 0.1869E+01 0.7394E+00 0.7773E+00 0.1991E+01 0.1546E+01 0.2437E+01 0.1835E+00 0.0000E+00
0.0000E+00 0.1743E+01 0.2249E+01 0.1842E+01 0.6133E+00 0.6204E+01 0.8184E+00 0.1093E+01 0.1001E+00 0.1591E+01 0.1888E+01 0.1718E+01 0.4307E+00 0.1109E+01 0.1779E+01 0.6319E+00 0.1069E+01 0.1953E+01 0.1691E+01 0.2356E+01 0.3768E+00 0.0000E+00
0.0000E+00 0.1678E+01 0.2132E+01 0.1830E+01 0.4973E+00 0.6157E+01 0.6445E+01 0.1238E+01 0.2398E+00 0.1560E+01 0.1812E+01 0.1723E+01 0.6160E+00 0.1083E+01 0.1740E+01 0.9880E+00 0.1295E+01 0.2051E+01 0.1931E+01 0.2393E+01 0.6483E+00 0.0000E+00
0.0000E+00 0.3385E+01 0.1994E+01 0.1720E+01 0.1249E+00 0.5033E+00 0.8690E+01 0.2741E+01 0.1977E+01 0.1666E+01 0.1738E+01 0.1883E+01 0.7787E+00 0.1016E+01 0.1796E+01 0.8173E+00 0.1356E+01 0.1869E+01 0.5441E+01 0.2256E+01 0.7764E+00 0.0000E+00
0.0000E+00 0.3140E+01 0.5775E-01 0.1757E+01 0.6321E+00 0.3336E+00 0.8217E+01 0.1792E+00 0.5293E+00 0.3528E+00 0.1845E+01 0.1797E+01 0.1032E+01 0.1251E+01 0.1768E+01 0.7545E+00 0.1160E+01 0.4475E+00 0.5177E+01 0.4124E+00 0.1020E+01 0.0000E+00
0.0000E+00 0.3009E+01 0.1686E+00 0.1610E+01 0.7505E+00 0.3965E+00 0.7902E+01 0.4895E+00 0.8430E+00 0.3922E+00 0.1918E+01 0.1815E+01 0.1201E+01 0.1478E+01 0.2093E+01 0.1334E+01 0.1211E+01 0.9649E+00 0.4990E+01 0.3759E+00 0.1379E+01 0.0000E+00
0.0000E+00 0.3207E+01 0.2222E+00 0.1849E+01 0.8199E+00 0.4881E+00 0.7733E+01 0.6645E+00 0.8024E+00 0.6972E+00 0.1916E+01 0.2247E+01 0.1395E+01 0.1550E+01 0.2042E+01 0.1495E+01 0.1242E+01 0.1040E+01 0.4839E+01 0.7000E+00 0.1358E+01 0.0000E+00
0.0000E+00 0.3307E+01 0.3512E+00 0.1888E+01 0.1083E+01 0.9583E+00 0.7499E+01 0.7690E+00 0.1264E+01 0.9580E+00 0.2032E+01 0.2244E+01 0.1596E+01 0.1603E+01 0.1891E+01 0.2929E+01 0.1263E+01 0.1134E+01 0.4735E+01 0.1786E+01 0.1433E+01 0.0000E+00
0.0000E+00 0.3099E+01 0.4528E+00 0.2189E+01 0.9062E+00 0.9678E+00 0.7277E+01 0.8292E+00 0.1440E+01 0.1035E+01 0.2073E+01 0.4621E+01 0.2862E+01 0.1701E+01 0.7707E-01 0.2700E+01 0.1049E+01 0.9677E+00 0.4605E+01 0.1675E+01 0.2039E+00 0.0000E+00
0.0000E+00 0.3033E+01 0.3986E+00 0.2281E+01 0.8679E+00 0.1053E+01 0.7060E+01 0.1063E+01 0.1534E+01 0.1201E+01 0.2118E+01 0.4305E+01 0.1001E+00 0.1234E+00 0.3676E+00 0.2669E+01 0.9877E+00 0.9183E+00 0.4517E+01 0.1494E+01 0.5493E+00 0.0000E+00
0.0000E+00 0.3129E+01 0.6386E+00 0.2050E+01 0.1205E+01 0.9403E+00 0.6972E+01 0.1364E+01 0.1546E+01 0.1108E+01 0.2067E+01 0.4203E+01 0.7423E+00 0.2352E+00 0.4296E+00 0.2584E+01 0.1016E+01 0.1320E+01 0.4472E+01 0.1313E+01 0.6514E+00 0.0000E+00
0.0000E+00 0.3148E+01 0.5222E+00 0.1973E+01 0.1316E+01 0.1098E+01 0.7060E+01 0.2278E+01 0.1375E+01 0.1180E+01 0.2276E+01 0.4123E+01 0.1085E+01 0.6362E+00 0.4049E+00 0.3336E+01 0.9505E+00 0.1423E+01 0.4402E+01 0.1227E+01 0.8844E+00 0.0000E+00
0.0000E+00 0.3432E+01 0.5149E+00 0.2099E+01 0.1359E+01 0.1109E+01 0.8631E+01 0.1965E+01 0.4412E+00 0.1356E+01 0.3285E+01 0.4047E+01 0.1317E+01 0.1032E+01 0.4048E+00 0.3344E+01 0.9441E-01 0.1741E+01 0.4393E+01 0.1155E+01 0.7469E+00 0.0000E+00
0.0000E+00 0.3326E+01 0.8832E-01 0.2082E+01 0.1256E+01 0.1022E+01 0.8391E+01 0.3304E+00 0.4022E+00 0.1645E+00 0.3088E+01 0.3917E+01 0.1081E+01 0.1126E+01 0.8486E+00 0.3274E+01 0.4176E+00 0.1460E+01 0.4323E+01 0.1444E+01 0.1261E+01 0.0000E+00
0.0000E+00 0.3264E+01 0.6926E+00 0.2086E+01 0.1154E+01 0.1376E+01 0.8234E+01 0.5063E+00 0.1012E+01 0.7876E+00 0.3215E+01 0.3779E+01 0.1345E+01 0.1103E+01 0.7084E+00 0.3280E+01 0.5124E+00 0.1611E+01 0.4368E+01 0.1544E+01 0.1404E+01 0.0000E+00
0.0000E+00 0.3269E+01 0.9379E+00 0.3129E+01 0.1430E+01 0.1389E+01 0.8092E+01 0.6474E+00 0.8232E+00 0.7076E+00 0.2969E+01 0.3726E+01 0.1563E+01 0.1105E+01 0.9938E+00 0.3180E+01 0.4773E+00 0.1468E+01 0.4441E+01 0.1489E+01 0.1662E+01 0.0000E+00
0.0000E+00 0.3265E+01 0.3403E+01 0.2910E+01 0.1074E+00 0.1225E+01 0.7970E+01 0.6847E+00 0.9241E+00 0.3371E+01 0.2841E+01 0.3648E+01 0.5587E+01 0.4651E+01 0.4003E+01 0.3382E+01 0.6509E+00 0.1521E+01 0.4409E+01 0.1679E+01 0.1475E+01 0.0000E+00
0.0000E+00 0.3191E+01 0.3364E+01 0.4354E+00 0.2092E+00 0.1676E+01 0.8425E+01 0.7948E+00 0.9562E+00 0.3123E+01 0.5014E+00 0.3596E+01 0.5188E+01 0.1033E+00 0.5334E+00 0.1367E+00 0.1001E+00 0.1718E+01 0.4433E+01 0.1500E+01 0.1573E+01 0.0000E+00
0.0000E+00 0.3178E+01 0.3183E+01 0.4092E+00 0.4626E+00 0.1548E+01 0.8276E+01 0.3816E+00 0.8273E+00 0.2989E+01 0.4908E+00 0.3582E+01 0.4924E+01 0.2104E+00 0.9172E+00 0.9349E+00 0.6973E+00 0.2149E+01 0.4430E+01 0.1634E+01 0.1765E+01 0.0000E+00
0.0000E+00 0.3252E+01 0.3043E+01 0.9469E+00 0.4448E+00 0.1398E+01 0.8175E+01 0.9836E+00 0.7923E+00 0.3223E+01 0.9430E+00 0.3712E+01 0.4813E+01 0.6428E+00 0.7459E+00 0.7574E+00 0.1146E+01 0.2211E+01 0.4597E+01 0.1538E+01 0.1601E+01 0.0000E+00
0.0000E+00 0.3167E+01 0.3132E+01 0.9474E+00 0.9999E+00 0.1450E+01 0.8006E+01 0.9384E+00 0.7147E+00 0.3175E+01 0.1070E+01 0.3745E+01 0.4651E+01 0.9271E+00 0.1042E+01 0.6762E+00 0.1285E+01 0.1918E+01 0.4588E+01 0.2944E+01 0.1695E+01 0.0000E+00
0.0000E+00 0.3290E+01 0.3150E+01 0.1039E+01 0.1194E+01 0.1516E+01 0.8123E+01 0.1335E+01 0.6905E+00 0.3062E+01 0.1275E+01 0.3625E+01 0.4505E+01 0.1142E+01 0.1220E+01 0.9805E+00 0.1066E+01 0.2023E+01 0.4618E+01 0.2841E+01 0.2371E+00 0.0000E+00
0.0000E+00 0.3437E+01 0.3235E+01 0.1219E+01 0.1271E+01 0.1726E+01 0.9089E+01 0.1181E+01 0.3251E+00 0.2976E+01 0.4289E+01 0.3322E+01 0.4431E+01 0.1488E+01 0.1253E+01 0.1093E+01 0.1860E+01 0.1782E+01 0.4552E+01 0.3045E+01 0.7103E+00 0.0000E+00
0.0000E+00 0.3506E+01 0.3283E+01 0.1437E+01 0.1531E+01 0.1680E+01 0.9131E+01 0.4387E+00 0.3691E+00 0.2983E+01 0.4114E+01 0.1176E+00 0.4379E+01 0.1850E+01 0.1117E+01 0.1075E+00 0.1600E+01 0.7462E+01 0.4574E+01 0.2719E+01 0.1095E+00 0.0000E+00
0.0000E+00 0.3353E+01 0.3129E+01 0.1460E+01 0.1568E+01 0.1667E+01 0.8944E+01 0.3450E+00 0.6203E+00 0.2960E+01 0.4044E+01 0.7393E+00 0.4404E+01 0.1990E+01 0.1093E+01 0.7621E+00 0.3807E+00 0.7204E+01 0.4363E+00 0.2714E+01 0.6944E+00 0.0000E+00
0.0000E+00 0.3251E+01 0.3124E+01 0.1430E+01 0.1754E+01 0.1776E+01 0.8822E+01 0.5866E+00 0.9740E+00 0.3056E+01 0.4401E+01 0.6612E+00 0.4333E+01 0.1707E+01 0.1488E+01 0.6563E+00 0.9581E+00 0.6992E+01 0.9978E+00 0.2614E+01 0.9979E+00 0.0000E+00
0.0000E+00 0.3354E+01 0.3134E+01 0.1442E+01 0.1808E+01 0.1611E+01 0.8892E+01 0.5640E+00 0.8680E+00 0.3088E+01 0.4293E+01 0.3261E+00 0.4383E+01 0.1909E+01 0.1669E+01 0.5985E+00 0.1178E+01 0.6832E+01 0.1076E+01 0.3328E+01 0.1121E+01 0.0000E+00
0.0000E+00 0.3580E+01 0.3145E+01 0.1667E+01 0.2057E+01 0.1836E+01 0.8788E+01 0.7468E+00 0.1189E+01 0.3058E+01 0.4283E+01 0.8885E+00 0.4532E+01 0.1660E+01 0.1839E+01 0.1156E+01 0.1220E+01 0.7127E+01 0.9573E+00 0.3048E+01 0.1038E+00 0.0000E+00
0.0000E+00 0.3505E+01 0.3083E+01 0.1718E+01 0.2183E+01 0.1879E+01 0.8801E+01 0.1206E+01 0.1128E+01 0.2973E+01 0.4248E+01 0.1009E+01 0.4491E+01 0.1685E+01 0.1810E+01 0.8175E+01 0.7684E+01 0.6955E+01 0.4625E+00 0.2869E+01 0.6271E+00 0.0000E+00
0.0000E+00 0.3461E+01 0.3026E+01 0.1526E+01 0.2322E+01 0.1671E+01 0.8720E+01 0.1256E+01 0.1452E+01 0.3276E+01 0.4392E+01 0.1402E+01 0.4514E+01 0.3020E+01 0.1584E+01 0.7810E+01 0.3682E+00 0.8207E+00 0.7174E+00 0.2905E+01 0.5269E+00 0.0000E+00
0.0000E+00 0.3545E+01 0.3017E+01 0.1560E+01 0.2310E+01 0.1830E+01 0.8737E+01 0.1691E+01 0.1548E+01 0.3365E+01 0.5277E+01 0.1330E+01 0.4478E+01 0.2865E+01 0.3777E+00 0.7532E+01 0.6135E+00 0.1027E+01 0.5736E+00 0.2763E+01 0.8726E+00 0.0000E+00
0.0000E+00 0.3522E+01 0.3048E+01 0.1812E+01 0.2052E+01 0.2127E+01 0.8780E+01 0.1405E+01 0.1644E+01 0.3402E+01 0.5067E+01 0.7707E-01 0.4547E+01 0.2705E+01 0.6033E+00 0.7364E+01 0.1093E+01 0.8566E+00 0.1072E+01 0.2692E+01 0.1027E+01 0.0000E+00
0.0000E+00 0.3585E+01 0.3272E+01 0.1624E+01 0.1868E+01 0.2221E+01 0.8865E+01 0.1433E+01 0.1474E+01 0.3466E+01 0.4928E+01 0.7083E+00 0.4479E+01 0.2451E+01 0.6268E+00 0.7276E+01 0.9051E+00 0.7693E+00 0.1048E+01 0.3435E+01 0.1061E+01 0.0000E+00
0.0000E+00 0.3698E+01 0.3504E+01 0.3446E+01 0.2213E+01 0.2151E+01 0.9047E+01 0.1397E+01 0.1482E+01 0.3486E+01 0.4798E+01 0.6537E+00 0.4521E+01 0.2496E+01 0.7558E+01 0.7233E+01 0.7926E+00 0.7085E+00 0.1075E+01 0.3528E+01 0.5505E+00 0.0000E+00
0.0000E+00 0.3601E+01 0.3443E+01 0.3127E+01 0.6924E+00 0.1998E+01 0.8957E+01 0.1641E+01 0.1395E+01 0.3451E+01 0.4780E+01 0.1005E+01 0.4499E+01 0.2475E+01 0.7393E+01 0.9826E-01 0.9676E+00 0.7597E+00 0.9507E+00 0.3465E+01 0.1904E+00 0.0000E+00
0.0000E+00 0.3662E+01 0.3376E+01 0.3045E+01 0.1168E+01 0.1076E+02 0.8991E+01 0.1617E+01 0.1748E+01 0.3554E+01 0.4863E+01 0.1370E+01 0.4724E+01 0.2312E+01 0.7342E+01 0.6135E+00 0.8560E+00 0.7927E+00 0.9048E+00 0.3246E+01 0.7180E+00 0.0000E+00
0.0000E+00 0.3602E+01 0.3324E+01 0.3549E+01 0.1015E+01 0.1082E+02 0.3377E+00 0.1626E+01 0.9406E+01 0.8167E+01 0.4853E+01 0.7503E+01 0.6643E+01 0.2245E+01 0.8545E+01 0.1702E+01 0.1118E+01 0.1737E+01 0.1079E+01 0.3841E+01 0.1024E+01 0.0000E+00
0.0000E+00 0.0000E+00 0.0000E+00 0.0000E+00 0.0000E+00 0.0000E+00 0.0000E+00 0.0000E+00 0.0000E+00 0.0000E+00 0.0000E+00 0.0000E+00 0.0000E+00 0.0000E+00 0.0000E+00 0.0000E+00 0.0000E+00 0.0000E+00 0.0000E+00 0.0000E+00 0.0000E+00 0.0000E+00
