p1dem.asc
ncols         22
nrows         62
xllcorner     0.00000000
yllcorner     0.00000000
cellsize      0.5
nodata_value  -9999
1.547 1.547 1.545 1.534 1.53 1.526 1.523 1.503 1.503 1.5 1.493 1.496 1.489 1.487 1.479 1.47 1.479 1.472 1.463 1.452 1.444 1.444
1.537 1.537 1.535 1.524 1.52 1.516 1.513 1.493 1.493 1.49 1.483 1.486 1.479 1.477 1.469 1.46 1.469 1.462 1.453 1.442 1.434 1.434
1.518 1.518 1.517 1.511 1.493 1.489 1.493 1.475 1.471 1.47 1.467 1.452 1.451 1.451 1.439 1.455 1.458 1.437 1.421 1.42 1.418 1.418
1.485 1.485 1.488 1.481 1.459 1.469 1.467 1.451 1.446 1.444 1.44 1.434 1.433 1.426 1.425 1.438 1.432 1.416 1.395 1.395 1.403 1.403
1.446 1.446 1.464 1.454 1.435 1.435 1.438 1.441 1.433 1.421 1.416 1.418 1.414 1.407 1.399 1.393 1.389 1.381 1.374 1.376 1.381 1.381
1.414 1.414 1.427 1.427 1.405 1.398 1.409 1.415 1.409 1.402 1.387 1.377 1.385 1.39 1.368 1.348 1.348 1.36 1.368 1.361 1.35 1.35
1.392 1.392 1.393 1.391 1.374 1.363 1.374 1.381 1.38 1.367 1.36 1.349 1.344 1.349 1.341 1.329 1.32 1.332 1.337 1.321 1.313 1.313
1.357 1.357 1.354 1.346 1.34 1.33 1.336 1.359 1.355 1.337 1.339 1.334 1.319 1.309 1.31 1.312 1.308 1.304 1.3 1.298 1.299 1.299
1.343 1.343 1.322 1.324 1.319 1.303 1.302 1.317 1.332 1.319 1.303 1.304 1.296 1.284 1.286 1.289 1.297 1.282 1.282 1.288 1.283 1.283
1.298 1.298 1.305 1.309 1.293 1.282 1.297 1.294 1.294 1.298 1.291 1.278 1.267 1.272 1.278 1.273 1.277 1.27 1.267 1.269 1.265 1.265
1.248 1.248 1.272 1.271 1.252 1.261 1.279 1.269 1.249 1.263 1.264 1.237 1.228 1.251 1.259 1.251 1.258 1.259 1.255 1.251 1.249 1.249
1.239 1.239 1.236 1.235 1.235 1.231 1.232 1.24 1.232 1.244 1.235 1.215 1.214 1.227 1.23 1.228 1.242 1.234 1.23 1.233 1.236 1.236
1.225 1.225 1.219 1.216 1.213 1.207 1.204 1.211 1.222 1.217 1.21 1.209 1.206 1.206 1.216 1.218 1.224 1.219 1.218 1.223 1.225 1.225
1.187 1.187 1.188 1.2 1.19 1.175 1.181 1.184 1.192 1.199 1.191 1.2 1.197 1.192 1.192 1.195 1.218 1.213 1.203 1.201 1.211 1.211
1.174 1.174 1.175 1.171 1.162 1.154 1.146 1.162 1.187 1.195 1.19 1.185 1.178 1.166 1.166 1.169 1.186 1.193 1.185 1.183 1.198 1.198
1.148 1.148 1.167 1.146 1.139 1.138 1.121 1.141 1.162 1.163 1.154 1.152 1.157 1.156 1.152 1.151 1.149 1.161 1.167 1.172 1.177 1.177
1.115 1.115 1.125 1.116 1.108 1.108 1.107 1.121 1.115 1.118 1.114 1.129 1.142 1.145 1.145 1.144 1.136 1.146 1.154 1.156 1.16 1.16
1.087 1.087 1.073 1.072 1.078 1.085 1.075 1.079 1.085 1.087 1.084 1.098 1.111 1.113 1.116 1.13 1.12 1.123 1.136 1.14 1.144 1.144
1.054 1.054 1.065 1.063 1.06 1.07 1.057 1.053 1.07 1.067 1.064 1.079 1.087 1.079 1.076 1.098 1.098 1.094 1.113 1.116 1.123 1.123
1.022 1.022 1.044 1.044 1.027 1.036 1.038 1.038 1.057 1.057 1.045 1.056 1.054 1.052 1.052 1.061 1.074 1.08 1.09 1.093 1.089 1.089
1.008 1.008 1.018 1.019 1.021 1.008 1.009 1.029 1.038 1.034 1.031 1.031 1.036 1.044 1.045 1.047 1.052 1.056 1.05 1.049 1.052 1.052
0.978 0.978 0.994 1.007 1.008 0.991 1 1.026 1.028 1.014 1.013 1.024 1.03 1.035 1.042 1.049 1.04 1.025 1.024 1.031 1.034 1.034
0.962 0.962 0.962 0.966 0.971 0.975 0.992 1.004 1.008 1.005 1.002 1.012 1.025 1.019 1.021 1.047 1.037 1.008 1.006 1.011 1.018 1.018
0.941 0.941 0.93 0.931 0.949 0.965 0.967 0.959 0.98 0.986 0.986 0.996 1.009 1.004 0.991 1 1.001 0.984 0.981 0.975 1.004 1.004
0.904 0.904 0.915 0.922 0.934 0.945 0.944 0.938 0.945 0.95 0.958 0.974 0.975 0.972 0.965 0.973 0.967 0.966 0.97 0.972 0.99 0.99
0.892 0.892 0.893 0.907 0.907 0.908 0.918 0.93 0.94 0.941 0.942 0.949 0.954 0.946 0.954 0.964 0.954 0.961 0.963 0.969 0.969 0.969
0.879 0.879 0.867 0.886 0.887 0.87 0.866 0.891 0.911 0.923 0.927 0.938 0.938 0.938 0.944 0.942 0.937 0.938 0.939 0.945 0.945 0.945
0.845 0.845 0.857 0.865 0.878 0.869 0.851 0.861 0.885 0.91 0.909 0.91 0.911 0.932 0.929 0.919 0.919 0.913 0.91 0.922 0.929 0.929
0.839 0.839 0.85 0.85 0.854 0.853 0.848 0.862 0.879 0.901 0.898 0.889 0.887 0.905 0.916 0.904 0.899 0.91 0.908 0.918 0.918 0.918
0.837 0.837 0.84 0.836 0.832 0.833 0.839 0.852 0.857 0.869 0.881 0.882 0.872 0.88 0.88 0.875 0.871 0.887 0.89 0.892 0.896 0.896
0.814 0.814 0.821 0.82 0.824 0.817 0.809 0.818 0.821 0.807 0.833 0.848 0.851 0.853 0.841 0.84 0.851 0.857 0.859 0.861 0.87 0.87
0.778 0.778 0.787 0.784 0.78 0.776 0.773 0.787 0.797 0.795 0.797 0.79 0.808 0.827 0.829 0.823 0.831 0.847 0.842 0.843 0.861 0.861
0.747 0.747 0.76 0.768 0.764 0.753 0.753 0.765 0.769 0.78 0.779 0.773 0.785 0.806 0.824 0.822 0.823 0.828 0.823 0.82 0.847 0.847
0.728 0.728 0.732 0.731 0.747 0.742 0.74 0.746 0.743 0.756 0.765 0.763 0.778 0.801 0.812 0.819 0.822 0.821 0.813 0.804 0.816 0.816
0.709 0.709 0.721 0.706 0.71 0.723 0.736 0.73 0.729 0.739 0.747 0.75 0.749 0.758 0.759 0.782 0.803 0.805 0.801 0.794 0.804 0.804
0.684 0.684 0.689 0.691 0.69 0.708 0.717 0.708 0.712 0.723 0.724 0.726 0.72 0.729 0.744 0.75 0.768 0.78 0.774 0.783 0.79 0.79
0.657 0.657 0.683 0.683 0.677 0.679 0.68 0.704 0.713 0.712 0.696 0.697 0.699 0.711 0.729 0.741 0.759 0.765 0.761 0.767 0.776 0.776
0.635 0.635 0.658 0.663 0.659 0.655 0.655 0.683 0.698 0.7 0.681 0.672 0.68 0.689 0.702 0.719 0.733 0.736 0.744 0.741 0.746 0.746
0.623 0.623 0.639 0.639 0.637 0.636 0.633 0.643 0.655 0.672 0.657 0.655 0.664 0.676 0.68 0.681 0.703 0.717 0.727 0.715 0.707 0.707
0.593 0.593 0.599 0.591 0.612 0.612 0.61 0.618 0.622 0.624 0.625 0.642 0.646 0.662 0.663 0.646 0.668 0.687 0.694 0.688 0.683 0.683
0.573 0.573 0.574 0.582 0.606 0.602 0.59 0.6 0.599 0.599 0.616 0.622 0.613 0.624 0.634 0.635 0.642 0.65 0.65 0.648 0.658 0.658
0.553 0.553 0.564 0.575 0.582 0.575 0.574 0.589 0.584 0.585 0.606 0.608 0.6 0.616 0.631 0.643 0.637 0.639 0.638 0.626 0.644 0.644
0.52 0.52 0.532 0.546 0.535 0.536 0.558 0.581 0.578 0.581 0.579 0.582 0.59 0.599 0.609 0.618 0.616 0.618 0.622 0.612 0.624 0.624
0.49 0.49 0.501 0.506 0.519 0.527 0.525 0.54 0.556 0.563 0.548 0.563 0.57 0.567 0.574 0.573 0.573 0.575 0.592 0.594 0.603 0.603
0.466 0.466 0.472 0.478 0.484 0.492 0.493 0.505 0.515 0.526 0.526 0.53 0.543 0.55 0.552 0.552 0.545 0.553 0.562 0.568 0.586 0.586
0.44 0.44 0.446 0.457 0.456 0.469 0.489 0.489 0.504 0.51 0.504 0.502 0.522 0.533 0.529 0.528 0.522 0.533 0.539 0.542 0.571 0.571
0.419 0.419 0.423 0.426 0.441 0.442 0.453 0.477 0.49 0.492 0.488 0.489 0.501 0.514 0.515 0.513 0.503 0.512 0.524 0.519 0.555 0.555
0.392 0.392 0.391 0.392 0.41 0.41 0.42 0.455 0.46 0.465 0.476 0.49 0.487 0.487 0.5 0.505 0.498 0.495 0.512 0.509 0.521 0.521
0.364 0.364 0.363 0.374 0.388 0.387 0.405 0.431 0.434 0.439 0.435 0.454 0.456 0.453 0.46 0.477 0.497 0.486 0.498 0.499 0.492 0.492
0.359 0.359 0.354 0.356 0.36 0.372 0.387 0.395 0.406 0.42 0.405 0.419 0.429 0.43 0.43 0.447 0.465 0.456 0.459 0.459 0.467 0.467
0.349 0.349 0.335 0.333 0.339 0.352 0.369 0.373 0.386 0.39 0.395 0.41 0.414 0.407 0.403 0.425 0.433 0.422 0.428 0.422 0.449 0.449
0.308 0.308 0.301 0.307 0.322 0.32 0.329 0.355 0.349 0.352 0.366 0.381 0.384 0.385 0.383 0.398 0.405 0.404 0.409 0.407 0.437 0.437
0.272 0.272 0.28 0.286 0.293 0.295 0.312 0.324 0.33 0.337 0.339 0.338 0.35 0.359 0.361 0.368 0.384 0.403 0.405 0.397 0.406 0.406
0.242 0.242 0.259 0.266 0.269 0.271 0.287 0.297 0.311 0.318 0.307 0.306 0.313 0.323 0.349 0.356 0.37 0.386 0.38 0.383 0.386 0.386
0.203 0.203 0.224 0.232 0.24 0.259 0.269 0.271 0.277 0.28 0.269 0.279 0.291 0.307 0.324 0.333 0.343 0.339 0.339 0.352 0.359 0.359
0.185 0.185 0.191 0.21 0.211 0.233 0.248 0.237 0.246 0.248 0.255 0.273 0.271 0.289 0.302 0.316 0.326 0.323 0.333 0.331 0.328 0.328
0.161 0.161 0.16 0.157 0.179 0.197 0.221 0.234 0.231 0.225 0.235 0.255 0.246 0.247 0.272 0.295 0.294 0.299 0.307 0.298 0.317 0.317
0.118 0.118 0.114 0.115 0.15 0.172 0.181 0.207 0.207 0.2 0.205 0.224 0.233 0.229 0.244 0.265 0.262 0.27 0.282 0.288 0.31 0.31
0.079 0.079 0.077 0.102 0.13 0.12 0.136 0.148 0.156 0.18 0.191 0.201 0.212 0.207 0.221 0.245 0.24 0.242 0.266 0.277 0.303 0.303
0.063 0.063 0.063 0.076 0.096 0.077 0.098 0.115 0.119 0.152 0.17 0.174 0.18 0.188 0.194 0.217 0.223 0.224 0.238 0.24 0.277 0.277
0.049 0.049 0.04 0.046 0.062 0.064 0.079 0.082 0.09 0.114 0.14 0.137 0.149 0.16 0.164 0.187 0.21 0.2 0.211 0.22 0.238 0.238
0.039 0.039 0.03 0.036 0.052 0.054 0.069 0.072 0.08 0.104 0.13 0.127 0.139 0.15 0.154 0.177 0.2 0.19 0.201 0.21 0.228 0.228
