p1vegcover.asc
ncols         22
nrows         62
xllcorner     0.00000000
yllcorner     0.00000000
cellsize      0.5
nodata_value  -9999
7 7 39 100 94 0 100 57 12 74 94 94 100 100 100 100 88 98 74 21 7 7
7 7 39 100 94 0 100 57 12 74 94 94 100 100 100 100 88 98 74 21 7 7
23 23 100 100 92 11 76 23 71 75 40 40 0 71 100 100 100 78 14 100 100 100
100 100 0 89 0 63 98 71 96 68 100 100 100 100 17 99 85 100 73 24 51 51
78 78 3 0 18 0 19 34 10 13 100 100 19 27 92 100 100 100 7 0 100 100
32 32 61 0 100 32 2 32 100 54 48 100 89 96 100 0 100 98 80 100 27 27
39 39 0 68 1 8 0 100 12 73 35 19 38 100 100 2 56 99 100 100 89 89
90 90 64 24 95 36 37 79 64 79 0 64 100 0 79 2 52 97 22 18 100 100
63 63 0 92 19 48 0 7 88 100 90 68 96 88 5 12 48 81 62 82 3 3
100 100 43 76 64 71 0 74 47 61 100 70 54 34 42 1 61 56 39 7 100 100
3 3 82 100 7 4 91 100 19 100 30 93 6 99 96 9 100 85 9 25 100 100
84 84 42 100 97 100 44 100 0 58 55 0 39 5 0 1 20 53 62 0 0 0
74 74 6 0 0 51 94 0 100 0 1 23 0 0 94 92 3 94 100 95 94 94
33 33 91 83 54 100 0 31 12 15 78 46 68 47 51 98 50 42 46 46 33 33
27 27 83 2 0 1 0 98 100 100 24 78 32 86 0 98 52 100 1 20 2 2
0 0 91 32 47 50 0 78 6 51 11 49 33 94 58 49 49 51 0 59 14 14
99 99 17 99 0 48 0 58 1 0 0 100 99 100 0 100 47 100 38 83 0 0
34 34 0 0 0 75 0 80 0 0 0 78 32 88 100 2 50 52 20 48 0 0
0 0 17 62 0 2 0 0 88 0 74 74 68 88 58 100 46 4 2 100 97 97
56 56 0 62 0 21 0 0 100 0 0 87 0 7 0 43 0 3 72 100 0 0
28 28 16 0 92 0 0 3 7 0 0 98 38 19 58 0 92 100 0 0 0 0
0 0 82 52 58 59 58 59 36 19 9 78 13 41 100 99 31 92 37 0 30 30
100 100 82 60 7 5 89 100 11 11 0 100 96 11 100 13 47 11 33 98 35 35
55 55 7 0 58 48 98 22 100 58 48 38 100 100 78 100 48 35 39 0 45 45
0 0 0 38 92 59 100 51 100 37 100 100 90 88 55 14 41 0 68 18 76 76
48 48 0 100 5 34 36 80 100 44 78 85 56 4 100 100 0 63 21 72 66 66
87 87 0 42 99 0 17 47 85 32 100 86 61 0 93 17 0 16 0 18 23 23
0 0 57 62 92 0 98 40 9 32 100 0 53 100 18 100 31 34 38 69 19 19
0 0 100 0 6 42 78 66 3 53 18 5 0 18 100 100 100 21 51 35 22 22
100 100 77 100 0 72 2 31 37 100 79 79 24 9 16 0 51 0 90 100 0 0
0 0 100 28 76 87 0 58 76 0 81 23 49 34 24 0 52 0 47 20 0 0
0 0 82 0 0 0 0 56 0 0 0 0 8 24 100 0 0 30 28 82 21 21
92 92 82 0 95 34 98 58 24 49 0 0 76 24 100 1 0 67 0 40 80 80
57 57 100 0 94 42 78 9 0 14 22 84 100 100 66 77 89 73 0 65 0 0
0 0 62 100 0 84 99 0 27 68 84 0 0 91 71 98 85 0 69 100 41 41
28 28 100 11 1 52 2 0 15 12 14 19 0 12 93 98 91 6 82 86 5 5
100 100 100 0 32 66 36 100 0 0 51 0 0 0 100 0 100 0 21 100 100 100
100 100 100 54 79 86 14 64 100 86 86 0 95 12 8 86 55 99 100 12 14 14
83 83 7 86 92 0 0 62 0 25 0 38 0 45 100 62 82 38 61 38 27 27
28 28 26 96 0 0 2 51 100 89 78 11 29 78 38 0 100 93 62 84 3 3
28 28 90 85 96 100 59 51 41 0 100 0 0 88 17 2 0 0 0 0 70 70
100 100 16 35 100 7 2 42 0 0 22 94 0 92 3 90 96 0 0 82 25 25
88 88 82 100 41 23 56 56 100 100 90 34 86 94 25 0 27 0 79 0 0 0
28 28 97 4 100 100 96 2 100 4 0 3 0 4 98 98 2 0 4 79 71 71
100 100 0 62 0 48 1 58 93 0 37 0 32 6 22 100 28 96 51 61 14 14
1 1 0 62 0 48 3 99 88 67 0 0 100 12 0 3 100 8 0 83 72 72
0 0 9 49 53 23 52 100 56 100 11 0 49 0 29 0 0 100 100 51 0 0
27 27 2 1 0 52 100 41 88 68 100 99 100 0 98 98 1 0 62 98 98 98
0 0 0 34 46 24 46 58 53 63 58 12 46 0 81 0 48 50 46 53 0 0
100 100 0 59 0 6 6 43 6 36 0 79 94 94 0 92 0 92 0 79 0 0
69 69 55 58 7 100 1 82 95 68 58 55 39 0 0 99 27 4 36 35 42 42
3 3 0 0 0 0 9 61 0 32 20 20 0 100 0 0 43 91 34 23 100 100
89 89 61 23 0 29 2 0 66 100 56 53 74 66 0 1 61 61 23 50 0 0
100 100 100 100 7 88 100 50 23 0 0 0 0 0 100 2 46 0 55 26 100 100
0 0 89 46 33 17 0 0 44 21 14 28 32 0 37 0 30 5 87 82 36 36
77 77 69 47 100 0 18 36 0 0 16 100 0 74 55 82 8 94 0 97 0 0
81 81 39 100 100 0 33 58 88 0 78 7 32 100 81 68 100 98 68 0 49 49
59 59 0 7 1 81 2 92 83 0 96 85 19 0 42 2 100 100 49 86 0 0
100 100 0 100 2 100 100 29 91 77 22 23 100 0 100 100 34 71 100 42 79 79
6 6 78 43 6 48 22 67 0 52 5 22 0 90 42 22 89 79 92 100 27 27
72 72 26 100 74 12 25 0 65 0 26 20 26 3 0 26 26 0 0 26 0 0
72 72 26 100 74 12 25 0 65 0 26 20 26 3 0 26 26 0 0 26 0 0
