p2_rainA_highsm_sedtr.asc
ncols     22
nrows     62
xllcorner      0.00000000
yllcorner      0.00000000
cellsize      0.50000000
nodata_value -9999
0.0000E+00 0.0000E+00 0.0000E+00 0.0000E+00 0.0000E+00 0.0000E+00 0.0000E+00 0.0000E+00 0.0000E+00 0.0000E+00 0.0000E+00 0.0000E+00 0.0000E+00 0.0000E+00 0.0000E+00 0.0000E+00 0.0000E+00 0.0000E+00 0.0000E+00 0.0000E+00 0.0000E+00 0.0000E+00
0.0000E+00 0.2949E+00 0.2295E+00 0.2204E+00 0.1331E+00 0.3398E+00 0.4239E+00 0.1694E+00 0.9243E-01 0.2389E+00 0.2138E+00 0.4663E+00 0.3962E+00 0.3983E+00 0.3300E+00 0.1067E+00 0.4324E+00 0.6100E+00 0.1073E+00 0.2160E+00 0.6539E+00 0.0000E+00
0.0000E+00 0.2955E+00 0.8146E+00 0.2668E+00 0.7754E+00 0.6637E+00 0.4029E+00 0.1090E+00 0.1602E+00 0.4559E+00 0.5770E+00 0.5109E+00 0.5693E+00 0.1001E+00 0.8457E+00 0.3076E+00 0.3672E+00 0.7388E+00 0.3915E+00 0.6661E+00 0.9888E+00 0.0000E+00
0.0000E+00 0.4010E+00 0.1022E+01 0.5603E+00 0.6094E+00 0.6142E+00 0.4596E+00 0.2890E+00 0.5250E+00 0.8212E+00 0.8764E+00 0.1137E+01 0.9631E+00 0.4917E+00 0.1213E+01 0.4532E+00 0.3834E+00 0.1066E+01 0.6257E+00 0.1152E+01 0.1617E+01 0.0000E+00
0.0000E+00 0.3563E+00 0.1040E+01 0.1973E+01 0.1020E+01 0.7736E+00 0.5591E+00 0.4018E+00 0.2713E+00 0.9747E+00 0.4726E+00 0.1292E+01 0.1069E+01 0.6669E-01 0.1242E+01 0.3854E+00 0.7924E+00 0.1640E+01 0.7460E-01 0.5038E+00 0.1707E+01 0.0000E+00
0.0000E+00 0.4120E+00 0.3331E+00 0.1883E+01 0.1566E+00 0.4339E-01 0.7986E+00 0.4864E+00 0.3033E+00 0.9158E+00 0.1026E+00 0.1404E+01 0.1879E+01 0.3226E+00 0.1062E+01 0.1927E+00 0.2895E+00 0.1609E+01 0.4134E+00 0.8065E+00 0.1708E+01 0.0000E+00
0.0000E+00 0.1539E+00 0.5099E-01 0.1805E+01 0.1104E+00 0.9344E-01 0.7451E+00 0.9040E-01 0.6512E+00 0.8948E+00 0.4006E+00 0.3257E+00 0.1906E+01 0.3652E+00 0.1082E+01 0.1317E+01 0.1466E+01 0.2505E+01 0.2457E+01 0.9593E+00 0.1648E+01 0.0000E+00
0.0000E+00 0.3951E+00 0.1221E+00 0.1630E+01 0.1548E+00 0.2388E+00 0.6758E+00 0.2392E+00 0.5693E+00 0.1328E+01 0.6353E+00 0.2982E+00 0.1845E+01 0.7890E+00 0.3412E+00 0.9188E-01 0.3399E+00 0.5564E+00 0.2543E+01 0.2848E+01 0.3806E+01 0.0000E+00
0.0000E+00 0.3680E+00 0.1584E+01 0.1657E+01 0.3821E+00 0.5043E+00 0.6279E+00 0.4033E+00 0.7985E+00 0.1851E+01 0.6053E+00 0.6475E+00 0.2091E+01 0.6877E+00 0.9935E-01 0.5774E-01 0.4273E+00 0.3589E+00 0.4146E+00 0.6005E-01 0.3437E+01 0.0000E+00
0.0000E+00 0.4879E+00 0.1594E+01 0.9636E-01 0.5593E+00 0.5114E+00 0.1129E+01 0.1262E+01 0.1148E+01 0.2537E+01 0.2727E+01 0.9611E+00 0.2251E+01 0.4810E+00 0.2095E+00 0.9707E-01 0.2988E+00 0.7925E+00 0.4912E+00 0.9977E-01 0.3249E+01 0.0000E+00
0.0000E+00 0.3956E+00 0.1545E+01 0.8033E+00 0.5082E+00 0.5285E+00 0.1290E+00 0.6308E-01 0.7706E-01 0.1280E+00 0.2547E+01 0.3013E+01 0.1987E+01 0.9243E-01 0.7207E-01 0.1377E+00 0.4121E+00 0.1161E+01 0.4264E+00 0.6669E-01 0.3065E+01 0.0000E+00
0.0000E+00 0.6532E+00 0.1991E+01 0.2351E+01 0.4671E+00 0.4645E+00 0.2184E+00 0.2866E+00 0.6233E+00 0.4875E+00 0.5831E+00 0.4814E+01 0.2085E+01 0.4969E+00 0.5799E+00 0.2457E+00 0.2397E+00 0.1357E+01 0.4326E+00 0.6943E-01 0.3021E+01 0.0000E+00
0.0000E+00 0.1172E+00 0.1091E+00 0.2204E+01 0.2377E+01 0.2622E+01 0.2784E+00 0.7244E+00 0.1025E+01 0.1308E+00 0.1677E+00 0.4562E+01 0.2983E+00 0.2480E+00 0.6855E+00 0.1189E+00 0.2903E+00 0.1256E+01 0.7206E-01 0.4692E+00 0.2951E+01 0.0000E+00
0.0000E+00 0.4959E+00 0.4724E+00 0.5620E+00 0.2998E+00 0.2421E+01 0.3587E+01 0.1464E+01 0.1107E+01 0.5560E+00 0.1543E+00 0.4322E+01 0.2494E+00 0.7206E-01 0.5771E+00 0.2700E+00 0.7860E+00 0.1211E+01 0.3932E+00 0.7197E+00 0.2920E+01 0.0000E+00
0.0000E+00 0.5762E+00 0.4023E+00 0.1245E+01 0.2914E+00 0.6384E-01 0.3315E+01 0.5095E+00 0.5133E+00 0.2376E+00 0.7019E+00 0.4159E+01 0.6939E+00 0.1525E+00 0.7349E+00 0.4655E+00 0.1046E+01 0.1800E+01 0.7547E+00 0.1075E+01 0.2997E+01 0.0000E+00
0.0000E+00 0.5021E+00 0.3271E+00 0.1220E+01 0.4622E+00 0.2140E+00 0.3198E+01 0.8963E+00 0.8062E+00 0.2258E+00 0.6971E+00 0.4087E+01 0.9294E+00 0.5267E+00 0.1275E+01 0.3486E+00 0.3870E+00 0.1562E+01 0.9033E+00 0.1123E+01 0.2868E+01 0.0000E+00
0.0000E+00 0.4406E+00 0.1769E+00 0.1065E+01 0.7998E+00 0.3000E+00 0.3126E+01 0.1183E+01 0.7526E+00 0.6670E+00 0.1312E+01 0.3971E+01 0.9870E+00 0.1519E+01 0.1446E+01 0.3289E+00 0.5667E+00 0.1415E+01 0.1083E+01 0.1418E+01 0.2923E+01 0.0000E+00
0.0000E+00 0.4477E+00 0.5876E+00 0.1373E+01 0.1798E+01 0.2833E+00 0.3228E+01 0.1388E+01 0.4662E+00 0.4886E+00 0.1612E+01 0.3874E+01 0.1097E+01 0.1553E+01 0.3804E+00 0.7207E+00 0.7447E+00 0.1430E+01 0.2102E+01 0.1696E+01 0.3169E+01 0.0000E+00
0.0000E+00 0.1301E+00 0.8567E-01 0.3487E+00 0.1654E+01 0.2801E+00 0.3225E+01 0.1167E+01 0.9704E+00 0.3484E+00 0.1381E+01 0.4906E+01 0.2081E+01 0.1455E+01 0.3124E+00 0.1173E+01 0.9249E+00 0.7706E-01 0.2079E+01 0.3093E+01 0.3084E+01 0.0000E+00
0.0000E+00 0.1698E+00 0.5031E+00 0.6014E+00 0.1506E+01 0.4402E+00 0.3188E+01 0.1168E+01 0.1229E+01 0.6047E+00 0.2347E+00 0.4752E+01 0.1858E+01 0.5100E+00 0.5478E+00 0.1244E+01 0.1003E+01 0.3313E+00 0.5238E+00 0.3105E+01 0.5673E+01 0.0000E+00
0.0000E+00 0.1964E+00 0.7945E-01 0.5041E+00 0.1533E+01 0.8543E+00 0.2952E+01 0.3832E+01 0.1770E+01 0.6107E+00 0.4671E+00 0.4818E+01 0.1810E+01 0.4339E+00 0.8220E+00 0.1491E+01 0.9712E+00 0.6100E+00 0.4807E+00 0.4593E+00 0.5658E+01 0.0000E+00
0.0000E+00 0.2214E+00 0.1470E+00 0.5426E+00 0.1535E+01 0.6403E+00 0.3813E+00 0.3682E+01 0.1696E+01 0.2570E+00 0.2027E+00 0.4600E+01 0.1661E+01 0.1789E+01 0.2311E+01 0.1333E+01 0.1015E+01 0.1179E+01 0.5708E+00 0.5451E+00 0.5360E+01 0.0000E+00
0.0000E+00 0.2347E+00 0.5542E+00 0.5035E+00 0.1382E+01 0.6155E+00 0.4042E+00 0.3607E+01 0.1351E+01 0.2135E+00 0.5720E+00 0.4465E+01 0.8176E-01 0.8832E-01 0.2124E+01 0.1192E+01 0.8690E+00 0.1480E+01 0.4170E+00 0.8669E+00 0.5165E+01 0.0000E+00
0.0000E+00 0.4664E+00 0.9382E+00 0.4569E+00 0.1669E+01 0.2069E+01 0.4460E+00 0.4578E+01 0.1314E+01 0.4217E+00 0.5639E+00 0.4405E+01 0.5379E+00 0.1776E+00 0.1892E+01 0.9896E+00 0.1048E+01 0.1996E+01 0.6393E+00 0.8399E+00 0.5025E+01 0.0000E+00
0.0000E+00 0.7104E+00 0.8313E+00 0.7335E+00 0.4936E+00 0.1923E+01 0.2032E+01 0.4444E+01 0.1875E+00 0.8280E+00 0.8856E+00 0.4464E+01 0.4668E+01 0.3569E+00 0.1711E+01 0.1098E+01 0.3252E+00 0.2112E+01 0.5484E+00 0.1013E+01 0.4894E+01 0.0000E+00
0.0000E+00 0.6642E+00 0.1132E+01 0.5945E+00 0.8406E+00 0.1172E+00 0.1912E+01 0.4449E+01 0.5121E+00 0.8950E+00 0.1216E+01 0.4024E+00 0.4341E+01 0.4394E+01 0.1660E+01 0.2524E+01 0.3995E+00 0.1954E+01 0.7503E+00 0.8509E+00 0.4949E+01 0.0000E+00
0.0000E+00 0.5704E+00 0.1314E+01 0.8893E+00 0.9712E+00 0.2651E+00 0.2031E+01 0.4340E+01 0.4813E+00 0.1244E+01 0.1012E+01 0.6130E+00 0.5392E+00 0.4435E+01 0.6418E+00 0.2436E+01 0.7046E+00 0.1871E+01 0.8894E+00 0.9560E+00 0.4919E+01 0.0000E+00
0.0000E+00 0.5971E-01 0.1148E+01 0.1986E+01 0.8121E+00 0.1655E+00 0.2196E+01 0.4269E+01 0.4094E+00 0.1491E+01 0.1058E+01 0.6067E+00 0.7720E+00 0.4512E+01 0.5940E+00 0.2513E+01 0.8279E+00 0.1683E+01 0.7506E+00 0.9313E+00 0.5386E+01 0.0000E+00
0.0000E+00 0.1090E+00 0.2328E+00 0.1828E+01 0.7403E+00 0.5503E+00 0.2215E+01 0.4208E+01 0.6575E+00 0.1310E+01 0.1374E+01 0.9005E+00 0.6999E+00 0.4429E+01 0.6999E+00 0.2706E+01 0.7671E+00 0.1505E+01 0.1023E+01 0.3486E+00 0.5139E+01 0.0000E+00
0.0000E+00 0.1765E+00 0.3645E+00 0.2489E+01 0.7863E+00 0.7254E+00 0.2161E+01 0.4202E+01 0.5618E+00 0.1692E+01 0.1549E+01 0.1260E+01 0.8336E+00 0.4355E+01 0.8401E-01 0.2583E+01 0.6262E+00 0.1493E+01 0.9561E+00 0.7602E+00 0.5130E+01 0.0000E+00
0.0000E+00 0.3496E+00 0.2976E+00 0.2295E+01 0.9243E-01 0.1051E+01 0.2072E+01 0.4175E+01 0.5176E+00 0.1784E+01 0.1575E+01 0.1406E+01 0.1229E+01 0.4347E+01 0.5935E+00 0.2588E+01 0.1196E+01 0.1801E+01 0.1126E+01 0.7391E+00 0.5073E+01 0.0000E+00
0.0000E+00 0.2263E+00 0.3147E+00 0.2144E+01 0.1467E+00 0.1089E+01 0.2064E+01 0.4147E+01 0.8793E-01 0.1656E+01 0.2734E+01 0.1215E+01 0.2006E+01 0.4901E+01 0.6757E+00 0.2589E+01 0.1283E+01 0.2519E+01 0.1054E+01 0.5932E+00 0.4972E+01 0.0000E+00
0.0000E+00 0.5715E+00 0.2953E+00 0.2005E+01 0.1594E+00 0.1096E+01 0.2041E+01 0.4240E+01 0.7549E+00 0.2409E+00 0.2418E+01 0.4597E+00 0.1763E+01 0.4798E+01 0.2459E+00 0.2440E+01 0.2393E+01 0.2251E+01 0.1033E+01 0.7607E+00 0.4924E+01 0.0000E+00
0.0000E+00 0.5110E+00 0.4491E+00 0.2081E+01 0.8015E+00 0.1186E+01 0.2020E+01 0.4287E+01 0.6686E+00 0.6833E+00 0.2389E+01 0.4731E+00 0.1631E+01 0.5123E+01 0.6206E+00 0.5633E+00 0.2445E+01 0.2051E+01 0.9886E+00 0.1048E+01 0.4973E+01 0.0000E+00
0.0000E+00 0.6622E+00 0.5427E+00 0.2054E+01 0.9537E+00 0.1177E+01 0.2043E+01 0.4337E+01 0.8106E+00 0.1044E+01 0.2253E+01 0.9373E+00 0.1680E+01 0.5049E+01 0.6930E+00 0.1151E+01 0.2377E+01 0.1981E+01 0.2720E+01 0.1274E+01 0.4997E+01 0.0000E+00
0.0000E+00 0.1142E+01 0.4964E+00 0.2047E+01 0.9121E+00 0.1388E+01 0.3080E+01 0.4380E+01 0.8194E+00 0.1141E+01 0.2448E+01 0.1292E+01 0.1515E+01 0.4883E+01 0.9903E+00 0.1187E+01 0.2385E+01 0.6200E+00 0.2701E+01 0.5750E+01 0.4816E+01 0.0000E+00
0.0000E+00 0.1156E+01 0.1425E+00 0.2038E+01 0.9771E+00 0.1591E+00 0.2966E+01 0.4864E+01 0.7030E+00 0.8733E+00 0.2397E+01 0.1145E+01 0.6143E+01 0.4877E+01 0.1241E+01 0.1114E+01 0.2458E+01 0.7023E+00 0.2867E+01 0.5550E+01 0.1072E+00 0.0000E+00
0.0000E+00 0.1594E+01 0.3026E+00 0.1992E+01 0.9087E+00 0.3279E+00 0.2824E+01 0.4779E+01 0.8619E-01 0.7715E+00 0.2719E+01 0.3356E+01 0.5979E+01 0.4820E+00 0.1352E+01 0.1078E+01 0.2436E+01 0.4878E+00 0.2709E+01 0.5496E+01 0.2068E+00 0.0000E+00
0.0000E+00 -.8261E-07 0.8902E+00 0.1914E+01 0.9201E+00 0.5045E+00 0.2814E+01 0.4665E+01 0.9826E-01 0.8832E-01 0.5100E-01 0.3105E+01 0.6353E+01 0.8940E+00 0.1195E+01 0.1152E+01 0.2465E+01 0.1069E+01 0.2723E+01 0.5522E+01 0.4340E+00 0.0000E+00
0.0000E+00 0.2293E+00 0.1182E+01 0.1929E+01 0.8278E+00 0.7514E+00 0.2701E+01 0.4648E+01 0.1603E+00 0.1758E+00 0.1317E+00 0.2924E+01 0.6160E+01 0.6453E+00 0.1198E+01 0.9692E+00 0.2500E+01 0.1070E+01 0.2622E+01 0.5398E+01 0.4001E+00 0.0000E+00
0.0000E+00 0.1020E+00 0.1023E+01 0.2619E+01 0.7949E+00 0.9232E+00 0.2655E+01 0.4636E+01 0.4281E+00 0.5802E+00 0.3657E+00 0.2894E+01 0.6130E+01 0.1015E+01 0.1561E+01 0.1080E+01 0.2624E+01 0.1272E+01 0.2702E+01 0.5396E+01 0.5377E+00 0.0000E+00
0.0000E+00 0.1125E+00 0.1001E+00 0.2556E+01 0.7829E+00 0.1281E+01 0.2614E+01 0.4705E+01 0.1056E+01 0.5541E+00 0.4110E+00 0.2826E+01 0.6802E+01 0.1227E+01 0.1804E+01 0.9629E+00 0.2557E+01 0.1129E+01 0.2816E+01 0.5545E+01 0.6742E+00 0.0000E+00
0.0000E+00 0.4419E+00 0.4917E+00 0.2552E+01 0.1323E+01 0.1463E+01 0.2607E+01 0.4688E+01 0.1238E+01 0.9745E+00 0.4319E+00 0.2704E+01 0.6563E+01 0.1309E+00 0.1877E+01 0.1487E+01 0.2621E+01 0.1504E+01 0.2814E+01 0.5971E+01 0.6602E+00 0.0000E+00
0.0000E+00 0.4453E+00 0.1031E+01 0.2391E+01 0.1390E+01 0.1425E+01 0.2587E+01 0.4637E+01 0.1337E+01 0.9844E+00 0.1177E+01 0.2873E+01 0.6448E+01 0.1897E+00 0.1869E+01 0.2006E+01 0.3099E+01 0.1334E+01 0.2917E+01 0.6258E+01 0.2581E+00 0.0000E+00
0.0000E+00 0.6821E+00 0.1203E+01 0.2315E+01 0.1218E+01 0.1702E+01 0.2586E+01 0.4717E+01 0.1176E+01 0.1411E+01 0.1587E+01 0.2959E+01 0.6383E+01 0.3277E+00 0.1923E+01 0.1714E+01 0.3042E+01 0.1596E+01 0.2805E+01 0.6451E+01 0.5053E+00 0.0000E+00
0.0000E+00 0.1389E+01 0.9920E+00 0.2275E+01 0.1476E+01 0.1831E+01 0.2804E+01 0.4754E+01 0.1052E+01 0.1657E+01 0.1767E+01 0.2843E+01 0.6325E+01 0.9258E+00 0.2177E+01 0.1957E+01 0.3035E+01 0.1752E+01 0.2890E+01 0.6365E+01 0.2540E+00 0.0000E+00
0.0000E+00 0.2350E+01 0.1016E+01 0.2349E+01 0.1424E+01 0.1745E+01 0.2799E+01 0.4676E+01 0.1178E+01 0.1562E+01 0.1743E+01 0.2855E+01 0.6269E+01 0.1193E+01 0.1898E+01 0.1965E+01 0.3221E+01 0.1833E+01 0.2949E+01 0.6207E+01 0.2873E+00 0.0000E+00
0.0000E+00 0.1948E+01 0.1073E+00 0.2406E+01 0.1291E+01 0.1549E+01 0.2812E+01 0.4637E+01 0.1108E+01 0.1712E+01 0.1468E+01 0.2730E+01 0.6240E+01 0.9854E+00 0.1876E+01 0.1797E+01 0.3257E+01 0.1607E+01 0.2796E+01 0.6069E+01 0.2957E+00 0.0000E+00
0.0000E+00 0.2049E+01 0.3068E+00 0.2355E+01 0.1609E+01 0.4034E+01 0.2815E+01 0.4797E+01 0.1151E+01 0.2618E+01 0.1361E+01 0.2612E+01 0.6203E+01 0.9021E+00 0.1879E+01 0.1934E+01 0.3199E+01 0.1434E+01 0.2735E+01 0.6014E+01 0.3348E+00 0.0000E+00
0.0000E+00 0.1927E+01 0.1203E+00 0.2333E+01 0.1867E+01 0.4071E+01 0.1154E+00 0.5016E+01 0.1402E+01 0.2399E+01 0.7527E-01 0.2748E+01 0.6414E+01 0.1503E+01 0.2165E+01 0.1735E+01 0.3132E+01 0.1319E+01 0.2712E+01 0.6009E+01 0.3731E+00 0.0000E+00
0.0000E+00 0.1825E+01 0.5239E+00 0.2323E+01 0.2008E+01 0.3930E+01 0.1601E+00 0.4977E+01 0.1493E+01 0.2549E+01 0.5942E+00 0.2981E+01 0.9000E+01 0.1640E+01 0.2285E+01 0.2098E+01 0.3451E+01 0.1550E+01 0.2712E+01 0.6029E+01 0.4337E+00 0.0000E+00
0.0000E+00 0.1745E+01 0.5183E+00 0.2423E+01 0.2068E+01 0.3818E+01 0.2238E+00 0.4932E+01 0.1330E+01 0.2436E+01 0.6270E+00 0.6498E+00 0.8882E+01 0.1742E+01 0.2306E+01 0.1878E+01 0.3301E+01 0.1819E+01 0.2802E+01 0.6085E+01 0.9034E+00 0.0000E+00
0.0000E+00 0.1757E+01 0.8561E+00 0.2608E+01 0.2187E+01 0.3876E+01 0.3229E+00 0.5021E+01 0.1304E+01 0.2586E+01 0.5627E+00 0.9545E+00 0.8843E+01 0.1869E+01 0.2144E+01 0.1903E+01 0.3366E+01 0.1866E+01 0.2964E+01 0.6048E+01 0.9843E+00 0.0000E+00
0.0000E+00 0.1732E+01 0.8947E+00 0.2440E+01 0.2061E+01 0.3772E+01 0.8360E+00 0.5167E+01 0.1625E+01 0.2502E+01 0.6999E+00 0.8953E+00 0.8753E+01 0.2029E+01 0.2002E+01 0.1907E+01 0.3375E+01 0.2271E+01 0.2958E+01 0.6101E+01 0.1045E+01 0.0000E+00
0.0000E+00 0.1766E+01 0.9489E+00 0.2431E+01 0.1857E+01 0.3791E+01 0.1431E+01 0.5232E+01 0.1669E+01 0.2501E+01 0.8389E+00 0.8053E+00 0.8697E+01 0.2097E+01 0.1876E+01 0.1890E+01 0.5029E+01 0.2438E+01 0.3134E+01 0.6117E+01 0.1224E+01 0.0000E+00
0.0000E+00 0.1646E+01 0.1129E+01 0.2391E+01 0.1707E+01 0.3667E+01 0.1702E+01 0.5275E+01 0.1838E+01 0.2376E+01 0.1140E+01 0.1067E+01 0.8765E+01 0.2050E+01 0.2059E+01 0.1460E+00 0.4921E+01 0.6807E+01 0.3215E+01 0.6200E+01 0.1678E+01 0.0000E+00
0.0000E+00 0.1652E+01 0.9586E+00 0.2471E+01 0.1611E+01 0.3739E+01 0.1782E+01 0.5323E+01 0.1998E+01 0.2547E+01 0.1108E+01 0.1275E+01 0.8709E+01 0.2083E+01 0.2011E+01 0.8366E+00 0.3984E+00 0.6594E+01 0.3179E+01 0.6134E+01 0.1418E+01 0.0000E+00
0.0000E+00 0.1529E+01 0.1054E+01 0.2501E+01 0.1858E+01 0.3786E+01 0.1514E+01 0.5283E+01 0.2207E+01 0.2615E+01 0.1026E+01 0.1544E+01 0.8814E+01 0.2197E+01 0.2179E+01 0.1092E+01 0.3803E+00 0.6203E+01 0.8903E+01 0.6225E+01 0.1282E+01 0.0000E+00
0.0000E+00 0.1753E+01 0.9744E+00 0.2458E+01 0.1905E+01 0.3707E+01 0.1565E+01 0.5267E+01 0.1919E+01 0.2516E+01 0.1025E+01 0.1706E+01 0.8741E+01 0.2346E+01 0.2191E+01 0.9004E+00 0.6342E+00 0.5005E+00 0.8623E+01 0.6342E+01 0.1690E+01 0.0000E+00
0.0000E+00 0.1862E+01 0.8079E+00 0.3154E+01 0.1688E+01 0.5198E+01 0.1392E+01 0.5333E+01 0.1759E+01 0.2554E+01 0.1048E+01 0.1672E+01 0.8816E+01 0.2499E+01 0.1982E+01 0.1151E+01 0.6122E+00 0.5643E+00 0.8407E+01 0.7497E+01 0.1476E+01 0.0000E+00
0.0000E+00 0.1764E+01 0.1020E+00 0.3044E+01 0.9255E-01 0.5093E+01 0.1241E+01 0.6393E+01 0.7812E+01 0.2298E+01 0.1157E+01 0.1510E+01 0.8746E+01 0.3991E+01 0.1924E+01 0.1057E+01 0.1590E+01 0.6812E+00 0.8171E+01 0.7353E+01 0.6943E-01 0.0000E+00
0.0000E+00 0.0000E+00 0.0000E+00 0.0000E+00 0.0000E+00 0.0000E+00 0.0000E+00 0.0000E+00 0.0000E+00 0.0000E+00 0.0000E+00 0.0000E+00 0.0000E+00 0.0000E+00 0.0000E+00 0.0000E+00 0.0000E+00 0.0000E+00 0.0000E+00 0.0000E+00 0.0000E+00 0.0000E+00
