p2_rainC_medsm_sedtr.asc
ncols     22
nrows     62
xllcorner      0.00000000
yllcorner      0.00000000
cellsize      0.50000000
nodata_value -9999
0.0000E+00 0.0000E+00 0.0000E+00 0.0000E+00 0.0000E+00 0.0000E+00 0.0000E+00 0.0000E+00 0.0000E+00 0.0000E+00 0.0000E+00 0.0000E+00 0.0000E+00 0.0000E+00 0.0000E+00 0.0000E+00 0.0000E+00 0.0000E+00 0.0000E+00 0.0000E+00 0.0000E+00 0.0000E+00
0.0000E+00 0.4156E-02 0.5072E-02 0.5785E-02 0.3675E-02 0.9098E-02 0.1203E-01 0.1511E-02 0.2032E-02 0.7025E-02 0.5092E-02 0.1179E-01 0.7591E-02 0.5550E-02 0.2836E-02 0.2896E-02 0.1326E-01 0.1718E-01 0.2921E-02 0.6520E-02 0.2069E-01 0.0000E+00
0.0000E+00 0.5535E-02 0.3946E-01 0.6453E-02 0.3446E-01 0.2192E-01 0.4222E-02 0.3215E-02 0.4358E-02 0.9462E-02 0.1407E-01 0.8469E-02 0.1013E-01 0.2387E-02 0.3495E-01 0.3514E-02 0.2352E-02 0.7690E-02 0.5473E-02 0.2227E-01 0.2651E-01 0.0000E+00
0.0000E+00 0.8546E-02 0.3107E-01 0.2113E-01 0.9642E-02 0.8005E-02 0.9178E-02 0.1154E-01 0.1210E-01 0.7014E-02 0.2176E-01 0.1324E-01 0.3814E-01 0.1986E-01 0.2839E-01 0.5562E-02 0.1929E-02 0.2406E-01 0.1314E-01 0.1542E-01 0.1286E-01 0.0000E+00
0.0000E+00 0.3064E-02 0.2082E-01 0.1723E-01 0.7870E-02 0.1912E-01 0.1049E-01 0.2228E-02 0.2600E-02 0.1783E-01 0.1387E-01 0.1025E-01 0.3532E-01 0.8497E-03 0.1243E-01 0.2223E-02 0.2399E-01 0.2490E-01 0.1092E-02 0.1327E-01 0.4406E-01 0.0000E+00
0.0000E+00 0.2946E-02 0.1389E-02 0.1547E-01 0.9380E-03 0.2367E-03 0.5217E-02 0.6259E-02 0.8407E-02 0.1177E-01 0.1753E-02 0.3072E-01 0.1722E-01 0.7180E-02 0.1007E-01 0.3165E-02 0.6203E-02 0.2767E-01 0.1207E-01 0.2023E-01 0.4006E-01 0.0000E+00
0.0000E+00 0.2389E-02 0.3987E-03 0.3292E-01 0.2549E-03 0.1157E-03 0.6290E-02 0.1905E-02 0.1443E-01 0.8815E-02 0.5997E-02 0.4387E-02 0.2674E-01 0.2526E-02 0.2295E-01 0.4184E-01 0.3833E-01 0.3278E-01 0.3414E-01 0.1835E-01 0.3027E-01 0.0000E+00
0.0000E+00 0.1456E-01 0.1951E-02 0.1490E-01 0.2086E-02 0.2555E-02 0.9951E-02 0.4995E-02 0.6581E-02 0.4850E-01 0.1435E-01 0.8085E-02 0.4603E-01 0.1530E-01 0.3609E-02 0.1073E-02 0.5183E-02 0.1235E-01 0.3492E-01 0.3081E-01 0.3960E-01 0.0000E+00
0.0000E+00 0.5382E-02 0.1489E-01 0.1382E-01 0.4710E-02 0.1284E-01 0.8916E-02 0.5865E-02 0.1476E-01 0.2865E-01 0.7804E-02 0.1636E-01 0.2199E-01 0.8900E-02 0.1549E-02 0.5772E-03 0.9082E-02 0.4089E-02 0.2337E-02 0.4364E-04 0.3535E-01 0.0000E+00
0.0000E+00 0.4844E-02 0.3651E-01 0.2333E-02 0.1429E-01 0.6558E-02 0.3187E-01 0.1889E-01 0.1942E-01 0.3057E-01 0.3668E-01 0.3056E-01 0.4215E-01 0.1159E-01 0.1294E-02 0.2001E-03 0.1264E-01 0.3789E-01 0.4131E-02 0.3479E-03 0.3966E-01 0.0000E+00
0.0000E+00 0.1382E-02 0.2975E-01 0.4249E-01 0.6803E-02 0.1285E-01 0.2893E-02 0.4835E-03 0.1274E-02 0.1919E-02 0.3571E-01 0.4967E-01 0.2221E-01 0.1935E-02 0.8993E-03 0.2780E-02 0.1163E-01 0.2673E-01 0.1362E-02 0.6038E-03 0.3448E-01 0.0000E+00
0.0000E+00 0.1839E-01 0.4172E-01 0.4026E-01 0.4598E-02 0.6503E-02 0.6561E-02 0.1254E-01 0.1912E-01 0.1171E-01 0.1170E-01 0.4777E-01 0.2144E-01 0.1408E-01 0.1656E-01 0.4498E-02 0.2572E-02 0.1026E-01 0.1717E-02 0.8277E-03 0.5242E-01 0.0000E+00
0.0000E+00 0.3685E-02 0.2247E-02 0.5297E-01 0.3595E-01 0.6634E-01 0.6028E-02 0.2609E-01 0.3162E-01 0.3528E-02 0.2745E-02 0.4119E-01 0.9574E-03 0.2144E-02 0.1199E-01 0.2420E-02 0.5670E-02 0.1888E-01 0.1057E-02 0.9874E-02 0.4710E-01 0.0000E+00
0.0000E+00 0.1890E-01 0.1831E-01 0.2577E-01 0.7921E-02 0.4788E-01 0.4710E-01 0.1154E-01 0.8221E-02 0.1497E-01 0.2564E-02 0.4265E-01 0.3998E-02 0.4486E-03 0.3959E-02 0.3469E-02 0.1641E-01 0.2567E-01 0.8722E-02 0.1259E-01 0.5414E-01 0.0000E+00
0.0000E+00 0.7037E-02 0.6404E-02 0.4312E-01 0.3984E-02 0.7523E-03 0.6464E-01 0.1062E-01 0.1129E-01 0.5352E-02 0.2592E-01 0.5087E-01 0.2757E-01 0.3393E-02 0.6970E-02 0.8514E-02 0.8540E-02 0.1616E-01 0.1836E-01 0.2738E-01 0.8782E-01 0.0000E+00
0.0000E+00 0.3718E-02 0.8972E-02 0.1384E-01 0.4266E-02 0.2448E-02 0.5237E-01 0.2181E-01 0.1355E-01 0.2078E-02 0.1372E-01 0.7792E-01 0.2361E-01 0.2260E-01 0.4796E-01 0.9043E-02 0.7768E-02 0.1680E-01 0.1786E-01 0.1493E-01 0.4482E-01 0.0000E+00
0.0000E+00 0.2475E-02 0.4172E-02 0.9479E-02 0.2295E-01 0.6832E-02 0.8189E-01 0.3860E-02 0.4084E-02 0.1882E-01 0.1917E-01 0.6510E-01 0.1222E-01 0.1762E-01 0.3651E-01 0.4579E-02 0.1205E-01 0.1607E-01 0.2500E-01 0.3298E-01 0.7331E-01 0.0000E+00
0.0000E+00 0.3628E-02 0.2576E-02 0.1115E-01 0.2022E-01 0.1361E-02 0.9144E-01 0.2929E-01 0.9720E-02 0.1259E-01 0.1976E-01 0.4812E-01 0.1249E-01 0.1023E-01 0.4771E-02 0.1780E-01 0.1781E-01 0.3214E-01 0.2578E-01 0.4397E-01 0.1315E+00 0.0000E+00
0.0000E+00 0.1231E-02 0.1161E-02 0.7995E-02 0.2693E-01 0.5443E-02 0.7578E-01 0.1193E-01 0.3426E-01 0.6235E-02 0.9121E-02 0.7831E-01 0.1584E-01 0.1512E-01 0.5721E-02 0.2519E-01 0.2380E-01 0.1285E-02 0.5684E-01 0.3512E-01 0.9478E-01 0.0000E+00
0.0000E+00 0.3183E-02 0.1429E-01 0.4976E-02 0.2025E-01 0.1588E-01 0.9283E-01 0.8742E-02 0.2892E-01 0.7442E-02 0.3988E-02 0.5920E-01 0.1650E-01 0.1081E-01 0.1789E-01 0.2762E-01 0.7138E-02 0.1010E-01 0.1198E-01 0.3730E-01 0.8946E-01 0.0000E+00
0.0000E+00 0.3079E-02 0.1234E-02 0.3247E-02 0.3758E-01 0.2324E-01 0.4724E-01 0.4896E-01 0.2853E-01 0.5616E-02 0.8704E-02 0.7461E-01 0.2865E-01 0.5298E-02 0.2285E-01 0.3831E-01 0.9188E-02 0.1652E-01 0.9549E-02 0.1035E-01 0.1012E+00 0.0000E+00
0.0000E+00 0.3126E-02 0.3258E-02 0.7440E-02 0.3924E-01 0.3295E-02 0.5014E-02 0.4688E-01 0.1370E-01 0.5536E-02 0.4821E-02 0.5905E-01 0.1888E-01 0.1505E-01 0.3670E-01 0.1706E-01 0.1407E-01 0.1680E-01 0.9133E-02 0.1466E-01 0.7249E-01 0.0000E+00
0.0000E+00 0.2502E-02 0.2015E-01 0.4383E-02 0.2007E-01 0.7458E-02 0.7766E-02 0.4639E-01 0.5902E-02 0.4486E-02 0.1069E-01 0.4807E-01 0.1496E-02 0.1880E-02 0.3529E-01 0.1190E-01 0.5083E-02 0.4662E-01 0.1356E-01 0.1650E-01 0.7156E-01 0.0000E+00
0.0000E+00 0.1267E-01 0.1499E-01 0.1909E-02 0.1769E-01 0.2863E-01 0.4524E-02 0.4568E-01 0.1583E-01 0.9890E-02 0.4635E-02 0.5198E-01 0.2302E-01 0.3833E-02 0.2006E-01 0.5196E-02 0.2188E-01 0.2007E-01 0.1423E-01 0.8310E-02 0.6084E-01 0.0000E+00
0.0000E+00 0.2717E-01 0.1259E-01 0.2756E-01 0.1412E-01 0.2332E-01 0.1466E-01 0.7116E-01 0.6833E-02 0.2286E-01 0.1929E-01 0.9617E-01 0.7022E-01 0.3369E-02 0.1362E-01 0.1390E-01 0.7301E-02 0.3201E-01 0.5912E-02 0.1376E-01 0.5516E-01 0.0000E+00
0.0000E+00 0.9425E-02 0.4495E-01 0.9143E-02 0.2820E-01 0.3716E-02 0.1508E-01 0.1138E+00 0.1682E-01 0.1460E-01 0.3676E-01 0.8595E-02 0.4573E-01 0.3960E-01 0.1841E-01 0.2621E-01 0.9643E-02 0.2921E-01 0.1642E-01 0.5857E-02 0.1102E+00 0.0000E+00
0.0000E+00 0.5142E-02 0.1186E-01 0.1700E-01 0.1126E-01 0.3783E-02 0.6253E-01 0.7991E-01 0.8383E-02 0.3778E-01 0.1193E-01 0.1051E-01 0.1624E-01 0.1040E+00 0.1924E-01 0.3020E-01 0.1353E-01 0.2974E-01 0.1273E-01 0.7731E-02 0.1261E+00 0.0000E+00
0.0000E+00 0.3302E-04 0.7846E-02 0.5683E-01 0.7416E-02 0.3627E-02 0.9448E-01 0.7545E-01 0.3486E-02 0.4470E-01 0.1269E-01 0.8591E-02 0.2521E-01 0.1342E+00 0.8925E-02 0.6889E-01 0.1558E-01 0.1811E-01 0.3614E-02 0.3516E-02 0.7560E-01 0.0000E+00
0.0000E+00 0.2969E-02 0.7869E-02 0.4609E-01 0.7882E-02 0.2309E-01 0.8963E-01 0.6599E-01 0.1479E-01 0.2027E-01 0.3709E-01 0.2520E-01 0.7211E-02 0.1062E+00 0.6940E-02 0.2142E-01 0.4714E-02 0.1152E-01 0.2534E-01 0.4050E-02 0.5972E-01 0.0000E+00
0.0000E+00 0.4124E-02 0.1040E-01 0.3591E-01 0.1192E-01 0.2273E-01 0.6771E-01 0.6576E-01 0.5767E-02 0.5926E-01 0.4205E-01 0.4178E-01 0.1710E-01 0.7682E-01 0.1393E-02 0.3091E-01 0.2840E-02 0.2269E-01 0.1328E-01 0.1979E-01 0.1068E+00 0.0000E+00
0.0000E+00 0.5657E-02 0.2052E-02 0.4139E-01 0.1585E-02 0.3458E-01 0.4579E-01 0.6770E-01 0.4101E-02 0.1894E-01 0.2801E-01 0.3661E-01 0.3798E-01 0.6951E-01 0.1910E-01 0.5362E-01 0.5217E-01 0.7032E-01 0.2547E-01 0.1304E-01 0.9630E-01 0.0000E+00
0.0000E+00 0.7548E-02 0.4444E-02 0.3731E-01 0.2292E-02 0.2521E-01 0.4594E-01 0.5295E-01 0.1317E-02 0.1441E-01 0.2268E-01 0.1458E-01 0.2051E-01 0.1015E+00 0.1222E-01 0.5584E-01 0.3218E-01 0.3751E-01 0.9144E-02 0.4137E-02 0.8289E-01 0.0000E+00
0.0000E+00 0.2148E-01 0.2047E-02 0.2842E-01 0.1095E-02 0.1522E-01 0.4156E-01 0.9375E-01 0.3343E-01 0.6620E-02 0.2095E-01 0.1025E-01 0.1663E-01 0.6027E-01 0.4822E-02 0.2282E-01 0.2071E-01 0.2785E-01 0.7340E-02 0.7591E-02 0.7368E-01 0.0000E+00
0.0000E+00 0.8858E-02 0.1398E-01 0.6237E-01 0.4403E-01 0.2786E-01 0.3578E-01 0.1042E+00 0.1380E-01 0.2465E-01 0.4988E-01 0.4154E-02 0.1470E-01 0.7818E-01 0.1710E-01 0.1830E-01 0.4040E-01 0.2271E-01 0.7214E-02 0.2653E-01 0.9880E-01 0.0000E+00
0.0000E+00 0.1807E-01 0.9007E-02 0.6663E-01 0.2817E-01 0.2296E-01 0.3913E-01 0.1063E+00 0.1210E-01 0.3420E-01 0.3983E-01 0.2928E-01 0.3235E-01 0.1027E+00 0.2184E-01 0.4591E-01 0.2492E-01 0.3182E-01 0.2677E-01 0.3990E-01 0.1116E+00 0.0000E+00
0.0000E+00 0.2201E-01 0.5347E-02 0.6578E-01 0.1885E-01 0.3937E-01 0.4992E-01 0.1022E+00 0.1307E-01 0.3358E-01 0.8726E-01 0.5392E-01 0.1813E-01 0.6945E-01 0.2811E-01 0.2401E-01 0.2780E-01 0.2844E-01 0.7048E-01 0.8689E-01 0.6664E-01 0.0000E+00
0.0000E+00 0.2512E-01 0.2929E-02 0.6261E-01 0.2069E-01 0.1790E-02 0.4094E-01 0.6888E-01 0.5380E-02 0.6854E-02 0.8295E-01 0.2588E-01 0.1201E+00 0.8991E-01 0.3315E-01 0.1600E-01 0.4568E-01 0.1060E-01 0.3045E-01 0.6972E-01 0.1841E-02 0.0000E+00
0.0000E+00 0.8245E-01 0.9726E-02 0.4596E-01 0.1294E-01 0.1073E-01 0.4093E-01 0.5702E-01 0.1228E-02 0.4649E-02 0.3628E-01 0.4015E-01 0.8614E-01 0.1613E-01 0.2676E-01 0.8144E-02 0.3949E-01 0.1306E-01 0.4191E-01 0.9564E-01 0.2668E-02 0.0000E+00
0.0000E+00 0.0000E+00 0.4889E-01 0.3593E-01 0.9169E-02 0.8443E-02 0.8283E-01 0.4982E-01 0.2389E-02 0.1846E-02 0.3831E-03 0.4666E-01 0.8765E-01 0.3913E-01 0.1172E-01 0.1811E-01 0.4090E-01 0.5426E-01 0.7832E-01 0.1236E+00 0.1301E-01 0.0000E+00
0.0000E+00 0.4847E-02 0.3899E-01 0.5614E-01 0.6797E-02 0.2467E-01 0.5316E-01 0.8389E-01 0.3435E-02 0.5410E-02 0.4476E-02 0.3976E-01 0.7790E-01 0.2076E-01 0.1743E-01 0.5872E-02 0.5017E-01 0.2331E-01 0.5776E-01 0.8042E-01 0.6745E-02 0.0000E+00
0.0000E+00 0.2639E-02 0.1960E-01 0.4855E-01 0.7830E-02 0.3087E-01 0.6525E-01 0.1049E+00 0.1735E-01 0.2882E-01 0.1186E-01 0.7094E-01 0.1230E+00 0.2874E-01 0.5020E-01 0.1974E-01 0.6876E-01 0.4553E-01 0.8432E-01 0.8944E-01 0.1105E-01 0.0000E+00
0.0000E+00 0.7579E-03 0.2590E-02 0.6609E-01 0.8386E-02 0.5717E-01 0.4927E-01 0.1346E+00 0.7531E-01 0.1698E-01 0.8370E-02 0.7691E-01 0.1093E+00 0.2918E-01 0.5755E-01 0.8385E-02 0.3438E-01 0.2335E-01 0.1197E+00 0.1323E+00 0.8593E-02 0.0000E+00
0.0000E+00 0.1780E-01 0.2325E-01 0.8701E-01 0.7565E-01 0.6992E-01 0.4691E-01 0.1093E+00 0.7212E-01 0.5551E-01 0.9886E-02 0.4637E-01 0.1316E+00 0.3445E-02 0.5090E-01 0.6234E-01 0.4959E-01 0.5343E-01 0.1085E+00 0.9400E-01 0.9574E-02 0.0000E+00
0.0000E+00 0.1073E-01 0.6286E-01 0.6143E-01 0.5797E-01 0.5080E-01 0.4370E-01 0.9590E-01 0.5617E-01 0.3763E-01 0.9122E-01 0.1045E+00 0.1579E+00 0.4455E-02 0.3999E-01 0.1058E+00 0.1537E+00 0.2614E-01 0.1255E+00 0.1690E+00 0.8792E-02 0.0000E+00
0.0000E+00 0.2316E-01 0.4679E-01 0.4703E-01 0.3040E-01 0.8132E-01 0.5833E-01 0.1138E+00 0.3541E-01 0.8067E-01 0.1140E+00 0.1250E+00 0.1676E+00 0.1141E-01 0.3702E-01 0.4222E-01 0.1210E+00 0.4620E-01 0.7928E-01 0.1520E+00 0.2074E-01 0.0000E+00
0.0000E+00 0.9131E-01 0.2235E-01 0.4031E-01 0.7107E-01 0.8211E-01 0.1334E+00 0.1109E+00 0.2660E-01 0.9051E-01 0.1036E+00 0.8443E-01 0.1565E+00 0.5275E-01 0.5912E-01 0.6721E-01 0.1041E+00 0.4323E-01 0.1041E+00 0.1683E+00 0.8008E-02 0.0000E+00
0.0000E+00 0.9474E-01 0.2091E-01 0.7819E-01 0.5087E-01 0.5866E-01 0.1309E+00 0.8956E-01 0.4555E-01 0.5774E-01 0.7234E-01 0.9556E-01 0.1308E+00 0.4477E-01 0.2601E-01 0.5542E-01 0.1244E+00 0.4309E-01 0.1080E+00 0.1288E+00 0.6471E-02 0.0000E+00
0.0000E+00 0.4242E-01 0.3094E-02 0.8654E-01 0.3071E-01 0.4038E-01 0.1303E+00 0.6969E-01 0.3389E-01 0.7237E-01 0.4446E-01 0.5981E-01 0.1255E+00 0.2024E-01 0.2696E-01 0.3427E-01 0.1082E+00 0.2217E-01 0.6331E-01 0.8896E-01 0.4175E-02 0.0000E+00
0.0000E+00 0.3837E-01 0.2928E-02 0.6593E-01 0.8760E-01 0.1005E+00 0.1163E+00 0.1162E+00 0.3383E-01 0.6967E-01 0.3886E-01 0.4566E-01 0.1007E+00 0.1574E-01 0.2615E-01 0.5212E-01 0.8108E-01 0.1497E-01 0.5581E-01 0.7789E-01 0.6012E-02 0.0000E+00
0.0000E+00 0.3616E-01 0.3827E-02 0.5329E-01 0.1148E+00 0.1610E+00 0.3225E-02 0.1641E+00 0.5507E-01 0.7177E-01 0.7337E-03 0.8819E-01 0.1776E+00 0.7569E-01 0.5531E-01 0.2840E-01 0.6016E-01 0.1194E-01 0.5407E-01 0.7641E-01 0.6889E-02 0.0000E+00
0.0000E+00 0.3389E-01 0.2470E-01 0.5459E-01 0.1194E+00 0.1412E+00 0.2545E-02 0.1300E+00 0.5162E-01 0.1292E+00 0.2689E-01 0.1335E+00 0.1902E+00 0.6419E-01 0.5394E-01 0.8107E-01 0.1372E+00 0.4188E-01 0.6022E-01 0.8088E-01 0.1017E-01 0.0000E+00
0.0000E+00 0.3264E-01 0.1605E-01 0.7795E-01 0.1113E+00 0.1247E+00 0.4851E-02 0.1037E+00 0.2544E-01 0.1172E+00 0.1544E-01 0.2192E-01 0.1987E+00 0.5081E-01 0.4542E-01 0.4158E-01 0.7921E-01 0.6139E-01 0.8422E-01 0.1084E+00 0.4670E-01 0.0000E+00
0.0000E+00 0.4683E-01 0.3683E-01 0.1294E+00 0.1188E+00 0.1413E+00 0.1105E-01 0.1015E+00 0.2363E-01 0.1502E+00 0.8284E-02 0.2944E-01 0.2180E+00 0.4684E-01 0.2725E-01 0.4638E-01 0.8682E-01 0.4944E-01 0.1136E+00 0.8509E-01 0.3636E-01 0.0000E+00
0.0000E+00 0.4617E-01 0.1697E-01 0.7126E-01 0.8694E-01 0.1323E+00 0.4573E-01 0.1426E+00 0.6949E-01 0.1279E+00 0.1885E-01 0.1647E-01 0.1857E+00 0.5261E-01 0.2271E-01 0.4079E-01 0.8093E-01 0.9248E-01 0.8897E-01 0.1052E+00 0.3079E-01 0.0000E+00
0.0000E+00 0.5450E-01 0.2228E-01 0.6231E-01 0.6042E-01 0.1448E+00 0.9514E-01 0.1478E+00 0.6130E-01 0.1292E+00 0.2657E-01 0.1082E-01 0.1531E+00 0.4266E-01 0.1978E-01 0.3245E-01 0.9799E-01 0.9668E-01 0.1244E+00 0.9798E-01 0.3645E-01 0.0000E+00
0.0000E+00 0.3597E-01 0.3412E-01 0.4805E-01 0.5346E-01 0.1030E+00 0.9257E-01 0.1402E+00 0.7992E-01 0.1053E+00 0.4310E-01 0.2871E-01 0.1956E+00 0.3463E-01 0.5434E-01 0.5616E-02 0.9860E-01 0.1378E+00 0.1176E+00 0.1067E+00 0.7538E-01 0.0000E+00
0.0000E+00 0.4364E-01 0.1489E-01 0.6692E-01 0.5185E-01 0.1422E+00 0.7262E-01 0.1402E+00 0.9573E-01 0.1377E+00 0.2414E-01 0.2833E-01 0.1651E+00 0.3186E-01 0.4311E-01 0.3868E-01 0.1027E-01 0.9684E-01 0.9331E-01 0.8051E-01 0.2424E-01 0.0000E+00
0.0000E+00 0.2668E-01 0.2869E-01 0.6630E-01 0.1098E+00 0.1658E+00 0.4111E-01 0.1014E+00 0.1169E+00 0.1386E+00 0.1642E-01 0.4679E-01 0.2050E+00 0.3598E-01 0.6344E-01 0.3300E-01 0.6036E-02 0.8147E-01 0.1353E+00 0.1096E+00 0.1768E-01 0.0000E+00
0.0000E+00 0.6922E-01 0.1681E-01 0.4454E-01 0.1113E+00 0.1219E+00 0.3876E-01 0.8698E-01 0.5765E-01 0.1104E+00 0.1448E-01 0.4634E-01 0.1632E+00 0.4675E-01 0.5502E-01 0.1435E-01 0.1973E-01 0.1726E-01 0.1375E+00 0.1289E+00 0.6208E-01 0.0000E+00
0.0000E+00 0.7571E-01 0.5440E-02 0.5056E-01 0.6587E-01 0.1683E+00 0.2633E-01 0.9441E-01 0.4466E-01 0.1160E+00 0.1657E-01 0.3282E-01 0.1941E+00 0.5282E-01 0.2716E-01 0.2341E-01 0.1221E-01 0.1251E-01 0.1514E+00 0.9229E-01 0.2182E-01 0.0000E+00
0.0000E+00 0.3904E-01 0.2524E-02 0.3809E-01 0.1317E-02 0.1466E+00 0.1888E-01 0.1046E+00 0.1203E+00 0.7602E-01 0.1611E-01 0.1697E-01 0.1531E+00 0.4103E-01 0.2474E-01 0.1179E-01 0.1791E-01 0.7958E-02 0.1229E+00 0.7865E-01 0.9234E-03 0.0000E+00
0.0000E+00 0.0000E+00 0.0000E+00 0.0000E+00 0.0000E+00 0.0000E+00 0.0000E+00 0.0000E+00 0.0000E+00 0.0000E+00 0.0000E+00 0.0000E+00 0.0000E+00 0.0000E+00 0.0000E+00 0.0000E+00 0.0000E+00 0.0000E+00 0.0000E+00 0.0000E+00 0.0000E+00 0.0000E+00
