p2_rainE_highsm_sedtr.asc
ncols     22
nrows     62
xllcorner      0.00000000
yllcorner      0.00000000
cellsize      0.50000000
nodata_value -9999
0.0000E+00 0.0000E+00 0.0000E+00 0.0000E+00 0.0000E+00 0.0000E+00 0.0000E+00 0.0000E+00 0.0000E+00 0.0000E+00 0.0000E+00 0.0000E+00 0.0000E+00 0.0000E+00 0.0000E+00 0.0000E+00 0.0000E+00 0.0000E+00 0.0000E+00 0.0000E+00 0.0000E+00 0.0000E+00
0.0000E+00 0.3238E-05 0.1223E-04 0.1721E-04 0.9513E-05 0.2067E-04 0.4674E-04 0.2652E-06 0.3708E-05 0.2144E-04 0.1060E-04 0.2613E-04 0.9713E-05 0.2973E-05 0.3773E-05 0.6855E-05 0.4919E-04 0.4943E-04 0.8272E-05 0.2026E-04 0.7158E-04 0.0000E+00
0.0000E+00 0.2357E-04 0.3027E-03 0.2451E-04 0.2418E-03 0.1668E-03 0.1314E-04 0.9198E-05 0.1086E-04 0.1661E-04 0.2817E-04 0.1268E-04 0.1788E-04 0.5629E-05 0.2682E-03 0.8110E-06 0.1226E-05 0.2715E-05 0.1416E-05 0.1260E-03 0.1014E-03 0.0000E+00
0.0000E+00 0.2081E-04 0.1219E-03 0.1261E-03 0.2547E-04 0.4686E-04 0.3501E-04 0.6856E-04 0.2594E-04 0.5249E-05 0.5303E-04 0.2325E-04 0.4637E-03 0.1444E-03 0.1429E-03 0.4142E-05 -.7921E-08 0.7956E-04 0.2808E-04 0.4046E-04 0.2607E-04 0.0000E+00
0.0000E+00 0.4499E-05 0.8100E-04 0.5286E-04 0.2231E-04 0.1304E-03 0.1593E-04 0.3303E-05 0.5318E-06 0.3543E-04 0.5371E-04 0.1613E-04 0.3536E-03 0.4002E-06 0.5441E-04 0.8403E-06 0.8540E-04 0.6343E-04 0.6846E-06 0.4368E-04 0.1663E-03 0.0000E+00
0.0000E+00 0.1504E-05 0.1987E-06 0.3200E-04 0.2544E-06 -.8761E-08 0.5796E-05 0.1481E-04 0.2211E-04 0.1432E-04 0.1410E-05 0.1263E-03 0.9744E-04 0.1865E-04 0.2455E-04 0.3956E-05 0.1244E-04 0.1119E-03 0.3206E-04 0.8541E-04 0.1059E-03 0.0000E+00
0.0000E+00 0.3223E-05 0.2057E-07 0.8058E-04 -.9157E-07 0.1299E-06 0.8382E-05 0.3163E-05 0.2275E-04 0.4923E-05 0.4718E-05 0.3249E-05 0.9739E-04 0.2023E-05 0.3543E-04 0.1110E-03 0.7205E-04 0.1218E-03 0.1105E-03 0.4524E-04 0.6885E-04 0.0000E+00
0.0000E+00 0.8125E-04 0.1916E-05 0.1967E-04 0.1822E-05 0.7988E-06 0.2418E-04 0.8013E-05 0.5721E-05 0.2568E-03 0.4744E-04 0.2359E-04 0.2548E-03 0.3994E-04 0.1303E-05 0.2188E-05 0.6763E-05 0.4404E-04 0.9848E-04 0.6907E-04 0.4937E-04 0.0000E+00
0.0000E+00 0.1174E-04 0.1137E-04 0.1476E-04 0.3408E-05 0.3518E-04 0.1208E-04 0.3277E-05 0.1557E-04 0.8888E-04 0.9277E-05 0.6295E-04 0.1133E-03 0.1781E-04 0.1255E-05 0.4219E-07 0.1881E-04 0.2724E-05 0.4711E-06 0.3158E-07 0.2191E-04 0.0000E+00
0.0000E+00 0.3091E-05 0.5131E-04 0.4517E-05 0.3209E-04 0.4592E-05 0.5258E-04 0.2408E-04 0.2324E-04 0.7524E-04 0.1083E-03 0.1886E-03 0.3153E-03 0.5184E-04 0.2137E-06 0.3245E-07 0.4697E-04 0.1852E-03 0.2935E-05 0.3124E-07 0.1934E-04 0.0000E+00
0.0000E+00 0.1049E-06 0.3154E-04 0.3265E-03 0.5169E-05 0.3185E-04 0.4803E-05 0.2333E-08 0.1069E-05 0.2293E-05 0.7304E-04 0.1905E-03 0.1947E-03 0.3718E-05 0.6015E-06 0.5251E-05 0.3622E-04 0.6843E-04 0.4005E-06 0.4458E-06 0.9297E-05 0.0000E+00
0.0000E+00 0.3305E-04 0.3516E-04 0.9625E-04 0.2055E-05 0.9668E-05 0.3225E-04 0.6610E-04 0.5851E-04 0.3138E-04 0.3065E-04 0.1646E-03 0.1566E-03 0.5603E-04 0.4160E-04 0.6039E-05 0.1179E-05 0.1092E-04 0.2167E-06 0.4823E-06 0.2808E-04 0.0000E+00
0.0000E+00 0.1312E-04 0.3597E-05 0.1075E-03 0.6070E-04 0.1788E-03 0.1080E-04 0.9269E-04 0.1471E-03 0.8556E-05 0.2659E-05 0.6645E-04 0.8571E-07 0.4598E-06 0.8036E-05 0.3430E-05 0.9477E-05 0.1403E-04 0.5632E-06 0.1263E-04 0.1595E-04 0.0000E+00
0.0000E+00 0.9922E-04 0.9676E-04 0.2036E-03 0.2192E-04 0.8709E-04 0.7958E-04 0.2821E-04 0.1147E-04 0.3836E-04 0.2188E-05 0.5182E-04 0.3571E-05 0.6559E-06 0.1088E-05 0.5470E-06 0.2574E-04 0.4317E-04 0.1201E-04 0.9662E-05 0.2018E-04 0.0000E+00
0.0000E+00 0.1162E-04 0.1546E-04 0.1878E-03 0.2711E-05 0.2279E-06 0.1185E-03 0.1705E-04 0.1806E-04 0.1130E-04 0.1168E-03 0.1137E-03 0.1559E-03 0.1396E-04 0.2193E-05 0.9711E-05 0.4822E-05 0.1259E-04 0.2955E-04 0.7057E-04 0.9950E-04 0.0000E+00
0.0000E+00 0.3098E-05 0.2551E-04 0.3133E-04 0.5734E-06 0.4929E-06 0.6417E-04 0.6270E-04 0.1431E-04 0.5671E-06 0.2004E-04 0.1368E-03 0.4387E-04 0.1570E-03 0.2420E-03 0.2213E-04 0.1049E-04 0.2098E-04 0.1787E-04 0.1216E-04 0.1287E-04 0.0000E+00
0.0000E+00 0.7145E-06 0.1148E-04 0.1215E-04 0.9526E-04 0.1148E-04 0.1480E-03 0.1754E-05 0.8843E-06 0.4140E-04 0.1900E-04 0.8381E-04 0.1107E-04 0.4034E-04 0.5885E-04 0.3161E-05 0.2897E-04 0.1659E-04 0.6390E-04 0.1036E-03 0.4067E-04 0.0000E+00
0.0000E+00 0.2966E-05 0.1497E-05 0.1767E-04 0.5912E-04 0.1444E-06 0.1483E-03 0.8746E-04 0.1464E-04 0.3129E-04 0.1645E-04 0.6471E-04 0.1003E-04 0.7646E-05 0.2105E-05 0.3557E-04 0.6010E-04 0.2337E-04 0.1933E-04 0.1484E-03 0.2794E-03 0.0000E+00
0.0000E+00 0.4842E-06 0.7432E-06 0.1590E-04 0.5995E-04 0.8471E-05 0.9146E-04 0.2300E-04 0.1803E-03 0.6561E-05 0.3928E-05 0.1284E-03 0.1072E-04 0.1164E-04 0.7273E-05 0.5294E-04 0.7161E-04 0.9703E-06 0.1544E-03 0.4938E-04 0.5547E-04 0.0000E+00
0.0000E+00 0.8359E-05 0.3832E-04 0.5513E-05 0.4150E-04 0.6805E-04 0.1515E-03 0.5006E-05 0.4430E-04 0.1950E-05 0.4006E-05 0.6262E-04 0.3727E-05 0.1875E-04 0.6850E-04 0.8434E-04 0.1094E-04 0.2791E-04 0.2199E-04 0.3584E-04 0.6347E-04 0.0000E+00
0.0000E+00 0.2969E-05 0.1389E-05 0.2658E-05 0.7968E-04 0.5550E-04 0.1086E-04 0.5418E-05 0.4983E-04 0.3395E-05 0.1282E-04 0.9076E-04 0.2593E-04 0.5940E-05 0.7192E-04 0.8875E-04 0.1683E-04 0.4925E-04 0.1164E-04 0.1643E-04 0.1681E-03 0.0000E+00
0.0000E+00 0.1600E-05 0.8171E-05 0.1390E-04 0.4470E-04 0.1084E-05 0.2952E-05 0.1023E-04 0.1538E-04 0.8542E-05 0.1193E-04 0.4096E-04 0.1128E-04 0.7013E-05 0.3908E-04 0.3039E-04 0.3476E-04 0.1980E-04 0.1496E-04 0.3926E-04 0.7238E-04 0.0000E+00
0.0000E+00 0.3052E-06 0.6349E-04 0.3865E-05 0.2713E-04 0.2737E-04 0.3454E-04 0.2305E-04 0.2143E-05 0.7713E-05 0.9978E-05 0.1071E-04 0.1701E-05 0.2834E-05 0.4119E-04 0.1482E-04 0.1234E-04 0.3553E-03 0.6129E-04 0.1902E-04 0.3532E-04 0.0000E+00
0.0000E+00 0.2009E-04 0.1882E-04 0.5129E-06 0.1325E-04 0.3257E-04 0.4009E-05 0.1776E-04 0.3722E-04 0.2214E-04 0.1052E-05 0.1940E-04 0.1107E-03 0.6346E-05 0.7662E-05 0.4945E-06 0.7031E-04 0.1314E-03 0.3126E-04 0.3512E-05 0.1686E-04 0.0000E+00
0.0000E+00 0.1653E-03 0.5629E-04 0.1354E-03 0.4122E-04 0.1967E-04 0.4208E-05 0.8705E-04 0.2698E-04 0.5247E-04 0.4394E-04 0.1139E-03 0.5402E-04 0.6534E-06 0.6930E-06 0.5416E-05 0.1285E-04 0.1568E-03 0.8260E-05 0.2111E-04 0.3231E-05 0.0000E+00
0.0000E+00 0.1562E-04 0.2396E-03 0.1689E-04 0.1467E-03 0.1315E-04 0.6291E-05 0.2403E-03 0.7221E-04 0.1290E-04 0.1367E-03 0.1334E-04 0.2955E-05 0.1776E-06 0.7134E-06 0.1088E-04 0.1898E-04 0.1019E-03 0.6010E-04 0.6425E-05 0.1639E-03 0.0000E+00
0.0000E+00 0.5512E-05 0.2312E-04 0.4743E-04 0.2538E-04 0.1975E-05 0.1256E-03 0.1252E-03 0.1750E-04 0.2191E-03 0.2342E-04 0.2146E-04 0.6476E-04 0.9869E-04 0.5651E-04 0.5715E-04 0.2207E-04 0.6558E-04 0.1634E-04 0.2310E-05 0.1482E-03 0.0000E+00
0.0000E+00 0.1103E-06 0.6784E-05 0.3141E-03 0.1637E-04 0.8742E-05 0.3615E-03 0.8891E-04 0.4224E-05 0.2202E-03 0.2173E-04 0.1757E-04 0.1405E-03 0.2286E-03 0.7661E-05 0.2104E-03 0.4109E-04 0.3189E-04 0.2519E-05 0.5203E-06 0.3177E-04 0.0000E+00
0.0000E+00 0.9134E-05 0.3170E-04 0.2808E-03 0.2212E-04 0.1540E-03 0.2004E-03 0.2787E-04 0.2230E-04 0.9994E-04 0.1581E-03 0.1093E-03 0.1169E-04 0.4669E-04 0.1859E-05 0.1295E-04 0.5724E-05 0.3702E-05 0.6799E-04 0.2361E-05 0.5628E-05 0.0000E+00
0.0000E+00 0.1016E-04 0.3187E-04 0.1680E-03 0.2093E-04 0.9676E-04 0.9865E-04 0.5293E-04 0.6709E-05 0.4679E-03 0.1730E-03 0.1506E-03 0.6511E-04 0.1799E-04 0.1903E-05 0.7908E-05 0.1516E-05 0.3781E-04 0.2345E-04 0.8088E-04 0.9373E-04 0.0000E+00
0.0000E+00 0.2173E-05 0.2815E-06 0.2358E-03 0.3678E-05 0.1752E-03 0.3351E-04 0.2051E-04 0.4361E-05 0.1440E-03 0.6380E-04 0.6916E-04 0.1580E-03 0.1708E-04 0.6063E-04 0.6584E-04 0.2528E-03 0.2805E-03 0.7033E-04 0.2950E-04 0.8078E-04 0.0000E+00
0.0000E+00 0.2755E-04 0.1250E-04 0.1499E-03 0.3473E-05 0.8817E-04 0.3558E-04 0.9263E-05 0.1255E-05 0.7252E-04 0.6126E-04 0.1837E-04 0.6687E-04 0.1291E-03 0.1056E-04 0.4646E-04 0.5635E-04 0.6853E-04 0.9637E-05 0.5781E-05 0.2721E-04 0.0000E+00
0.0000E+00 0.1023E-03 0.2044E-05 0.1012E-03 0.3112E-06 0.3637E-04 0.6897E-05 0.1296E-03 0.1884E-03 0.1709E-04 0.3887E-04 0.1815E-04 0.4592E-04 0.1898E-04 0.6425E-05 0.5680E-05 0.4170E-05 0.3422E-04 0.9032E-05 0.2718E-05 0.7855E-05 0.0000E+00
0.0000E+00 0.1884E-04 0.6811E-04 0.3170E-03 0.3876E-03 0.2101E-03 0.2538E-04 0.1095E-03 0.3441E-04 0.1272E-03 0.9700E-04 0.8983E-06 0.1634E-04 0.4818E-04 0.5025E-04 0.7070E-04 0.8839E-04 0.6189E-05 0.1983E-04 0.8838E-04 0.1449E-03 0.0000E+00
0.0000E+00 0.9543E-04 0.1000E-04 0.4371E-03 0.1098E-03 0.1302E-03 0.5660E-04 0.7576E-04 0.1086E-04 0.1647E-03 0.8111E-04 0.1262E-03 0.8758E-04 0.1398E-03 0.8435E-04 0.3147E-03 0.1730E-04 0.2170E-04 0.2633E-04 0.2606E-03 0.1475E-03 0.0000E+00
0.0000E+00 0.4797E-04 0.6691E-05 0.4183E-03 0.6474E-04 0.2038E-03 0.1378E-03 0.9726E-04 0.4932E-04 0.2126E-03 0.4392E-03 0.4858E-03 0.4844E-04 0.6015E-04 0.1591E-03 0.8702E-04 0.4284E-04 0.2325E-03 0.4209E-03 0.1798E-03 0.2345E-04 0.0000E+00
0.0000E+00 0.5150E-04 0.6739E-05 0.3630E-03 0.6065E-04 0.1052E-05 0.1076E-03 0.4293E-04 0.9084E-05 0.1541E-04 0.3334E-03 0.1084E-03 0.6117E-03 0.1314E-03 0.1829E-03 0.6041E-04 0.9174E-04 0.2667E-04 0.1042E-03 0.1257E-03 0.2388E-05 0.0000E+00
0.0000E+00 0.6883E-03 0.5728E-04 0.3094E-03 0.2458E-04 0.5726E-04 0.9743E-04 0.2410E-04 0.2510E-05 0.5811E-05 0.8472E-04 0.1314E-03 0.2746E-03 0.8174E-04 0.9550E-04 0.1617E-04 0.4399E-04 0.5247E-04 0.2051E-03 0.3896E-03 0.1848E-05 0.0000E+00
0.0000E+00 -.1032E-06 0.7120E-03 0.2353E-03 0.8339E-05 0.1234E-04 0.2612E-03 0.1086E-04 0.5337E-05 0.2881E-05 0.6270E-07 0.2946E-03 0.4378E-03 0.5523E-03 0.3925E-04 0.6916E-04 0.1586E-03 0.6580E-03 0.5283E-03 0.6761E-03 0.4390E-04 0.0000E+00
0.0000E+00 0.8061E-05 0.3711E-03 0.3768E-03 0.4105E-05 0.1403E-03 0.1413E-03 0.2121E-03 0.6759E-05 0.2209E-04 0.1852E-04 0.2497E-03 0.5765E-03 0.8099E-04 0.7936E-04 0.2875E-04 0.1593E-03 0.1340E-03 0.2506E-03 0.3203E-03 0.1209E-04 0.0000E+00
0.0000E+00 0.6477E-05 0.1853E-03 0.3453E-03 0.1830E-04 0.1875E-03 0.2170E-03 0.5786E-03 0.1226E-03 0.2630E-03 0.6419E-04 0.5934E-03 0.1726E-02 0.1215E-03 0.2814E-03 0.1030E-03 0.3005E-03 0.4810E-03 0.5003E-03 0.2523E-03 0.1704E-04 0.0000E+00
0.0000E+00 0.1616E-06 0.5865E-05 0.8669E-03 0.2049E-04 0.6829E-03 0.1540E-03 0.1046E-02 0.1479E-02 0.1058E-03 0.2143E-04 0.4035E-03 0.6911E-03 0.6845E-04 0.2663E-03 0.4455E-04 0.1620E-03 0.1668E-03 0.7559E-03 0.4805E-03 0.4213E-05 0.0000E+00
0.0000E+00 0.7925E-04 0.1713E-03 0.8117E-03 0.1049E-02 0.1395E-02 0.1378E-03 0.6632E-03 0.1165E-02 0.8081E-03 0.5142E-04 0.3173E-03 0.1174E-02 0.8138E-05 0.2553E-03 0.4480E-03 0.2819E-03 0.3535E-03 0.5208E-03 0.3033E-03 0.3915E-04 0.0000E+00
0.0000E+00 0.2112E-04 0.9907E-03 0.4336E-03 0.5101E-03 0.5935E-03 0.8820E-04 0.4360E-03 0.6653E-03 0.3511E-03 0.2085E-02 0.8445E-03 0.1429E-02 0.1013E-04 0.1439E-03 0.1196E-02 0.2468E-02 0.1716E-03 0.5064E-03 0.1361E-02 0.3488E-04 0.0000E+00
0.0000E+00 0.1079E-03 0.4525E-03 0.3473E-03 0.3577E-03 0.1433E-02 0.1257E-03 0.4426E-03 0.5197E-03 0.1308E-02 0.2497E-02 0.7187E-03 0.1082E-02 0.5150E-04 0.1225E-03 0.2405E-03 0.9607E-03 0.3186E-03 0.3698E-03 0.7238E-03 0.1341E-03 0.0000E+00
0.0000E+00 0.1634E-02 0.2837E-03 0.3053E-03 0.1112E-02 0.1167E-02 0.1372E-02 0.5130E-03 0.4055E-03 0.1425E-02 0.1699E-02 0.5057E-03 0.8976E-03 0.4430E-03 0.2997E-03 0.4467E-03 0.7488E-03 0.1822E-03 0.4946E-03 0.7167E-03 0.2755E-04 0.0000E+00
0.0000E+00 0.1172E-02 0.1971E-03 0.5312E-03 0.5900E-03 0.7734E-03 0.9542E-03 0.2616E-03 0.5035E-03 0.7255E-03 0.1094E-02 0.4833E-03 0.7450E-03 0.1564E-03 0.1257E-03 0.2592E-03 0.1435E-02 0.2498E-03 0.4246E-03 0.5127E-03 0.1523E-04 0.0000E+00
0.0000E+00 0.6577E-03 0.8420E-05 0.4711E-03 0.4561E-03 0.6670E-03 0.1165E-02 0.1855E-03 0.3123E-03 0.1148E-02 0.8762E-03 0.3280E-03 0.6262E-03 0.7004E-04 0.1285E-03 0.1720E-03 0.9092E-03 0.1106E-03 0.2257E-03 0.3220E-03 0.3732E-05 0.0000E+00
0.0000E+00 0.5023E-03 0.5788E-06 0.3460E-03 0.1606E-02 0.1283E-02 0.8694E-03 0.4149E-03 0.2046E-03 0.1132E-02 0.6410E-03 0.1112E-03 0.5104E-03 0.4754E-04 0.9082E-04 0.1895E-03 0.6296E-03 0.5044E-04 0.1621E-03 0.2431E-03 0.1842E-04 0.0000E+00
0.0000E+00 0.3803E-03 0.1491E-04 0.3182E-03 0.1770E-02 0.3321E-02 0.8634E-05 0.5569E-03 0.2309E-03 0.1075E-02 0.1670E-06 0.1815E-03 0.1185E-02 0.5929E-03 0.2387E-03 0.9338E-04 0.4767E-03 0.2145E-04 0.1123E-03 0.2169E-03 0.2043E-04 0.0000E+00
0.0000E+00 0.3008E-03 0.2088E-03 0.2858E-03 0.1572E-02 0.2222E-02 0.1934E-05 0.3005E-03 0.2085E-03 0.1839E-02 0.1525E-03 0.3040E-03 0.8103E-03 0.3050E-03 0.1818E-03 0.4765E-03 0.1135E-02 0.2095E-03 0.7463E-04 0.1824E-03 0.4942E-04 0.0000E+00
0.0000E+00 0.3355E-03 0.8745E-04 0.5218E-03 0.1327E-02 0.1838E-02 0.1298E-04 0.1773E-03 0.9665E-04 0.1298E-02 0.3183E-04 0.7876E-04 0.9986E-03 0.1804E-03 0.9614E-04 0.1871E-03 0.4862E-03 0.2646E-03 0.6603E-04 0.1530E-03 0.3555E-03 0.0000E+00
0.0000E+00 0.3282E-03 0.2260E-03 0.1128E-02 0.2260E-02 0.2302E-02 0.7425E-04 0.3572E-03 0.1650E-03 0.1478E-02 0.1209E-04 0.1517E-03 0.1517E-02 0.1170E-03 0.4966E-04 0.2070E-03 0.4624E-03 0.1363E-03 0.1698E-03 0.8668E-04 0.1629E-03 0.0000E+00
0.0000E+00 0.3675E-03 0.5337E-04 0.3490E-03 0.1215E-02 0.1573E-02 0.4734E-03 0.4170E-03 0.7858E-03 0.1212E-02 0.1074E-03 0.3682E-04 0.8893E-03 0.1512E-03 0.3166E-04 0.6569E-04 0.2948E-03 0.7216E-03 0.7686E-04 0.8953E-04 0.9513E-04 0.0000E+00
0.0000E+00 0.2972E-03 0.1169E-03 0.2986E-03 0.1024E-02 0.1729E-02 0.1722E-02 0.3901E-03 0.5663E-03 0.1038E-02 0.1767E-03 0.1853E-04 0.7360E-03 0.5812E-04 0.7665E-05 0.2123E-04 0.2328E-03 0.8225E-03 0.3272E-03 0.3972E-04 0.9055E-04 0.0000E+00
0.0000E+00 0.2310E-03 0.2698E-03 0.2328E-03 0.8776E-03 0.1222E-02 0.1178E-02 0.2996E-03 0.1123E-02 0.7731E-03 0.2761E-03 0.1241E-03 0.8903E-03 0.1062E-03 0.4152E-03 0.2619E-04 0.3415E-03 0.6186E-03 0.2302E-03 0.1816E-03 0.5092E-03 0.0000E+00
0.0000E+00 0.2325E-03 0.1135E-03 0.2780E-03 0.7923E-03 0.1555E-02 0.7645E-03 0.2236E-03 0.1647E-02 0.1135E-02 0.1088E-03 0.5185E-04 0.5283E-03 0.1805E-04 0.1255E-03 0.2333E-03 0.2544E-04 0.3482E-03 0.9799E-04 0.3518E-04 0.7568E-04 0.0000E+00
0.0000E+00 0.8414E-04 0.2511E-03 0.1354E-03 0.1241E-02 0.1668E-02 0.5579E-03 0.1369E-03 0.2020E-02 0.1082E-02 0.8382E-04 0.2553E-03 0.6103E-03 0.4387E-04 0.2286E-03 0.8294E-04 0.4781E-05 0.2122E-03 0.2371E-03 0.1309E-03 0.4952E-04 0.0000E+00
0.0000E+00 0.3649E-03 0.1223E-03 0.7670E-04 0.8650E-03 0.1259E-02 0.3516E-03 0.5566E-04 0.1008E-02 0.7552E-03 0.4095E-04 0.1400E-03 0.2383E-03 0.2149E-03 0.1168E-03 0.3121E-04 0.9931E-04 0.7172E-04 0.3001E-03 0.1425E-03 0.3279E-03 0.0000E+00
0.0000E+00 0.2309E-03 0.9518E-05 0.4553E-04 0.4901E-03 0.1611E-02 0.2430E-03 0.1224E-03 0.8361E-03 0.7808E-03 0.7092E-04 0.7919E-04 0.2765E-03 0.1442E-03 0.4520E-04 0.4115E-04 0.2511E-04 0.2478E-04 0.2402E-03 0.8020E-04 0.8440E-04 0.0000E+00
0.0000E+00 0.1206E-03 0.6575E-05 0.2040E-04 0.1120E-05 0.1328E-02 0.1225E-03 0.1260E-03 0.7168E-03 0.4748E-03 0.1599E-04 0.2187E-04 0.6146E-04 0.7869E-04 0.1711E-04 0.1323E-04 0.1803E-04 0.4120E-05 0.1229E-03 0.3035E-04 0.6165E-06 0.0000E+00
0.0000E+00 0.0000E+00 0.0000E+00 0.0000E+00 0.0000E+00 0.0000E+00 0.0000E+00 0.0000E+00 0.0000E+00 0.0000E+00 0.0000E+00 0.0000E+00 0.0000E+00 0.0000E+00 0.0000E+00 0.0000E+00 0.0000E+00 0.0000E+00 0.0000E+00 0.0000E+00 0.0000E+00 0.0000E+00
