p2_rainC_lowsm_sedtr.asc
ncols     22
nrows     62
xllcorner      0.00000000
yllcorner      0.00000000
cellsize      0.50000000
nodata_value -9999
0.0000E+00 0.0000E+00 0.0000E+00 0.0000E+00 0.0000E+00 0.0000E+00 0.0000E+00 0.0000E+00 0.0000E+00 0.0000E+00 0.0000E+00 0.0000E+00 0.0000E+00 0.0000E+00 0.0000E+00 0.0000E+00 0.0000E+00 0.0000E+00 0.0000E+00 0.0000E+00 0.0000E+00 0.0000E+00
0.0000E+00 0.2492E-02 0.9782E-04 0.1127E-02 0.8937E-04 0.1216E-02 0.6170E-02 0.3933E-03 0.2661E-04 0.8147E-03 0.2934E-02 0.3452E-02 0.2656E-02 0.8911E-03 0.9073E-03 0.1034E-03 0.3110E-02 0.8675E-02 -.2788E-07 0.7785E-06 0.2984E-02 0.0000E+00
0.0000E+00 0.3076E-02 0.1211E-01 0.1359E-03 0.1319E-01 0.1261E-01 0.1527E-02 0.2142E-02 0.4066E-03 0.1132E-02 0.6467E-02 0.4914E-03 0.2873E-02 0.6259E-07 0.2176E-01 0.1624E-02 0.3107E-03 0.3393E-02 0.1387E-02 0.6630E-02 0.1049E-01 0.0000E+00
0.0000E+00 0.4056E-02 0.9849E-02 0.2183E-02 0.3201E-03 0.3439E-02 0.3229E-02 0.2975E-03 0.4187E-02 0.8462E-03 0.1136E-01 0.3594E-02 0.2522E-01 0.1092E-01 0.1506E-01 0.3361E-02 0.1718E-03 0.1244E-01 0.5267E-03 0.2258E-02 0.1402E-02 0.0000E+00
0.0000E+00 0.1122E-02 0.7859E-02 0.2853E-02 0.1048E-02 0.1167E-01 0.3888E-02 0.1143E-03 0.5187E-03 0.5603E-02 0.1180E-01 0.3053E-02 0.2277E-01 0.7799E-06 0.5424E-02 0.7435E-03 0.7486E-02 0.8395E-02 0.4347E-05 0.9172E-02 0.1539E-01 0.0000E+00
0.0000E+00 0.9257E-03 0.2477E-03 0.2235E-02 0.3653E-03 0.5290E-06 0.1585E-02 0.3857E-02 0.2367E-02 0.3514E-02 0.2317E-06 0.1516E-01 0.5755E-02 0.3040E-02 0.4011E-02 0.8458E-03 0.2371E-02 0.1286E-01 0.4351E-02 0.1463E-01 0.1498E-01 0.0000E+00
0.0000E+00 0.5738E-03 0.1846E-03 0.9760E-02 0.6791E-04 0.2159E-04 0.2307E-02 0.2358E-03 0.4388E-02 0.2088E-02 0.2111E-02 0.2856E-02 0.1265E-01 0.1046E-02 0.1021E-01 0.1909E-01 0.1340E-01 0.1026E-01 0.9647E-02 0.1197E-01 0.9277E-02 0.0000E+00
0.0000E+00 0.6298E-03 0.1331E-02 0.2443E-02 0.8720E-04 0.9881E-03 0.4208E-02 0.2074E-02 0.1219E-02 0.2512E-01 0.1197E-02 0.6402E-03 0.2463E-01 0.8663E-02 0.1696E-02 0.1065E-02 0.2442E-02 0.4641E-02 0.1011E-01 0.9734E-02 0.1028E-01 0.0000E+00
0.0000E+00 0.4588E-04 0.3226E-02 0.2688E-02 0.4161E-02 0.5963E-02 0.2496E-02 0.2340E-02 0.1963E-02 0.9354E-02 0.7770E-03 0.9343E-02 0.8694E-02 0.3755E-02 0.2027E-03 0.3880E-03 0.7022E-02 0.2330E-02 0.1047E-02 0.3028E-05 0.8444E-02 0.0000E+00
0.0000E+00 0.4070E-03 0.1365E-01 0.2780E-04 0.6361E-02 0.4315E-03 0.7524E-02 0.3153E-02 0.2409E-02 0.6643E-02 0.1180E-01 0.2146E-01 0.2335E-01 0.6284E-02 0.3316E-03 0.7176E-04 0.7800E-02 0.2441E-01 0.1903E-02 0.1889E-03 0.1156E-01 0.0000E+00
0.0000E+00 0.4074E-04 0.8805E-02 0.1475E-01 0.2685E-03 0.6107E-02 0.2099E-02 0.3981E-04 0.5168E-04 0.2163E-04 0.1071E-01 0.2452E-01 0.9610E-02 0.5501E-04 0.5194E-05 0.1753E-02 0.2736E-02 0.1160E-01 0.4512E-03 0.1256E-03 0.8902E-02 0.0000E+00
0.0000E+00 0.5528E-02 0.1118E-01 0.8335E-02 0.8427E-03 0.1876E-02 0.3701E-02 0.2704E-02 0.4508E-02 0.3974E-02 0.2073E-02 0.1200E-01 0.7959E-02 0.5561E-02 0.1556E-02 0.3367E-02 0.1450E-02 0.3053E-02 0.3432E-03 0.5520E-03 0.2124E-01 0.0000E+00
0.0000E+00 0.2804E-02 0.1196E-02 0.1668E-01 0.6886E-02 0.2055E-01 0.1173E-02 0.9074E-02 0.1827E-01 0.1433E-04 0.6391E-03 0.8377E-02 0.4650E-03 0.1373E-02 0.1829E-02 0.1193E-02 0.3650E-02 0.6225E-02 0.1507E-04 0.4198E-02 0.1596E-01 0.0000E+00
0.0000E+00 0.1300E-01 0.9558E-02 0.1661E-01 0.3276E-02 0.9945E-02 0.7824E-02 0.2576E-02 0.2485E-02 0.5978E-02 0.1919E-02 0.9479E-02 0.1915E-02 0.7482E-03 0.3914E-04 0.1619E-02 0.7724E-02 0.8338E-02 0.1602E-02 0.3439E-02 0.1812E-01 0.0000E+00
0.0000E+00 0.3870E-02 0.2222E-02 0.2120E-01 0.1261E-02 0.1766E-03 0.1301E-01 0.3139E-02 0.4623E-02 0.3025E-03 0.1290E-01 0.1462E-01 0.1727E-01 0.2936E-02 0.4702E-03 0.5260E-02 0.3353E-02 0.4459E-02 0.6164E-02 0.1081E-01 0.3782E-01 0.0000E+00
0.0000E+00 0.1729E-02 0.6498E-04 0.3858E-02 0.1251E-02 0.2022E-03 0.4853E-02 0.1046E-01 0.6243E-02 0.5803E-03 0.5758E-02 0.2534E-01 0.1121E-01 0.1312E-01 0.1951E-01 0.1567E-05 0.1237E-02 0.5211E-02 0.5945E-02 0.3921E-02 0.1193E-01 0.0000E+00
0.0000E+00 0.1149E-02 0.8680E-03 0.2186E-02 0.1049E-01 0.2706E-03 0.1244E-01 0.1297E-02 0.1562E-02 0.7503E-02 0.6630E-02 0.1601E-01 0.5140E-02 0.3903E-02 0.7558E-02 0.5885E-04 0.1926E-02 0.3252E-02 0.8998E-02 0.1077E-01 0.2245E-01 0.0000E+00
0.0000E+00 0.1087E-02 0.4955E-03 0.2875E-02 0.6376E-02 0.1629E-04 0.1399E-01 0.9394E-02 0.1342E-03 0.5998E-02 0.7084E-02 0.1033E-01 0.4992E-02 0.2237E-02 0.2658E-02 0.4787E-02 0.6193E-02 0.7367E-02 0.4304E-02 0.1822E-01 0.5245E-01 0.0000E+00
0.0000E+00 0.2120E-03 0.8159E-04 0.3231E-02 0.8812E-02 0.2451E-02 0.6560E-02 0.2438E-02 0.1005E-01 0.3139E-02 0.2631E-02 0.2604E-01 0.4467E-02 0.4820E-02 0.2756E-02 0.1004E-01 0.7609E-02 0.1019E-02 0.2121E-01 0.5370E-02 0.2759E-01 0.0000E+00
0.0000E+00 0.9979E-03 0.4865E-02 0.1481E-03 0.4755E-02 0.4503E-02 0.1631E-01 0.8025E-03 0.7135E-02 0.8063E-03 0.8388E-03 0.1382E-01 0.3200E-02 0.5224E-02 0.7859E-02 0.7864E-02 0.1751E-02 0.6071E-02 0.4757E-02 0.5094E-02 0.1850E-01 0.0000E+00
0.0000E+00 0.1215E-04 0.1184E-06 0.1758E-04 0.1402E-01 0.6439E-02 0.1539E-02 0.1350E-02 0.5482E-02 0.3226E-03 0.5138E-02 0.2640E-01 0.7444E-02 0.1319E-02 0.6590E-02 0.9175E-02 0.2081E-02 0.5898E-02 0.1090E-02 0.4396E-02 0.2828E-01 0.0000E+00
0.0000E+00 -.2730E-06 0.2442E-04 0.1688E-02 0.1170E-01 0.4892E-03 0.3419E-02 0.1796E-02 0.1639E-02 0.8967E-03 0.2952E-02 0.1423E-01 0.2702E-02 0.1644E-02 0.6149E-02 0.2778E-02 0.5647E-02 0.4139E-02 0.2936E-03 0.9187E-02 0.1298E-01 0.0000E+00
0.0000E+00 -.2196E-06 0.5608E-02 0.5990E-03 0.3522E-02 0.2500E-02 0.5347E-02 0.3074E-02 0.5166E-03 0.9414E-03 0.6363E-02 0.8262E-02 0.2965E-07 0.6374E-06 0.6922E-02 0.1825E-02 0.1193E-02 0.2351E-01 0.1514E-02 0.9251E-02 0.1306E-01 0.0000E+00
0.0000E+00 0.2165E-02 0.2594E-02 0.1269E-03 0.1969E-02 0.5117E-02 0.9497E-03 0.1173E-02 0.2836E-02 0.1472E-03 0.1810E-02 0.1066E-01 0.1057E-02 0.1136E-02 0.1745E-02 0.2584E-03 0.8294E-02 0.5069E-02 0.2297E-02 0.3767E-02 0.8231E-02 0.0000E+00
0.0000E+00 0.2383E-01 0.3168E-02 0.1383E-01 0.5837E-02 0.2081E-02 0.7669E-03 0.1600E-01 0.7751E-03 0.5532E-02 0.5567E-02 0.3495E-01 0.1318E-01 0.1140E-02 0.3754E-03 0.1336E-02 0.2613E-02 0.6570E-02 0.4818E-03 0.7309E-02 0.6068E-02 0.0000E+00
0.0000E+00 0.6028E-02 0.1806E-01 0.9346E-03 0.8035E-02 0.2396E-04 0.7739E-03 0.3779E-01 0.4020E-02 0.3112E-02 0.1382E-01 0.2724E-02 0.5760E-02 0.4229E-02 0.1866E-02 0.3101E-02 0.5859E-02 0.4935E-02 0.4951E-02 0.2398E-02 0.3011E-01 0.0000E+00
0.0000E+00 0.2343E-03 0.1198E-02 0.5225E-02 0.1998E-02 0.6518E-03 0.1180E-01 0.1632E-01 0.2743E-03 0.2097E-01 0.2440E-02 0.5731E-02 0.1037E-01 0.4064E-01 0.9760E-02 0.5314E-02 0.8187E-02 0.7225E-02 0.4559E-02 0.3147E-02 0.3176E-01 0.0000E+00
0.0000E+00 0.6402E-06 0.4189E-03 0.1998E-01 0.9489E-03 0.1164E-02 0.2320E-01 0.1192E-01 0.2808E-04 0.2534E-01 0.2308E-02 0.2265E-02 0.1292E-01 0.5490E-01 0.4399E-02 0.2282E-01 0.6731E-02 0.1383E-02 0.7318E-03 0.1208E-02 0.8841E-02 0.0000E+00
0.0000E+00 0.3129E-03 0.4153E-02 0.1488E-01 0.8033E-03 0.1088E-01 0.1679E-01 0.7016E-02 0.3550E-02 0.9298E-02 0.1501E-01 0.1017E-01 0.2791E-02 0.2897E-01 0.2900E-02 0.2244E-02 0.1681E-02 0.1328E-03 0.1070E-01 0.2327E-02 0.3455E-02 0.0000E+00
0.0000E+00 0.9842E-03 0.5305E-02 0.6544E-02 0.2950E-03 0.1117E-01 0.7771E-02 0.8675E-02 0.6237E-03 0.3496E-01 0.1842E-01 0.2018E-01 0.8869E-02 0.1547E-01 0.1926E-03 0.3538E-02 0.1179E-02 0.3056E-02 0.4355E-02 0.1461E-01 0.2403E-01 0.0000E+00
0.0000E+00 0.8756E-03 0.1808E-03 0.1347E-01 0.1384E-02 0.2086E-01 0.3171E-02 0.5697E-02 0.6443E-03 0.7221E-02 0.1054E-01 0.1510E-01 0.2072E-01 0.1157E-01 0.6048E-02 0.1160E-01 0.3322E-01 0.2305E-01 0.9468E-02 0.7384E-02 0.9642E-02 0.0000E+00
0.0000E+00 0.1587E-05 0.6089E-04 0.8535E-02 0.1404E-02 0.1373E-01 0.4741E-02 0.2364E-02 0.2699E-03 0.4321E-02 0.5305E-02 0.3135E-02 0.6430E-02 0.2551E-01 0.2875E-02 0.1011E-01 0.1525E-01 0.9096E-02 0.1929E-02 0.1629E-02 0.4695E-02 0.0000E+00
0.0000E+00 0.2428E-02 0.3186E-05 0.3474E-02 0.5402E-03 0.6472E-02 0.2648E-02 0.1111E-01 0.1633E-01 0.3774E-02 0.3446E-02 0.7425E-02 0.4702E-02 0.4031E-02 0.3166E-02 0.1625E-02 0.8343E-03 0.6050E-02 0.1837E-02 0.1664E-02 0.2108E-02 0.0000E+00
0.0000E+00 0.1319E-03 0.1209E-02 0.1503E-01 0.3088E-01 0.1428E-01 0.2593E-02 0.8690E-02 0.4705E-02 0.9792E-02 0.1050E-01 0.1715E-02 0.2569E-02 0.1269E-01 0.1047E-01 0.6234E-02 0.8237E-02 0.2990E-02 0.6450E-03 0.1762E-02 0.1519E-01 0.0000E+00
0.0000E+00 0.6435E-03 0.4300E-03 0.2273E-01 0.1647E-01 0.7627E-02 0.4583E-02 0.5341E-02 0.3487E-02 0.1716E-01 0.4755E-02 0.1631E-01 0.1334E-01 0.2400E-01 0.1793E-01 0.2020E-01 0.1786E-02 0.7713E-02 0.3263E-02 0.9215E-02 0.1759E-01 0.0000E+00
0.0000E+00 0.3259E-02 0.3297E-05 0.2411E-01 0.9868E-02 0.1498E-01 0.7252E-02 0.8548E-02 0.6197E-02 0.2053E-01 0.2429E-01 0.3505E-01 0.2912E-02 0.7320E-02 0.1624E-01 0.9655E-02 0.1814E-02 0.1517E-01 0.2839E-01 0.1387E-01 0.2648E-02 0.0000E+00
0.0000E+00 0.6276E-02 0.3596E-04 0.2202E-01 0.1009E-01 0.2181E-05 0.4261E-02 0.2187E-02 0.1591E-02 0.2255E-02 0.2367E-01 0.5149E-02 0.3349E-01 0.1582E-01 0.1710E-01 0.5578E-02 0.2744E-02 0.4419E-02 0.6840E-02 0.7443E-02 0.8579E-03 0.0000E+00
0.0000E+00 0.2726E-01 0.4415E-06 0.9029E-02 0.5172E-02 0.2377E-02 0.4668E-02 0.8659E-03 0.4958E-06 0.1479E-02 0.3250E-02 0.4649E-02 0.1171E-01 0.3398E-02 0.1330E-01 0.2385E-02 0.4545E-02 0.6648E-02 0.1714E-01 0.2756E-01 0.1059E-02 0.0000E+00
0.0000E+00 -.9895E-07 0.3221E-01 0.3920E-02 0.2953E-02 0.3926E-02 0.2769E-01 0.2876E-03 0.1083E-02 0.9596E-03 0.2959E-03 0.1477E-01 0.1952E-01 0.2824E-01 0.4771E-02 0.9262E-02 0.9575E-02 0.3770E-01 0.4322E-01 0.4541E-01 0.3563E-02 0.0000E+00
0.0000E+00 0.7162E-03 0.2339E-01 0.1684E-01 0.1999E-02 0.1664E-01 0.8444E-02 0.1680E-01 0.9417E-04 0.2285E-02 0.2941E-02 0.8119E-02 0.1381E-01 0.1505E-01 0.6770E-02 0.2092E-02 0.1649E-01 0.1315E-01 0.2635E-01 0.1527E-01 0.1451E-02 0.0000E+00
0.0000E+00 0.4875E-03 0.7975E-02 0.1115E-01 0.3640E-02 0.2102E-01 0.1232E-01 0.3359E-01 0.9800E-02 0.1104E-01 0.5437E-02 0.2426E-01 0.4686E-01 0.2112E-01 0.2502E-01 0.9150E-02 0.2521E-01 0.2956E-01 0.4259E-01 0.1662E-01 0.3147E-02 0.0000E+00
0.0000E+00 0.1370E-03 0.2071E-03 0.2762E-01 0.3542E-02 0.4344E-01 0.5997E-02 0.5624E-01 0.6144E-01 0.1109E-02 0.3303E-02 0.2479E-01 0.3135E-01 0.1752E-01 0.2890E-01 0.2024E-02 0.8906E-02 0.1265E-01 0.6342E-01 0.3048E-01 0.2625E-02 0.0000E+00
0.0000E+00 0.1110E-01 0.1319E-01 0.3761E-01 0.5369E-01 0.5457E-01 0.4676E-02 0.3749E-01 0.5791E-01 0.2306E-01 0.5436E-02 0.1021E-01 0.5134E-01 0.1824E-02 0.2467E-01 0.1890E-01 0.1563E-01 0.3159E-01 0.5005E-01 0.1375E-01 0.3774E-02 0.0000E+00
0.0000E+00 0.5154E-02 0.4592E-01 0.1792E-01 0.3447E-01 0.3499E-01 0.3004E-02 0.2514E-01 0.4077E-01 0.1409E-01 0.7843E-01 0.3784E-01 0.7036E-01 0.2897E-02 0.1728E-01 0.4922E-01 0.8514E-01 0.9668E-02 0.5104E-01 0.6088E-01 0.3668E-02 0.0000E+00
0.0000E+00 0.1359E-01 0.3228E-01 0.1037E-01 0.1539E-01 0.6279E-01 0.8241E-02 0.3236E-01 0.2274E-01 0.5164E-01 0.9873E-01 0.3915E-01 0.7149E-01 0.4800E-02 0.1733E-01 0.1044E-01 0.5201E-01 0.1841E-01 0.2503E-01 0.3965E-01 0.9595E-02 0.0000E+00
0.0000E+00 0.7175E-01 0.1294E-01 0.7171E-02 0.4759E-01 0.6245E-01 0.5861E-01 0.2805E-01 0.1570E-01 0.6335E-01 0.8938E-01 0.1706E-01 0.5622E-01 0.2994E-01 0.3291E-01 0.3066E-01 0.4430E-01 0.1631E-01 0.2940E-01 0.4224E-01 0.1387E-03 0.0000E+00
0.0000E+00 0.6577E-01 0.1024E-01 0.2876E-01 0.2949E-01 0.4216E-01 0.5586E-01 0.1546E-01 0.2803E-01 0.3691E-01 0.6075E-01 0.2158E-01 0.3699E-01 0.2097E-01 0.9533E-02 0.2294E-01 0.6381E-01 0.1795E-01 0.2740E-01 0.2103E-01 0.1935E-02 0.0000E+00
0.0000E+00 0.2493E-01 0.3566E-04 0.3132E-01 0.1506E-01 0.2635E-01 0.6120E-01 0.9933E-02 0.1561E-01 0.5296E-01 0.3616E-01 0.7077E-02 0.3264E-01 0.7930E-02 0.1115E-01 0.1067E-01 0.4847E-01 0.4694E-02 0.8248E-02 0.1072E-01 0.1708E-02 0.0000E+00
0.0000E+00 0.2027E-01 0.3154E-03 0.1894E-01 0.6022E-01 0.4650E-01 0.5395E-01 0.2806E-01 0.1398E-01 0.4319E-01 0.2680E-01 0.2330E-02 0.2113E-01 0.6890E-02 0.9975E-02 0.2117E-01 0.2774E-01 0.2416E-02 0.5139E-02 0.8188E-02 0.1669E-03 0.0000E+00
0.0000E+00 0.1582E-01 0.3276E-04 0.1259E-01 0.7677E-01 0.1036E+00 0.2213E-04 0.4347E-01 0.2597E-01 0.4646E-01 0.4657E-04 0.1589E-01 0.6166E-01 0.4992E-01 0.2581E-01 0.6601E-02 0.1699E-01 0.1542E-02 0.2689E-02 0.6316E-02 0.2155E-02 0.0000E+00
0.0000E+00 0.1266E-01 0.1049E-01 0.1018E-01 0.8038E-01 0.8429E-01 0.4670E-05 0.1962E-01 0.1963E-01 0.9004E-01 0.6786E-02 0.3193E-01 0.2944E-01 0.3800E-01 0.2380E-01 0.3420E-01 0.6026E-01 0.2214E-01 0.9803E-03 0.4147E-02 0.6596E-03 0.0000E+00
0.0000E+00 0.1083E-01 0.6431E-02 0.1726E-01 0.7463E-01 0.6965E-01 0.9447E-03 0.1057E-01 0.9184E-02 0.7307E-01 0.2844E-02 0.4822E-02 0.4581E-01 0.2814E-01 0.1513E-01 0.9971E-02 0.2141E-01 0.2903E-01 0.2757E-02 0.6456E-02 0.1835E-01 0.0000E+00
0.0000E+00 0.1608E-01 0.1551E-01 0.4943E-01 0.8423E-01 0.8148E-01 0.3748E-02 0.1393E-01 0.8408E-02 0.8840E-01 0.1254E-03 0.9544E-02 0.6585E-01 0.2481E-01 0.7201E-02 0.1300E-01 0.2367E-01 0.2034E-01 0.7068E-02 0.1569E-03 0.1064E-01 0.0000E+00
0.0000E+00 0.1349E-01 0.4960E-02 0.1327E-01 0.5686E-01 0.7077E-01 0.3001E-01 0.2284E-01 0.3877E-01 0.6719E-01 0.6453E-03 0.5125E-02 0.3939E-01 0.2910E-01 0.4864E-02 0.7303E-02 0.1665E-01 0.4855E-01 0.4855E-02 0.3953E-02 0.7499E-02 0.0000E+00
0.0000E+00 0.1512E-01 0.6217E-02 0.1171E-01 0.3629E-01 0.7885E-01 0.7126E-01 0.2153E-01 0.3298E-01 0.6100E-01 0.7762E-03 0.3378E-02 0.2168E-01 0.2065E-01 0.2795E-02 0.4143E-02 0.1595E-01 0.4477E-01 0.2303E-01 0.5610E-02 0.1015E-01 0.0000E+00
0.0000E+00 0.5014E-02 0.1647E-01 0.6293E-02 0.3105E-01 0.4793E-01 0.6807E-01 0.1980E-01 0.5462E-01 0.4274E-01 0.1480E-01 0.1826E-01 0.4661E-01 0.1635E-01 0.1977E-01 0.7560E-03 0.1951E-01 0.3280E-01 0.1902E-01 0.4288E-03 0.3339E-01 0.0000E+00
0.0000E+00 0.5788E-02 0.4014E-02 0.1950E-01 0.3003E-01 0.7548E-01 0.5004E-01 0.1942E-01 0.7190E-01 0.6605E-01 0.6318E-02 0.1741E-01 0.2670E-01 0.1363E-01 0.8655E-02 0.3145E-02 0.3987E-02 0.1794E-01 0.9777E-02 -.5644E-06 0.5163E-02 0.0000E+00
0.0000E+00 0.1040E-02 0.1163E-01 0.1545E-01 0.7127E-01 0.9137E-01 0.2433E-01 0.5458E-02 0.9085E-01 0.6417E-01 0.4217E-02 0.3257E-01 0.4688E-01 0.1558E-01 0.2042E-01 0.7672E-02 0.2066E-02 0.1237E-01 0.1477E-01 0.8437E-02 0.3169E-02 0.0000E+00
0.0000E+00 0.2452E-01 0.4363E-02 0.4738E-02 0.6656E-01 0.5529E-01 0.2170E-01 0.3011E-02 0.4079E-01 0.4412E-01 0.4620E-02 0.2876E-01 0.2132E-01 0.2331E-01 0.1271E-01 0.6312E-03 0.7951E-02 0.6784E-02 0.2176E-01 0.1135E-01 0.2005E-01 0.0000E+00
0.0000E+00 0.2447E-01 0.3011E-03 0.3554E-02 0.2803E-01 0.7616E-01 0.1374E-01 0.1115E-01 0.2619E-01 0.4563E-01 0.3759E-02 0.1468E-01 0.2904E-01 0.2566E-01 0.3185E-02 0.5056E-02 0.5088E-02 0.7852E-03 0.2759E-01 0.1635E-02 0.1830E-02 0.0000E+00
0.0000E+00 0.7086E-02 0.6563E-06 0.1067E-02 0.5678E-06 0.6111E-01 0.8998E-02 0.1564E-01 0.2610E-01 0.2416E-01 0.2721E-02 0.6697E-02 0.1037E-01 0.7474E-02 0.1705E-02 0.1232E-02 0.4458E-02 0.3522E-03 0.1438E-01 0.6439E-03 0.6162E-05 0.0000E+00
0.0000E+00 0.0000E+00 0.0000E+00 0.0000E+00 0.0000E+00 0.0000E+00 0.0000E+00 0.0000E+00 0.0000E+00 0.0000E+00 0.0000E+00 0.0000E+00 0.0000E+00 0.0000E+00 0.0000E+00 0.0000E+00 0.0000E+00 0.0000E+00 0.0000E+00 0.0000E+00 0.0000E+00 0.0000E+00
