p2_rainC_medsm_dschg.asc
ncols     22
nrows     62
xllcorner      0.00000000
yllcorner      0.00000000
cellsize      0.50000000
nodata_value -9999
0.0000E+00 0.0000E+00 0.0000E+00 0.0000E+00 0.0000E+00 0.0000E+00 0.0000E+00 0.0000E+00 0.0000E+00 0.0000E+00 0.0000E+00 0.0000E+00 0.0000E+00 0.0000E+00 0.0000E+00 0.0000E+00 0.0000E+00 0.0000E+00 0.0000E+00 0.0000E+00 0.0000E+00 0.0000E+00
0.0000E+00 0.7871E-03 0.9052E-03 0.8033E-03 0.7100E-03 0.1347E-02 0.2848E-02 0.1610E-02 0.6819E-03 0.7195E-03 0.6818E-03 0.6939E-03 0.7643E-03 0.6899E-03 0.1306E-02 0.7260E-03 0.8096E-03 0.7284E-03 0.6697E-03 0.7267E-03 0.7418E-03 0.0000E+00
0.0000E+00 0.1450E-02 0.1743E-02 0.1406E-02 0.8917E-03 0.3209E-02 0.3869E-02 0.7152E-03 0.7103E-03 0.2073E-02 0.1379E-02 0.1287E-02 0.1491E-02 0.6498E-03 0.2571E-02 0.1950E-02 0.1443E-02 0.1334E-02 0.1265E-02 0.1975E-02 0.1737E-02 0.0000E+00
0.0000E+00 0.2224E-02 0.2914E-02 0.2562E-02 0.1461E-02 0.4333E-02 0.4580E-02 0.8837E-03 0.7615E-03 0.3280E-02 0.1951E-02 0.4024E-02 0.3690E-02 0.2043E-02 0.5456E-02 0.2907E-02 0.1935E-02 0.2014E-02 0.1866E-02 0.4616E-02 0.6632E-02 0.0000E+00
0.0000E+00 0.2705E-02 0.4998E-02 0.1497E-01 0.7530E-02 0.6071E-02 0.5600E-02 0.3251E-02 0.6901E-03 0.3823E-02 0.1005E-02 0.6047E-02 0.5245E-02 0.6783E-03 0.1004E-01 0.3397E-02 0.2744E-02 0.5935E-02 0.6448E-03 0.1008E-02 0.7034E-02 0.0000E+00
0.0000E+00 0.3933E-02 0.4287E-02 0.1872E-01 0.1357E-02 0.6035E-03 0.1180E-01 0.4170E-02 0.7212E-03 0.4243E-02 0.6991E-03 0.7369E-02 0.1266E-01 0.1950E-02 0.1122E-01 0.6830E-03 0.8071E-03 0.6857E-02 0.1332E-02 0.2137E-02 0.7631E-02 0.0000E+00
0.0000E+00 0.8631E-03 0.6595E-03 0.2148E-01 0.1761E-02 0.5824E-03 0.1274E-01 0.6769E-03 0.1986E-02 0.4612E-02 0.7535E-03 0.9986E-03 0.1407E-01 0.2813E-02 0.1118E-01 0.1197E-01 0.1311E-01 0.1991E-01 0.2179E-01 0.3258E-02 0.8217E-02 0.0000E+00
0.0000E+00 0.1657E-02 0.1241E-02 0.2282E-01 0.9644E-03 0.7076E-03 0.1249E-01 0.6804E-03 0.2505E-02 0.5177E-02 0.1432E-02 0.7575E-03 0.1425E-01 0.4134E-02 0.6789E-03 0.4388E-03 0.1152E-02 0.2188E-02 0.2488E-01 0.2868E-01 0.3711E-01 0.0000E+00
0.0000E+00 0.2221E-02 0.2389E-01 0.2307E-01 0.6707E-03 0.1370E-02 0.1238E-01 0.1261E-02 0.2982E-02 0.8720E-02 0.2015E-02 0.2028E-02 0.1923E-01 0.4551E-02 0.6728E-03 0.6823E-03 0.9237E-03 0.1541E-02 0.2196E-02 0.9275E-03 0.3819E-01 0.0000E+00
0.0000E+00 0.2960E-02 0.2359E-01 0.7052E-03 0.6943E-03 0.1938E-02 0.1423E-01 0.1535E-01 0.1514E-01 0.2436E-01 0.2690E-01 0.3293E-02 0.2309E-01 0.2978E-02 0.1207E-02 0.1723E-02 0.2297E-02 0.3187E-02 0.2798E-02 0.8284E-03 0.3929E-01 0.0000E+00
0.0000E+00 0.3273E-02 0.2330E-01 0.1521E-02 0.1258E-02 0.6857E-03 0.7076E-03 0.6356E-03 0.6894E-03 0.1192E-02 0.2876E-01 0.3289E-01 0.2288E-01 0.6478E-03 0.5892E-03 0.6312E-03 0.1314E-02 0.5259E-02 0.3512E-02 0.5059E-03 0.3863E-01 0.0000E+00
0.0000E+00 0.3530E-02 0.2676E-01 0.2802E-01 0.1840E-02 0.1285E-02 0.1273E-02 0.1303E-02 0.7121E-03 0.9471E-03 0.1757E-02 0.5995E-01 0.2529E-01 0.1934E-02 0.1269E-02 0.6760E-03 0.1327E-02 0.1052E-01 0.3748E-02 0.5994E-03 0.3806E-01 0.0000E+00
0.0000E+00 0.6824E-03 0.6782E-03 0.2820E-01 0.2957E-01 0.3095E-01 0.1975E-02 0.2261E-02 0.1519E-02 0.7123E-03 0.7249E-03 0.6230E-01 0.1493E-02 0.9403E-03 0.1879E-02 0.6935E-03 0.6542E-03 0.1077E-01 0.6841E-03 0.1212E-02 0.3746E-01 0.0000E+00
0.0000E+00 0.1550E-02 0.1466E-02 0.1028E-02 0.8233E-03 0.3067E-01 0.3862E-01 0.6150E-02 0.3253E-02 0.1604E-02 0.6959E-03 0.6232E-01 0.6855E-03 0.3384E-03 0.2283E-02 0.1298E-02 0.2513E-02 0.1068E-01 0.1244E-02 0.1757E-02 0.3686E-01 0.0000E+00
0.0000E+00 0.2409E-02 0.2048E-02 0.3573E-02 0.1421E-02 0.6771E-03 0.3819E-01 0.7067E-03 0.7155E-03 0.6612E-03 0.7751E-03 0.6178E-01 0.1384E-02 0.1025E-02 0.2692E-02 0.7139E-03 0.3640E-02 0.1418E-01 0.1839E-02 0.2284E-02 0.3630E-01 0.0000E+00
0.0000E+00 0.2860E-02 0.7913E-03 0.5239E-02 0.2117E-02 0.1279E-02 0.3893E-01 0.1426E-02 0.1322E-02 0.1289E-02 0.1358E-02 0.6117E-01 0.2115E-02 0.1693E-02 0.3097E-02 0.6816E-03 0.6871E-03 0.1411E-01 0.2387E-02 0.2812E-02 0.3562E-01 0.0000E+00
0.0000E+00 0.3285E-02 0.6898E-03 0.6048E-02 0.3124E-02 0.7082E-03 0.3850E-01 0.3271E-02 0.1779E-02 0.1897E-02 0.3788E-02 0.6050E-01 0.2779E-02 0.5491E-02 0.3560E-02 0.1331E-02 0.1342E-02 0.1396E-01 0.2875E-02 0.3282E-02 0.3497E-01 0.0000E+00
0.0000E+00 0.3683E-02 0.4883E-02 0.1104E-01 0.1449E-01 0.1304E-02 0.3946E-01 0.3514E-02 0.6770E-03 0.7693E-03 0.4887E-02 0.5988E-01 0.3278E-02 0.6219E-02 0.6733E-03 0.1975E-02 0.2142E-02 0.1398E-01 0.1688E-01 0.3797E-02 0.3444E-01 0.0000E+00
0.0000E+00 0.7437E-03 0.6263E-03 0.7421E-03 0.1517E-01 0.7581E-03 0.3997E-01 0.3871E-02 0.1363E-02 0.6731E-03 0.5300E-02 0.6459E-01 0.9935E-02 0.6641E-02 0.6635E-03 0.3210E-02 0.2714E-02 0.6954E-03 0.1701E-01 0.2055E-01 0.3378E-01 0.0000E+00
0.0000E+00 0.1390E-02 0.1325E-02 0.2527E-02 0.1524E-01 0.7729E-03 0.3971E-01 0.4343E-02 0.1967E-02 0.1260E-02 0.6931E-03 0.6457E-01 0.9963E-02 0.7219E-03 0.6830E-03 0.3721E-02 0.4682E-02 0.1367E-02 0.7504E-03 0.2112E-01 0.5446E-01 0.0000E+00
0.0000E+00 0.1975E-02 0.6176E-03 0.2964E-02 0.1525E-01 0.1519E-02 0.3914E-01 0.4312E-01 0.4560E-02 0.1797E-02 0.7350E-03 0.6456E-01 0.1002E-01 0.1375E-02 0.1386E-02 0.4267E-02 0.5177E-02 0.6956E-03 0.7396E-03 0.7079E-03 0.5466E-01 0.0000E+00
0.0000E+00 0.2446E-02 0.1272E-02 0.3426E-02 0.1526E-01 0.1859E-02 0.7098E-03 0.4259E-01 0.5839E-02 0.7005E-03 0.6407E-03 0.6380E-01 0.9965E-02 0.1111E-01 0.1254E-01 0.4698E-02 0.5368E-02 0.2932E-02 0.1357E-02 0.7177E-03 0.5377E-01 0.0000E+00
0.0000E+00 0.2933E-02 0.1865E-02 0.3796E-02 0.1515E-01 0.2317E-02 0.1380E-02 0.4208E-01 0.5720E-02 0.6634E-03 0.1251E-02 0.6302E-01 0.6922E-03 0.7116E-03 0.1263E-01 0.5050E-02 0.5502E-02 0.3824E-02 0.7550E-03 0.1337E-02 0.5357E-01 0.0000E+00
0.0000E+00 0.3492E-02 0.5659E-02 0.4029E-02 0.1905E-01 0.2179E-01 0.2025E-02 0.4766E-01 0.5745E-02 0.1315E-02 0.1762E-02 0.6228E-01 0.1341E-02 0.1340E-02 0.1279E-01 0.5152E-02 0.5844E-02 0.9786E-02 0.1527E-02 0.1890E-02 0.5301E-01 0.0000E+00
0.0000E+00 0.8460E-03 0.5887E-02 0.7566E-03 0.7815E-03 0.2215E-01 0.2477E-01 0.4770E-01 0.7343E-03 0.1962E-02 0.2368E-02 0.6162E-01 0.6217E-01 0.1874E-02 0.1268E-01 0.5227E-02 0.7252E-03 0.1087E-01 0.2118E-02 0.2475E-02 0.5231E-01 0.0000E+00
0.0000E+00 0.1477E-02 0.6494E-02 0.1337E-02 0.1572E-02 0.6890E-03 0.2439E-01 0.4728E-01 0.1800E-02 0.2717E-02 0.2886E-02 0.7036E-03 0.6105E-01 0.6180E-01 0.1257E-01 0.1766E-01 0.7467E-03 0.1106E-01 0.2781E-02 0.2957E-02 0.5198E-01 0.0000E+00
0.0000E+00 0.2046E-02 0.9496E-02 0.2256E-02 0.3947E-02 0.1719E-02 0.2419E-01 0.4667E-01 0.2399E-02 0.3708E-02 0.3279E-02 0.1754E-02 0.9443E-03 0.6090E-01 0.7110E-03 0.1766E-01 0.1619E-02 0.1175E-01 0.3619E-02 0.3763E-02 0.5225E-01 0.0000E+00
0.0000E+00 0.8066E-03 0.1059E-01 0.1314E-01 0.4348E-02 0.6150E-03 0.2408E-01 0.4674E-01 0.2836E-02 0.4563E-02 0.3685E-02 0.2351E-02 0.1586E-02 0.6026E-01 0.1263E-02 0.1800E-01 0.2428E-02 0.1173E-01 0.3919E-02 0.4403E-02 0.5645E-01 0.0000E+00
0.0000E+00 0.6527E-03 0.7367E-03 0.1314E-01 0.4603E-02 0.1431E-02 0.2393E-01 0.4622E-01 0.3320E-02 0.4986E-02 0.4064E-02 0.3156E-02 0.2085E-02 0.5957E-01 0.1929E-02 0.1977E-01 0.3038E-02 0.1172E-01 0.4278E-02 0.5870E-03 0.5584E-01 0.0000E+00
0.0000E+00 0.1273E-02 0.1421E-02 0.2046E-01 0.5041E-02 0.2483E-02 0.2389E-01 0.4563E-01 0.3577E-02 0.5789E-02 0.4602E-02 0.3635E-02 0.2674E-02 0.5858E-01 0.6020E-03 0.1970E-01 0.3402E-02 0.1159E-01 0.4454E-02 0.1513E-02 0.5526E-01 0.0000E+00
0.0000E+00 0.1916E-02 0.2368E-02 0.2087E-01 0.5360E-03 0.3763E-02 0.2360E-01 0.4504E-01 0.3951E-02 0.9884E-02 0.5483E-02 0.4187E-02 0.3311E-02 0.5773E-01 0.1253E-02 0.1954E-01 0.3821E-02 0.1159E-01 0.4763E-02 0.2029E-02 0.5502E-01 0.0000E+00
0.0000E+00 0.7610E-03 0.2860E-02 0.2147E-01 0.1150E-02 0.4589E-02 0.2338E-01 0.4450E-01 0.6209E-03 0.1007E-01 0.1569E-01 0.4460E-02 0.7977E-02 0.5914E-01 0.1854E-02 0.1947E-01 0.4267E-02 0.1565E-01 0.5119E-02 0.2396E-02 0.5535E-01 0.0000E+00
0.0000E+00 0.1463E-02 0.3195E-02 0.2167E-01 0.1601E-02 0.5057E-02 0.2309E-01 0.4385E-01 0.1255E-02 0.7010E-03 0.1567E-01 0.7013E-03 0.8187E-02 0.5930E-01 0.7287E-03 0.1931E-01 0.1936E-01 0.1558E-01 0.5492E-02 0.2918E-02 0.5487E-01 0.0000E+00
0.0000E+00 0.2083E-02 0.3585E-02 0.2176E-01 0.2856E-02 0.5772E-02 0.2286E-01 0.4373E-01 0.1869E-02 0.1569E-02 0.1562E-01 0.1287E-02 0.8757E-02 0.5960E-01 0.6855E-03 0.7138E-03 0.1949E-01 0.1574E-01 0.5652E-02 0.3358E-02 0.5459E-01 0.0000E+00
0.0000E+00 0.2838E-02 0.4044E-02 0.2413E-01 0.3645E-02 0.6408E-02 0.2278E-01 0.4329E-01 0.2581E-02 0.2634E-02 0.1563E-01 0.2043E-02 0.8929E-02 0.5880E-01 0.6607E-03 0.1563E-02 0.1974E-01 0.1635E-01 0.2186E-01 0.4377E-02 0.5460E-01 0.0000E+00
0.0000E+00 0.8239E-02 0.4372E-02 0.2417E-01 0.4060E-02 0.7622E-02 0.3209E-01 0.4303E-01 0.3138E-02 0.3411E-02 0.1568E-01 0.2946E-02 0.8988E-02 0.5789E-01 0.1848E-02 0.2865E-02 0.1964E-01 0.1074E-02 0.2348E-01 0.6124E-01 0.5483E-01 0.0000E+00
0.0000E+00 0.8759E-02 0.6454E-03 0.2414E-01 0.4511E-02 0.7186E-03 0.3267E-01 0.4602E-01 0.3540E-02 0.3528E-02 0.1718E-01 0.3684E-02 0.6816E-01 0.5755E-01 0.3189E-02 0.3898E-02 0.1972E-01 0.2057E-02 0.2670E-01 0.6146E-01 0.7500E-03 0.0000E+00
0.0000E+00 0.9045E-02 0.1221E-02 0.2398E-01 0.4875E-02 0.8019E-03 0.3234E-01 0.4593E-01 0.5045E-03 0.3841E-02 0.2117E-01 0.2686E-01 0.6753E-01 0.9453E-03 0.4279E-02 0.4560E-02 0.2090E-01 0.1097E-02 0.2705E-01 0.6188E-01 0.1489E-02 0.0000E+00
0.0000E+00 0.0000E+00 0.3258E-02 0.2356E-01 0.5539E-02 0.1847E-02 0.3318E-01 0.4538E-01 0.6850E-03 0.6979E-03 0.6360E-03 0.2959E-01 0.7377E-01 0.3552E-02 0.4627E-02 0.4980E-02 0.2136E-01 0.2508E-02 0.2769E-01 0.6201E-01 0.2068E-02 0.0000E+00
0.0000E+00 0.7245E-03 0.5877E-02 0.2546E-01 0.5781E-02 0.2449E-02 0.3304E-01 0.4674E-01 0.1312E-02 0.1327E-02 0.7170E-03 0.2923E-01 0.7289E-01 0.7863E-03 0.5047E-02 0.5016E-02 0.2267E-01 0.3464E-02 0.2773E-01 0.6137E-01 0.2511E-02 0.0000E+00
0.0000E+00 0.6893E-03 0.6024E-02 0.3266E-01 0.6085E-02 0.3550E-02 0.3430E-01 0.4877E-01 0.2759E-02 0.2824E-02 0.2023E-02 0.2971E-01 0.7303E-01 0.1797E-02 0.5558E-02 0.5339E-02 0.2301E-01 0.4270E-02 0.2772E-01 0.6071E-01 0.3066E-02 0.0000E+00
0.0000E+00 0.1135E-02 0.7108E-03 0.3247E-01 0.6368E-02 0.5871E-02 0.3413E-01 0.4979E-01 0.5302E-02 0.3364E-02 0.2759E-02 0.3035E-01 0.7652E-01 0.2449E-02 0.5978E-02 0.5636E-02 0.2300E-01 0.4683E-02 0.2845E-01 0.6010E-01 0.3714E-02 0.0000E+00
0.0000E+00 0.1743E-02 0.1772E-02 0.3218E-01 0.8199E-02 0.7382E-02 0.3389E-01 0.4897E-01 0.6934E-02 0.5147E-02 0.3153E-02 0.2992E-01 0.7749E-01 0.7389E-03 0.6505E-02 0.6118E-02 0.2359E-01 0.5392E-02 0.2884E-01 0.6361E-01 0.4122E-02 0.0000E+00
0.0000E+00 0.2204E-02 0.3558E-02 0.3301E-01 0.1022E-01 0.8663E-02 0.3318E-01 0.4909E-01 0.8128E-02 0.6107E-02 0.5888E-02 0.2971E-01 0.7811E-01 0.1413E-02 0.7128E-02 0.7173E-02 0.2505E-01 0.5665E-02 0.2878E-01 0.6425E-01 0.7580E-03 0.0000E+00
0.0000E+00 0.3121E-02 0.5216E-02 0.3269E-01 0.1028E-01 0.1111E-01 0.3395E-01 0.4852E-01 0.8263E-02 0.8424E-02 0.8042E-02 0.2964E-01 0.7769E-01 0.2003E-02 0.8110E-02 0.7470E-02 0.2638E-01 0.6780E-02 0.2856E-01 0.6484E-01 0.8494E-03 0.0000E+00
0.0000E+00 0.4937E-02 0.5398E-02 0.3234E-01 0.1235E-01 0.1322E-01 0.3609E-01 0.4884E-01 0.8488E-02 0.1102E-01 0.1064E-01 0.2953E-01 0.7693E-01 0.3013E-02 0.8275E-02 0.8349E-02 0.2800E-01 0.7019E-02 0.2909E-01 0.6464E-01 0.7625E-03 0.0000E+00
0.0000E+00 0.1177E-01 0.6168E-02 0.3339E-01 0.1322E-01 0.1383E-01 0.3848E-01 0.4991E-01 0.9880E-02 0.1212E-01 0.1164E-01 0.2999E-01 0.7628E-01 0.3692E-02 0.8405E-02 0.8438E-02 0.2810E-01 0.7386E-02 0.2960E-01 0.6414E-01 0.1420E-02 0.0000E+00
0.0000E+00 0.1192E-01 0.7157E-03 0.3332E-01 0.1302E-01 0.1379E-01 0.4079E-01 0.4932E-01 0.1018E-01 0.1426E-01 0.1157E-01 0.2970E-01 0.7579E-01 0.4118E-02 0.8539E-02 0.8575E-02 0.2806E-01 0.7649E-02 0.2932E-01 0.6321E-01 0.1901E-02 0.0000E+00
0.0000E+00 0.1364E-01 0.1509E-02 0.3338E-01 0.1558E-01 0.5573E-01 0.4178E-01 0.4865E-01 0.1026E-01 0.2639E-01 0.1191E-01 0.2935E-01 0.7494E-01 0.4443E-02 0.8714E-02 0.9218E-02 0.2836E-01 0.7506E-02 0.2911E-01 0.6251E-01 0.2500E-02 0.0000E+00
0.0000E+00 0.1389E-01 0.6623E-03 0.3300E-01 0.1595E-01 0.5559E-01 0.7058E-03 0.4811E-01 0.1031E-01 0.2642E-01 0.6049E-03 0.2909E-01 0.7448E-01 0.5079E-02 0.8821E-02 0.9340E-02 0.2812E-01 0.7691E-02 0.2890E-01 0.6175E-01 0.2847E-02 0.0000E+00
0.0000E+00 0.1396E-01 0.1860E-02 0.3335E-01 0.1783E-01 0.5563E-01 0.1249E-02 0.4777E-01 0.1059E-01 0.2625E-01 0.1307E-02 0.2884E-01 0.1024E+00 0.5710E-02 0.9056E-02 0.9536E-02 0.2838E-01 0.7927E-02 0.2854E-01 0.6111E-01 0.3377E-02 0.0000E+00
0.0000E+00 0.1401E-01 0.2487E-02 0.3381E-01 0.1958E-01 0.5530E-01 0.1859E-02 0.4716E-01 0.1052E-01 0.2620E-01 0.1775E-02 0.7205E-03 0.1021E+00 0.6714E-02 0.9790E-02 0.9594E-02 0.2817E-01 0.8436E-02 0.2848E-01 0.6055E-01 0.4225E-02 0.0000E+00
0.0000E+00 0.1502E-01 0.3528E-02 0.3537E-01 0.2108E-01 0.5521E-01 0.2365E-02 0.4679E-01 0.1068E-01 0.2620E-01 0.2336E-02 0.1612E-02 0.1024E+00 0.7130E-02 0.9925E-02 0.9705E-02 0.2796E-01 0.8565E-02 0.2858E-01 0.5989E-01 0.4768E-02 0.0000E+00
0.0000E+00 0.1542E-01 0.4328E-02 0.3605E-01 0.2297E-01 0.5546E-01 0.4165E-02 0.4667E-01 0.1233E-01 0.2611E-01 0.2890E-02 0.2219E-02 0.1018E+00 0.7449E-02 0.1006E-01 0.9904E-02 0.2789E-01 0.9184E-02 0.2848E-01 0.5954E-01 0.5376E-02 0.0000E+00
0.0000E+00 0.1692E-01 0.4658E-02 0.3562E-01 0.2270E-01 0.5586E-01 0.5739E-02 0.4704E-01 0.1343E-01 0.2607E-01 0.3570E-02 0.2752E-02 0.1009E+00 0.7697E-02 0.1014E-01 0.9921E-02 0.3806E-01 0.9893E-02 0.2875E-01 0.5892E-01 0.6161E-02 0.0000E+00
0.0000E+00 0.1694E-01 0.6831E-02 0.3524E-01 0.2251E-01 0.5534E-01 0.7040E-02 0.4709E-01 0.1560E-01 0.2603E-01 0.4688E-02 0.3474E-02 0.1003E+00 0.7921E-02 0.1065E-01 0.7058E-03 0.3803E-01 0.4861E-01 0.2871E-01 0.5831E-01 0.6583E-02 0.0000E+00
0.0000E+00 0.1693E-01 0.6982E-02 0.3506E-01 0.2235E-01 0.5592E-01 0.8247E-02 0.4748E-01 0.1781E-01 0.2631E-01 0.5260E-02 0.4229E-02 0.9957E-01 0.8414E-02 0.1094E-01 0.1429E-02 0.7499E-03 0.4912E-01 0.2850E-01 0.5735E-01 0.6716E-02 0.0000E+00
0.0000E+00 0.1695E-01 0.7244E-02 0.3477E-01 0.2252E-01 0.5706E-01 0.8402E-02 0.4675E-01 0.1772E-01 0.2644E-01 0.5609E-02 0.4819E-02 0.9893E-01 0.8577E-02 0.1102E-01 0.2147E-02 0.7469E-03 0.4874E-01 0.7676E-01 0.5671E-01 0.6895E-02 0.0000E+00
0.0000E+00 0.1701E-01 0.7323E-02 0.3440E-01 0.2266E-01 0.5667E-01 0.8543E-02 0.4609E-01 0.1735E-01 0.2656E-01 0.6134E-02 0.5183E-02 0.9812E-01 0.8741E-02 0.1112E-01 0.2671E-02 0.1426E-02 0.7206E-03 0.7642E-01 0.5610E-01 0.7333E-02 0.0000E+00
0.0000E+00 0.1699E-01 0.7234E-02 0.4132E-01 0.2242E-01 0.7924E-01 0.8707E-02 0.4536E-01 0.1688E-01 0.2709E-01 0.6471E-02 0.5483E-02 0.9731E-01 0.8854E-02 0.1122E-01 0.3226E-02 0.2042E-02 0.1378E-02 0.7609E-01 0.6267E-01 0.7378E-02 0.0000E+00
0.0000E+00 0.1743E-01 0.6563E-03 0.4087E-01 0.6525E-03 0.7972E-01 0.8763E-02 0.5347E-01 0.6970E-01 0.2664E-01 0.6768E-02 0.5747E-02 0.9640E-01 0.2035E-01 0.1155E-01 0.3364E-02 0.5770E-02 0.1914E-02 0.7561E-01 0.6257E-01 0.6609E-03 0.0000E+00
0.0000E+00 0.0000E+00 0.0000E+00 0.0000E+00 0.0000E+00 0.0000E+00 0.0000E+00 0.0000E+00 0.0000E+00 0.0000E+00 0.0000E+00 0.0000E+00 0.0000E+00 0.0000E+00 0.0000E+00 0.0000E+00 0.0000E+00 0.0000E+00 0.0000E+00 0.0000E+00 0.0000E+00 0.0000E+00
