p2_rainC_lowsm_dschg.asc
ncols     22
nrows     62
xllcorner      0.00000000
yllcorner      0.00000000
cellsize      0.50000000
nodata_value -9999
0.0000E+00 0.0000E+00 0.0000E+00 0.0000E+00 0.0000E+00 0.0000E+00 0.0000E+00 0.0000E+00 0.0000E+00 0.0000E+00 0.0000E+00 0.0000E+00 0.0000E+00 0.0000E+00 0.0000E+00 0.0000E+00 0.0000E+00 0.0000E+00 0.0000E+00 0.0000E+00 0.0000E+00 0.0000E+00
0.0000E+00 0.4986E-03 0.4541E-04 0.2172E-03 0.3926E-04 0.2500E-03 0.1333E-02 0.5415E-03 0.2545E-04 0.1351E-03 0.4042E-03 0.2466E-03 0.3076E-03 0.1812E-03 0.6223E-03 0.5764E-04 0.2318E-03 0.3719E-03 0.0000E+00 0.0000E+00 0.1537E-03 0.0000E+00
0.0000E+00 0.8046E-03 0.4313E-03 0.8365E-04 0.3305E-03 0.1733E-02 0.1185E-02 0.4804E-03 0.1199E-03 0.4557E-03 0.6797E-03 0.1794E-03 0.5614E-03 0.0000E+00 0.1360E-02 0.1040E-02 0.5427E-03 0.7727E-03 0.3781E-03 0.5651E-03 0.7399E-03 0.0000E+00
0.0000E+00 0.1182E-02 0.1118E-02 0.3405E-03 0.3939E-04 0.2045E-02 0.1611E-02 0.4138E-04 0.2980E-03 0.8019E-03 0.1078E-02 0.1839E-02 0.2219E-02 0.1017E-02 0.2818E-02 0.1727E-02 0.5404E-03 0.1062E-02 0.1760E-03 0.1088E-02 0.1523E-02 0.0000E+00
0.0000E+00 0.1588E-02 0.2947E-02 0.5291E-02 0.2740E-02 0.3473E-02 0.2570E-02 0.1731E-02 0.2141E-03 0.1177E-02 0.8346E-03 0.3591E-02 0.3346E-02 0.6403E-05 0.4581E-02 0.9011E-03 0.8136E-03 0.2467E-02 0.1430E-04 0.6747E-03 0.1813E-02 0.0000E+00
0.0000E+00 0.2353E-02 0.1123E-02 0.5669E-02 0.6830E-03 0.1530E-04 0.5812E-02 0.2260E-02 0.2438E-03 0.1385E-02 0.9965E-06 0.3631E-02 0.6398E-02 0.8389E-03 0.5097E-02 0.2487E-03 0.3420E-03 0.3145E-02 0.4645E-03 0.1532E-02 0.2402E-02 0.0000E+00
0.0000E+00 0.2774E-03 0.3589E-03 0.6077E-02 0.5315E-03 0.2780E-03 0.5833E-02 0.1469E-03 0.7487E-03 0.1508E-02 0.3130E-03 0.6644E-03 0.7035E-02 0.1433E-02 0.4367E-02 0.4505E-02 0.4837E-02 0.7710E-02 0.7543E-02 0.2183E-02 0.2787E-02 0.0000E+00
0.0000E+00 0.1381E-03 0.9006E-03 0.6264E-02 0.1034E-03 0.3238E-03 0.4521E-02 0.3151E-03 0.8838E-03 0.1771E-02 0.2470E-03 0.1122E-03 0.6426E-02 0.2203E-02 0.3593E-03 0.4367E-03 0.6093E-03 0.9468E-03 0.9115E-02 0.1147E-01 0.1370E-01 0.0000E+00
0.0000E+00 0.1489E-03 0.5684E-02 0.5833E-02 0.5979E-03 0.6573E-03 0.3903E-02 0.6323E-03 0.7076E-03 0.2975E-02 0.5510E-03 0.1198E-02 0.8274E-02 0.1868E-02 0.1580E-03 0.4883E-03 0.7038E-03 0.8185E-03 0.1097E-02 0.3430E-03 0.1361E-01 0.0000E+00
0.0000E+00 0.4323E-03 0.5178E-02 0.2359E-04 0.3268E-03 0.2243E-03 0.3683E-02 0.3992E-02 0.2727E-02 0.6012E-02 0.6880E-02 0.2059E-02 0.1011E-01 0.1636E-02 0.5070E-03 0.1037E-02 0.1310E-02 0.1839E-02 0.1472E-02 0.5413E-03 0.1400E-01 0.0000E+00
0.0000E+00 0.5654E-03 0.4609E-02 0.4217E-03 0.9617E-04 0.3434E-03 0.5177E-03 0.1328E-03 0.7690E-04 0.6434E-04 0.7224E-02 0.9838E-02 0.9479E-02 0.4553E-04 0.1685E-04 0.4169E-03 0.3896E-03 0.2460E-02 0.1352E-02 0.1757E-03 0.1321E-01 0.0000E+00
0.0000E+00 0.7699E-03 0.4910E-02 0.4887E-02 0.5493E-03 0.4909E-03 0.6961E-03 0.2869E-03 0.2055E-03 0.3536E-03 0.4626E-03 0.1930E-01 0.9760E-02 0.7725E-03 0.1799E-03 0.5143E-03 0.7753E-03 0.4197E-02 0.1352E-02 0.4305E-03 0.1257E-01 0.0000E+00
0.0000E+00 0.5110E-03 0.3838E-03 0.5100E-02 0.4363E-02 0.4922E-02 0.4803E-03 0.8263E-03 0.8751E-03 0.1116E-04 0.2396E-03 0.1955E-01 0.8353E-03 0.6276E-03 0.4612E-03 0.3682E-03 0.4344E-03 0.4135E-02 0.3327E-04 0.5745E-03 0.1138E-01 0.0000E+00
0.0000E+00 0.1005E-02 0.7266E-03 0.5858E-03 0.3562E-03 0.4702E-02 0.6285E-02 0.1859E-02 0.1174E-02 0.6287E-03 0.5328E-03 0.1802E-01 0.3634E-03 0.5098E-03 0.2096E-03 0.7158E-03 0.1270E-02 0.3588E-02 0.2879E-03 0.6512E-03 0.1016E-01 0.0000E+00
0.0000E+00 0.1362E-02 0.8518E-03 0.1576E-02 0.6443E-03 0.2309E-03 0.5912E-02 0.2610E-03 0.3201E-03 0.8280E-04 0.3704E-03 0.1671E-01 0.7889E-03 0.8919E-03 0.3788E-03 0.4594E-03 0.1563E-02 0.4683E-02 0.6394E-03 0.9370E-03 0.9478E-02 0.0000E+00
0.0000E+00 0.1355E-02 0.1668E-04 0.2102E-02 0.9376E-03 0.2516E-03 0.5155E-02 0.7163E-03 0.7124E-03 0.5976E-03 0.7355E-03 0.1542E-01 0.1059E-02 0.9397E-03 0.7409E-03 0.0000E+00 0.1722E-03 0.4472E-02 0.8871E-03 0.1205E-02 0.7211E-02 0.0000E+00
0.0000E+00 0.1590E-02 0.2051E-03 0.2523E-02 0.1362E-02 0.6557E-04 0.4584E-02 0.1518E-02 0.1108E-02 0.7371E-03 0.1790E-02 0.1353E-01 0.1659E-02 0.1693E-02 0.6360E-03 0.4447E-04 0.3372E-03 0.3163E-02 0.1032E-02 0.1124E-02 0.6764E-02 0.0000E+00
0.0000E+00 0.1426E-02 0.2028E-02 0.3871E-02 0.5192E-02 0.1843E-03 0.4485E-02 0.1122E-02 0.2609E-04 0.3792E-03 0.2327E-02 0.1212E-01 0.1686E-02 0.2102E-02 0.4046E-03 0.4843E-03 0.7898E-03 0.3172E-02 0.3870E-02 0.1451E-02 0.6179E-02 0.0000E+00
0.0000E+00 0.2122E-03 0.1072E-03 0.3274E-03 0.5384E-02 0.3711E-03 0.4458E-02 0.6667E-03 0.3616E-03 0.3667E-03 0.2130E-02 0.1329E-01 0.3551E-02 0.2364E-02 0.3495E-03 0.1176E-02 0.8817E-03 0.5607E-03 0.3869E-02 0.3205E-02 0.5853E-02 0.0000E+00
0.0000E+00 0.5034E-03 0.4761E-03 0.1064E-03 0.5419E-02 0.2422E-03 0.4272E-02 0.8565E-03 0.5883E-03 0.2572E-03 0.2119E-03 0.1263E-01 0.3026E-02 0.3690E-03 0.3172E-03 0.9489E-03 0.1388E-02 0.8217E-03 0.3240E-03 0.3188E-02 0.8737E-02 0.0000E+00
0.0000E+00 0.3916E-04 0.0000E+00 0.2192E-03 0.5147E-02 0.5205E-03 0.3704E-02 0.4234E-02 0.1153E-02 0.3708E-03 0.4492E-03 0.1254E-01 0.2900E-02 0.4541E-03 0.4704E-03 0.1103E-02 0.1505E-02 0.2817E-03 0.1472E-03 0.3250E-03 0.8090E-02 0.0000E+00
0.0000E+00 0.1819E-06 0.2615E-04 0.6556E-03 0.4780E-02 0.5854E-03 0.5007E-03 0.3545E-02 0.1549E-02 0.1734E-03 0.4032E-03 0.1122E-01 0.2410E-02 0.3037E-02 0.2561E-02 0.1243E-02 0.1769E-02 0.1029E-02 0.1849E-03 0.4475E-03 0.6574E-02 0.0000E+00
0.0000E+00 0.5472E-05 0.4509E-03 0.6643E-03 0.3110E-02 0.7468E-03 0.9327E-03 0.3283E-02 0.1049E-02 0.2006E-03 0.7951E-03 0.9429E-02 0.3001E-08 0.3180E-05 0.2649E-02 0.1343E-02 0.1566E-02 0.1455E-02 0.1328E-03 0.8099E-03 0.6255E-02 0.0000E+00
0.0000E+00 0.4159E-03 0.1121E-02 0.8128E-03 0.3406E-02 0.4405E-02 0.5088E-03 0.4391E-02 0.9139E-03 0.6642E-04 0.7278E-03 0.8576E-02 0.9613E-04 0.4067E-03 0.2668E-02 0.7059E-03 0.1630E-02 0.1539E-02 0.3864E-03 0.1085E-02 0.5531E-02 0.0000E+00
0.0000E+00 0.7143E-03 0.9768E-03 0.3646E-03 0.3343E-03 0.4199E-02 0.5098E-02 0.4720E-02 0.1258E-03 0.4638E-03 0.8163E-03 0.8249E-02 0.7604E-02 0.7457E-03 0.2243E-02 0.6984E-03 0.2942E-03 0.2114E-02 0.6819E-03 0.1460E-02 0.4541E-02 0.0000E+00
0.0000E+00 0.7586E-03 0.1398E-02 0.1310E-03 0.4803E-03 0.1327E-04 0.3163E-02 0.4439E-02 0.5008E-03 0.7380E-03 0.1030E-02 0.2726E-03 0.6787E-02 0.6356E-02 0.1971E-02 0.2580E-02 0.4554E-03 0.2167E-02 0.9020E-03 0.1435E-02 0.4144E-02 0.0000E+00
0.0000E+00 0.1524E-03 0.2028E-02 0.8662E-03 0.1185E-02 0.4121E-03 0.2569E-02 0.3528E-02 0.2142E-03 0.1560E-02 0.1148E-02 0.1062E-02 0.5747E-03 0.5892E-02 0.3613E-03 0.2277E-02 0.1024E-02 0.2875E-02 0.1616E-02 0.1956E-02 0.4321E-02 0.0000E+00
0.0000E+00 0.1954E-03 0.1791E-02 0.2525E-02 0.6887E-03 0.2473E-03 0.2231E-02 0.3529E-02 0.3981E-03 0.1991E-02 0.1117E-02 0.7630E-03 0.7532E-03 0.5772E-02 0.8501E-03 0.2552E-02 0.1136E-02 0.2650E-02 0.1237E-02 0.2550E-02 0.6595E-02 0.0000E+00
0.0000E+00 0.1212E-03 0.3825E-03 0.2642E-02 0.6784E-03 0.6134E-03 0.2179E-02 0.3286E-02 0.7361E-03 0.1905E-02 0.1284E-02 0.1240E-02 0.1053E-02 0.5433E-02 0.1127E-02 0.2996E-02 0.1224E-02 0.2025E-02 0.1430E-02 0.3685E-03 0.6018E-02 0.0000E+00
0.0000E+00 0.3892E-03 0.7530E-03 0.4542E-02 0.4274E-03 0.1297E-02 0.1962E-02 0.3200E-02 0.5300E-03 0.2455E-02 0.1557E-02 0.1566E-02 0.1309E-02 0.4842E-02 0.1494E-03 0.2544E-02 0.1600E-02 0.1527E-02 0.1519E-02 0.1088E-02 0.5285E-02 0.0000E+00
0.0000E+00 0.4724E-03 0.5060E-03 0.4866E-02 0.4790E-03 0.2226E-02 0.2077E-02 0.2734E-02 0.8061E-03 0.2744E-02 0.2177E-02 0.1689E-02 0.1622E-02 0.4773E-02 0.4233E-03 0.2429E-02 0.1820E-02 0.1606E-02 0.1471E-02 0.1104E-02 0.3124E-02 0.0000E+00
0.0000E+00 0.1982E-05 0.2086E-03 0.4779E-02 0.7544E-03 0.2504E-02 0.1979E-02 0.2146E-02 0.1972E-03 0.2792E-02 0.4805E-02 0.9714E-03 0.2661E-02 0.5702E-02 0.6563E-03 0.2322E-02 0.1776E-02 0.3310E-02 0.1518E-02 0.9127E-03 0.3588E-02 0.0000E+00
0.0000E+00 0.1919E-03 0.2589E-03 0.4463E-02 0.9486E-03 0.2586E-02 0.1984E-02 0.1892E-02 0.5563E-03 0.4045E-03 0.2909E-02 0.5103E-03 0.2318E-02 0.5732E-02 0.4872E-03 0.2214E-02 0.1777E-02 0.3401E-02 0.1688E-02 0.1023E-02 0.2854E-02 0.0000E+00
0.0000E+00 0.9757E-04 0.2728E-03 0.3688E-02 0.1718E-02 0.2704E-02 0.2033E-02 0.1781E-02 0.8178E-03 0.6143E-03 0.2765E-02 0.4778E-03 0.2786E-02 0.6051E-02 0.4190E-03 0.2675E-03 0.1841E-02 0.3413E-02 0.6812E-03 0.4517E-03 0.2753E-02 0.0000E+00
0.0000E+00 0.1771E-03 0.4433E-03 0.5670E-02 0.2153E-02 0.2015E-02 0.2075E-02 0.1462E-02 0.1097E-02 0.1354E-02 0.2080E-02 0.1025E-02 0.2827E-02 0.6069E-02 0.5331E-03 0.6379E-03 0.1828E-02 0.3734E-02 0.3464E-02 0.8304E-03 0.2683E-02 0.0000E+00
0.0000E+00 0.1087E-02 0.1034E-03 0.5322E-02 0.2156E-02 0.2877E-02 0.6244E-02 0.1715E-02 0.1503E-02 0.2018E-02 0.2019E-02 0.1546E-02 0.1136E-02 0.5643E-02 0.9692E-03 0.1813E-02 0.1373E-02 0.5037E-03 0.4599E-02 0.5803E-02 0.2916E-02 0.0000E+00
0.0000E+00 0.1344E-02 0.2358E-04 0.5035E-02 0.2354E-02 0.8858E-05 0.5636E-02 0.3188E-02 0.1817E-02 0.1403E-02 0.3209E-02 0.4937E-03 0.8055E-02 0.5382E-02 0.1698E-02 0.2076E-02 0.1047E-02 0.1002E-02 0.6373E-02 0.5994E-02 0.3870E-03 0.0000E+00
0.0000E+00 0.1141E-02 0.3322E-07 0.3759E-02 0.1864E-02 0.2219E-03 0.5624E-02 0.1916E-02 0.2137E-06 0.1592E-02 0.3740E-02 0.6035E-02 0.6139E-02 0.2422E-03 0.2583E-02 0.2375E-02 0.1958E-02 0.5474E-03 0.6453E-02 0.6121E-02 0.7301E-03 0.0000E+00
0.0000E+00 0.0000E+00 0.1783E-02 0.3224E-02 0.2050E-02 0.1110E-02 0.6334E-02 0.1924E-02 0.3410E-03 0.3861E-03 0.5126E-03 0.8361E-02 0.1098E-01 0.2492E-02 0.2137E-02 0.2511E-02 0.2011E-02 0.1472E-02 0.6960E-02 0.6281E-02 0.6629E-03 0.0000E+00
0.0000E+00 0.1695E-03 0.3380E-02 0.4822E-02 0.2101E-02 0.1435E-02 0.4656E-02 0.3252E-02 0.9486E-04 0.5735E-03 0.4593E-03 0.5491E-02 0.9458E-02 0.5484E-03 0.2031E-02 0.1951E-02 0.3270E-02 0.2144E-02 0.6699E-02 0.5344E-02 0.9791E-03 0.0000E+00
0.0000E+00 0.1827E-03 0.2681E-02 0.8345E-02 0.2441E-02 0.2116E-02 0.5368E-02 0.5025E-02 0.1381E-02 0.9870E-03 0.9147E-03 0.5593E-02 0.9071E-02 0.1293E-02 0.2321E-02 0.2100E-02 0.3178E-02 0.2378E-02 0.6124E-02 0.5073E-02 0.1144E-02 0.0000E+00
0.0000E+00 0.6177E-03 0.1105E-03 0.7794E-02 0.2224E-02 0.4092E-02 0.5296E-02 0.6124E-02 0.3533E-02 0.2648E-03 0.1360E-02 0.6048E-02 0.1156E-01 0.1422E-02 0.2567E-02 0.1016E-02 0.2138E-02 0.2350E-02 0.6478E-02 0.4397E-02 0.1708E-02 0.0000E+00
0.0000E+00 0.9632E-03 0.8758E-03 0.7300E-02 0.3634E-02 0.5144E-02 0.4068E-02 0.5278E-02 0.4596E-02 0.1457E-02 0.1731E-02 0.4760E-02 0.1215E-01 0.4003E-03 0.2737E-02 0.1175E-02 0.2823E-02 0.2808E-02 0.5878E-02 0.5848E-02 0.1618E-02 0.0000E+00
0.0000E+00 0.1012E-02 0.2149E-02 0.7878E-02 0.4746E-02 0.5945E-02 0.3891E-02 0.5293E-02 0.5355E-02 0.2255E-02 0.4327E-02 0.4372E-02 0.1268E-01 0.9443E-03 0.3156E-02 0.1862E-02 0.4096E-02 0.1235E-02 0.5661E-02 0.6376E-02 0.3314E-03 0.0000E+00
0.0000E+00 0.1661E-02 0.3478E-02 0.6469E-02 0.3987E-02 0.7803E-02 0.4132E-02 0.5080E-02 0.5448E-02 0.4177E-02 0.6152E-02 0.4125E-02 0.1222E-01 0.8013E-03 0.3806E-02 0.2139E-02 0.5093E-02 0.2201E-02 0.3878E-02 0.6866E-02 0.3708E-03 0.0000E+00
0.0000E+00 0.3101E-02 0.2514E-02 0.6259E-02 0.5645E-02 0.9090E-02 0.5952E-02 0.5082E-02 0.5312E-02 0.6296E-02 0.8455E-02 0.3940E-02 0.1094E-01 0.1395E-02 0.3691E-02 0.2673E-02 0.6282E-02 0.2334E-02 0.4221E-02 0.6541E-02 0.2932E-04 0.0000E+00
0.0000E+00 0.6272E-02 0.2893E-02 0.6804E-02 0.5485E-02 0.9195E-02 0.8253E-02 0.5524E-02 0.6217E-02 0.6554E-02 0.9187E-02 0.4365E-02 0.1015E-01 0.1752E-02 0.3603E-02 0.2691E-02 0.6199E-02 0.2273E-02 0.4464E-02 0.6012E-02 0.4236E-03 0.0000E+00
0.0000E+00 0.5594E-02 0.2116E-04 0.6549E-02 0.4908E-02 0.8477E-02 0.1036E-01 0.5030E-02 0.5271E-02 0.8543E-02 0.8759E-02 0.3888E-02 0.9356E-02 0.1915E-02 0.3610E-02 0.2755E-02 0.5784E-02 0.2440E-02 0.3379E-02 0.3937E-02 0.9119E-03 0.0000E+00
0.0000E+00 0.5608E-02 0.3142E-03 0.6695E-02 0.7008E-02 0.1904E-01 0.1092E-01 0.4572E-02 0.4975E-02 0.1634E-01 0.8615E-02 0.3180E-02 0.8659E-02 0.2296E-02 0.3473E-02 0.3249E-02 0.6064E-02 0.2410E-02 0.2611E-02 0.2938E-02 0.1917E-03 0.0000E+00
0.0000E+00 0.5487E-02 0.1532E-04 0.4972E-02 0.6709E-02 0.1884E-01 0.1488E-04 0.4392E-02 0.5005E-02 0.1576E-01 0.1050E-03 0.2852E-02 0.7820E-02 0.2543E-02 0.3327E-02 0.2384E-02 0.5131E-02 0.2534E-02 0.1549E-02 0.1846E-02 0.7000E-03 0.0000E+00
0.0000E+00 0.5247E-02 0.6582E-03 0.4621E-02 0.8332E-02 0.1848E-01 0.2760E-04 0.3883E-02 0.4285E-02 0.1490E-01 0.3259E-03 0.2723E-02 0.9838E-02 0.2809E-02 0.3414E-02 0.2639E-02 0.5446E-02 0.2639E-02 0.1035E-02 0.1250E-02 0.2938E-03 0.0000E+00
0.0000E+00 0.4399E-02 0.9088E-03 0.4346E-02 0.9496E-02 0.1778E-01 0.3268E-03 0.3677E-02 0.3709E-02 0.1445E-01 0.5886E-03 0.1924E-03 0.9766E-02 0.3487E-02 0.3696E-02 0.2809E-02 0.5325E-02 0.2584E-02 0.8961E-03 0.1202E-02 0.9920E-03 0.0000E+00
0.0000E+00 0.4935E-02 0.1273E-02 0.5755E-02 0.1041E-01 0.1733E-01 0.5385E-03 0.3075E-02 0.2984E-02 0.1389E-01 0.1695E-03 0.5664E-03 0.1015E-01 0.3595E-02 0.3168E-02 0.2697E-02 0.5158E-02 0.2512E-02 0.7798E-03 0.1753E-03 0.9846E-03 0.0000E+00
0.0000E+00 0.4568E-02 0.1770E-02 0.6120E-02 0.1194E-01 0.1731E-01 0.2207E-02 0.2948E-02 0.4251E-02 0.1297E-01 0.1905E-03 0.1102E-02 0.9635E-02 0.3771E-02 0.2669E-02 0.2785E-02 0.5082E-02 0.2836E-02 0.1062E-02 0.5541E-03 0.1195E-02 0.0000E+00
0.0000E+00 0.5322E-02 0.1285E-02 0.5064E-02 0.1142E-01 0.1736E-01 0.3202E-02 0.3185E-02 0.5201E-02 0.1256E-01 0.1905E-03 0.1552E-02 0.8819E-02 0.3940E-02 0.2598E-02 0.2803E-02 0.8128E-02 0.2923E-02 0.1533E-02 0.8939E-03 0.1584E-02 0.0000E+00
0.0000E+00 0.4728E-02 0.3111E-02 0.4942E-02 0.1076E-01 0.1619E-01 0.4206E-02 0.3568E-02 0.7105E-02 0.1186E-01 0.1151E-02 0.2064E-02 0.7892E-02 0.3962E-02 0.2530E-02 0.1336E-03 0.7992E-02 0.1136E-01 0.1574E-02 0.1519E-03 0.1846E-02 0.0000E+00
0.0000E+00 0.3777E-02 0.3014E-02 0.5025E-02 0.9924E-02 0.1633E-01 0.5200E-02 0.3805E-02 0.8746E-02 0.1185E-01 0.1274E-02 0.2513E-02 0.7079E-02 0.4220E-02 0.2650E-02 0.1753E-03 0.3146E-03 0.1131E-01 0.1679E-02 0.1440E-03 0.1900E-02 0.0000E+00
0.0000E+00 0.3639E-02 0.2438E-02 0.4269E-02 0.9672E-02 0.1733E-01 0.5091E-02 0.3732E-02 0.8392E-02 0.1127E-01 0.1370E-02 0.2864E-02 0.6622E-02 0.4079E-02 0.2631E-02 0.6481E-03 0.3021E-03 0.1097E-01 0.1177E-01 0.5880E-03 0.1660E-02 0.0000E+00
0.0000E+00 0.3552E-02 0.2170E-02 0.2736E-02 0.9378E-02 0.1606E-01 0.4854E-02 0.3589E-02 0.8074E-02 0.1021E-01 0.1785E-02 0.2766E-02 0.5598E-02 0.4041E-02 0.2293E-02 0.4167E-03 0.5634E-03 0.2998E-03 0.1074E-01 0.7128E-03 0.1590E-02 0.0000E+00
0.0000E+00 0.3590E-02 0.1819E-02 0.4252E-02 0.8363E-02 0.2460E-01 0.4811E-02 0.3638E-02 0.7272E-02 0.9976E-02 0.1150E-02 0.1421E-02 0.4984E-02 0.4097E-02 0.1383E-02 0.8368E-03 0.1129E-02 0.1391E-03 0.1019E-01 0.1271E-02 0.3754E-03 0.0000E+00
0.0000E+00 0.3276E-02 0.0000E+00 0.3315E-02 0.1964E-05 0.2358E-01 0.4601E-02 0.8062E-02 0.1459E-01 0.9598E-02 0.1308E-02 0.1460E-02 0.4566E-02 0.5013E-02 0.1511E-02 0.8031E-03 0.2013E-02 0.4138E-03 0.9328E-02 0.1047E-02 0.1967E-04 0.0000E+00
0.0000E+00 0.0000E+00 0.0000E+00 0.0000E+00 0.0000E+00 0.0000E+00 0.0000E+00 0.0000E+00 0.0000E+00 0.0000E+00 0.0000E+00 0.0000E+00 0.0000E+00 0.0000E+00 0.0000E+00 0.0000E+00 0.0000E+00 0.0000E+00 0.0000E+00 0.0000E+00 0.0000E+00 0.0000E+00
