p2_rainB_lowsm_sedtr.asc
ncols     22
nrows     62
xllcorner      0.00000000
yllcorner      0.00000000
cellsize      0.50000000
nodata_value -9999
0.0000E+00 0.0000E+00 0.0000E+00 0.0000E+00 0.0000E+00 0.0000E+00 0.0000E+00 0.0000E+00 0.0000E+00 0.0000E+00 0.0000E+00 0.0000E+00 0.0000E+00 0.0000E+00 0.0000E+00 0.0000E+00 0.0000E+00 0.0000E+00 0.0000E+00 0.0000E+00 0.0000E+00 0.0000E+00
0.0000E+00 0.2528E-01 0.2002E-01 0.2456E-01 0.1393E-01 0.3678E-01 0.4589E-01 0.9856E-02 0.8322E-02 0.2803E-01 0.2506E-01 0.5331E-01 0.3861E-01 0.3172E-01 0.1806E-01 0.1142E-01 0.5207E-01 0.7524E-01 0.7326E-02 0.1517E-01 0.7935E-01 0.0000E+00
0.0000E+00 0.2392E-01 0.1120E+00 0.2487E-01 0.1118E+00 0.8025E-01 0.2637E-01 0.1408E-01 0.1799E-01 0.4345E-01 0.6636E-01 0.4443E-01 0.5062E-01 0.7345E-02 0.1125E+00 0.2170E-01 0.1802E-01 0.5674E-01 0.2731E-01 0.6902E-01 0.1081E+00 0.0000E+00
0.0000E+00 0.3876E-01 0.1169E+00 0.6722E-01 0.5092E-01 0.4680E-01 0.3885E-01 0.3450E-01 0.5678E-01 0.5105E-01 0.1002E+00 0.8559E-01 0.1196E+00 0.6185E-01 0.1202E+00 0.3276E-01 0.1616E-01 0.1053E+00 0.5300E-01 0.7473E-01 0.7200E-01 0.0000E+00
0.0000E+00 0.2315E-01 0.9159E-01 0.7571E-01 0.4004E-01 0.7194E-01 0.5007E-01 0.1297E-01 0.1750E-01 0.8235E-01 0.5955E-01 0.7126E-01 0.1207E+00 0.3832E-02 0.6586E-01 0.1754E-01 0.8762E-01 0.1326E+00 0.5162E-02 0.5841E-01 0.1304E+00 0.0000E+00
0.0000E+00 0.2236E-01 0.8448E-02 0.5837E-01 0.6349E-02 0.1602E-02 0.2341E-01 0.2873E-01 0.3583E-01 0.6710E-01 0.6290E-02 0.1067E+00 0.8050E-01 0.3026E-01 0.4352E-01 0.1796E-01 0.3005E-01 0.1321E+00 0.4794E-01 0.8731E-01 0.1424E+00 0.0000E+00
0.0000E+00 0.1295E-01 0.3218E-02 0.8422E-01 0.2327E-02 0.1911E-02 0.1920E-01 0.9213E-02 0.6945E-01 0.6080E-01 0.3420E-01 0.2570E-01 0.8847E-01 0.1778E-01 0.7096E-01 0.1201E+00 0.1296E+00 0.1456E+00 0.1298E+00 0.9069E-01 0.1268E+00 0.0000E+00
0.0000E+00 0.4599E-01 0.1155E-01 0.3953E-01 0.1057E-01 0.1710E-01 0.1996E-01 0.2565E-01 0.4287E-01 0.1627E+00 0.5993E-01 0.3298E-01 0.1155E+00 0.6472E-01 0.2506E-01 0.9699E-02 0.3452E-01 0.5860E-01 0.1261E+00 0.1141E+00 0.1132E+00 0.0000E+00
0.0000E+00 0.2807E-01 0.3455E-01 0.3544E-01 0.3370E-01 0.5430E-01 0.1952E-01 0.3655E-01 0.7523E-01 0.1622E+00 0.4453E-01 0.7031E-01 0.7932E-01 0.4650E-01 0.8635E-02 0.4335E-02 0.4561E-01 0.2530E-01 0.2199E-01 0.7692E-03 0.8280E-01 0.0000E+00
0.0000E+00 0.3233E-01 0.7286E-01 0.8930E-02 0.6591E-01 0.4016E-01 0.9035E-01 0.7955E-01 0.7165E-01 0.1441E+00 0.1417E+00 0.1121E+00 0.1087E+00 0.4821E-01 0.1150E-01 0.2091E-02 0.4186E-01 0.1264E+00 0.2972E-01 0.3313E-02 0.7600E-01 0.0000E+00
0.0000E+00 0.9226E-02 0.6843E-01 0.1210E+00 0.4003E-01 0.6175E-01 0.1484E-01 0.3620E-02 0.6555E-02 0.9998E-02 0.1231E+00 0.1617E+00 0.7014E-01 0.8916E-02 0.4877E-02 0.1550E-01 0.4938E-01 0.1316E+00 0.1283E-01 0.5186E-02 0.6074E-01 0.0000E+00
0.0000E+00 0.6574E-01 0.1127E+00 0.1341E+00 0.3057E-01 0.3805E-01 0.2619E-01 0.3956E-01 0.7653E-01 0.5123E-01 0.5143E-01 0.1566E+00 0.6713E-01 0.5651E-01 0.6567E-01 0.2605E-01 0.1806E-01 0.6487E-01 0.1563E-01 0.6149E-02 0.8455E-01 0.0000E+00
0.0000E+00 0.1594E-01 0.1189E-01 0.1343E+00 0.1081E+00 0.1526E+00 0.2957E-01 0.9825E-01 0.1241E+00 0.1175E-01 0.1501E-01 0.1142E+00 0.1013E-01 0.1484E-01 0.6165E-01 0.1269E-01 0.3167E-01 0.7540E-01 0.5279E-02 0.5276E-01 0.8092E-01 0.0000E+00
0.0000E+00 0.7130E-01 0.6606E-01 0.8367E-01 0.3450E-01 0.1208E+00 0.1541E+00 0.7864E-01 0.6033E-01 0.5962E-01 0.1537E-01 0.1077E+00 0.2340E-01 0.6755E-02 0.3096E-01 0.2337E-01 0.8110E-01 0.8679E-01 0.4076E-01 0.7223E-01 0.9410E-01 0.0000E+00
0.0000E+00 0.4931E-01 0.3714E-01 0.1580E+00 0.2355E-01 0.4873E-02 0.1518E+00 0.5279E-01 0.5526E-01 0.2462E-01 0.9653E-01 0.1147E+00 0.9531E-01 0.1795E-01 0.4731E-01 0.4710E-01 0.6875E-01 0.8042E-01 0.8327E-01 0.1234E+00 0.1488E+00 0.0000E+00
0.0000E+00 0.3074E-01 0.3041E-01 0.8113E-01 0.3261E-01 0.1576E-01 0.1318E+00 0.9645E-01 0.7635E-01 0.1502E-01 0.7026E-01 0.1431E+00 0.1090E+00 0.8180E-01 0.1600E+00 0.2264E-01 0.3817E-01 0.6638E-01 0.9041E-01 0.1014E+00 0.9531E-01 0.0000E+00
0.0000E+00 0.2220E-01 0.1964E-01 0.5354E-01 0.8792E-01 0.2971E-01 0.1621E+00 0.3821E-01 0.4009E-01 0.7925E-01 0.1146E+00 0.1274E+00 0.8514E-01 0.1210E+00 0.1671E+00 0.1564E-01 0.5386E-01 0.5979E-01 0.1139E+00 0.1506E+00 0.1364E+00 0.0000E+00
0.0000E+00 0.2527E-01 0.2763E-01 0.5401E-01 0.8896E-01 0.1054E-01 0.1774E+00 0.1094E+00 0.4069E-01 0.5685E-01 0.1256E+00 0.1044E+00 0.8731E-01 0.8384E-01 0.3145E-01 0.6651E-01 0.7494E-01 0.9822E-01 0.1226E+00 0.1938E+00 0.2270E+00 0.0000E+00
0.0000E+00 0.8337E-02 0.6997E-02 0.3819E-01 0.9485E-01 0.2833E-01 0.1632E+00 0.6698E-01 0.1135E+00 0.3491E-01 0.7502E-01 0.1658E+00 0.9888E-01 0.8313E-01 0.3192E-01 0.1081E+00 0.9710E-01 0.7776E-02 0.1605E+00 0.1724E+00 0.2031E+00 0.0000E+00
0.0000E+00 0.1408E-01 0.6114E-01 0.3717E-01 0.7763E-01 0.5781E-01 0.1816E+00 0.6532E-01 0.1267E+00 0.4768E-01 0.2155E-01 0.1399E+00 0.8268E-01 0.5469E-01 0.7295E-01 0.1149E+00 0.5824E-01 0.4262E-01 0.5679E-01 0.1529E+00 0.2588E+00 0.0000E+00
0.0000E+00 0.1452E-01 0.3863E-02 0.2482E-01 0.1137E+00 0.9850E-01 0.9305E-01 0.9912E-01 0.1459E+00 0.3909E-01 0.4755E-01 0.1589E+00 0.1059E+00 0.3155E-01 0.9587E-01 0.1576E+00 0.5651E-01 0.7346E-01 0.4527E-01 0.5024E-01 0.2511E+00 0.0000E+00
0.0000E+00 0.1487E-01 0.1039E-01 0.3675E-01 0.1280E+00 0.2704E-01 0.3259E-01 0.7327E-01 0.9665E-01 0.2622E-01 0.2442E-01 0.1345E+00 0.7886E-01 0.6100E-01 0.1306E+00 0.1031E+00 0.7076E-01 0.9469E-01 0.4510E-01 0.6726E-01 0.1940E+00 0.0000E+00
0.0000E+00 0.1357E-01 0.6649E-01 0.2929E-01 0.7604E-01 0.3137E-01 0.3464E-01 0.6382E-01 0.4232E-01 0.2234E-01 0.6198E-01 0.1114E+00 0.5003E-02 0.6432E-02 0.1162E+00 0.7300E-01 0.3787E-01 0.1591E+00 0.5131E-01 0.9031E-01 0.1738E+00 0.0000E+00
0.0000E+00 0.4828E-01 0.7606E-01 0.1775E-01 0.5374E-01 0.6820E-01 0.3158E-01 0.8395E-01 0.6322E-01 0.4087E-01 0.4053E-01 0.1092E+00 0.6627E-01 0.1573E-01 0.7229E-01 0.2425E-01 0.8541E-01 0.1194E+00 0.6553E-01 0.6373E-01 0.1540E+00 0.0000E+00
0.0000E+00 0.1045E+00 0.5598E-01 0.1025E+00 0.5951E-01 0.5176E-01 0.2971E-01 0.1038E+00 0.2396E-01 0.9145E-01 0.8968E-01 0.1585E+00 0.1498E+00 0.2365E-01 0.3533E-01 0.5693E-01 0.3509E-01 0.1405E+00 0.3825E-01 0.8413E-01 0.1318E+00 0.0000E+00
0.0000E+00 0.6071E-01 0.1389E+00 0.5229E-01 0.1006E+00 0.1186E-01 0.2552E-01 0.1590E+00 0.6213E-01 0.7786E-01 0.1437E+00 0.4237E-01 0.8301E-01 0.6181E-01 0.4216E-01 0.5781E-01 0.4603E-01 0.1261E+00 0.7054E-01 0.4958E-01 0.1872E+00 0.0000E+00
0.0000E+00 0.3851E-01 0.7014E-01 0.8407E-01 0.6836E-01 0.1929E-01 0.1000E+00 0.1266E+00 0.4103E-01 0.1397E+00 0.7902E-01 0.5596E-01 0.6694E-01 0.1347E+00 0.8170E-01 0.5048E-01 0.7079E-01 0.1263E+00 0.7538E-01 0.6053E-01 0.2086E+00 0.0000E+00
0.0000E+00 0.6838E-03 0.3820E-01 0.1600E+00 0.4664E-01 0.1871E-01 0.1632E+00 0.1224E+00 0.2367E-01 0.1718E+00 0.8198E-01 0.4613E-01 0.9180E-01 0.1870E+00 0.5341E-01 0.1175E+00 0.7603E-01 0.7788E-01 0.3159E-01 0.4119E-01 0.1379E+00 0.0000E+00
0.0000E+00 0.1269E-01 0.3123E-01 0.1363E+00 0.4244E-01 0.7810E-01 0.1819E+00 0.1119E+00 0.6351E-01 0.1115E+00 0.1481E+00 0.9619E-01 0.5106E-01 0.1714E+00 0.5415E-01 0.5751E-01 0.4128E-01 0.3693E-01 0.9429E-01 0.2962E-01 0.9229E-01 0.0000E+00
0.0000E+00 0.1891E-01 0.4390E-01 0.1515E+00 0.5702E-01 0.9110E-01 0.1675E+00 0.1112E+00 0.3622E-01 0.1973E+00 0.1739E+00 0.1541E+00 0.7561E-01 0.1415E+00 0.8042E-02 0.6376E-01 0.2382E-01 0.4842E-01 0.7086E-01 0.8665E-01 0.1409E+00 0.0000E+00
0.0000E+00 0.3349E-01 0.1781E-01 0.1395E+00 0.1062E-01 0.1341E+00 0.1225E+00 0.1122E+00 0.2825E-01 0.1155E+00 0.1599E+00 0.1598E+00 0.1466E+00 0.1324E+00 0.7783E-01 0.1032E+00 0.1572E+00 0.1536E+00 0.1072E+00 0.6808E-01 0.1310E+00 0.0000E+00
0.0000E+00 0.2108E-01 0.2163E-01 0.1236E+00 0.1474E-01 0.1179E+00 0.1142E+00 0.9051E-01 0.7978E-02 0.9555E-01 0.1373E+00 0.9255E-01 0.1336E+00 0.2014E+00 0.6795E-01 0.1204E+00 0.1463E+00 0.1502E+00 0.7126E-01 0.3534E-01 0.1149E+00 0.0000E+00
0.0000E+00 0.6478E-01 0.1574E-01 0.9377E-01 0.1159E-01 0.9404E-01 0.1106E+00 0.1407E+00 0.1153E+00 0.2990E-01 0.1024E+00 0.5272E-01 0.1018E+00 0.1395E+00 0.2594E-01 0.6528E-01 0.5142E-01 0.9519E-01 0.6136E-01 0.5472E-01 0.1021E+00 0.0000E+00
0.0000E+00 0.3809E-01 0.4775E-01 0.1407E+00 0.1369E+00 0.1106E+00 0.8933E-01 0.1638E+00 0.7207E-01 0.8979E-01 0.1413E+00 0.3307E-01 0.8152E-01 0.1773E+00 0.7826E-01 0.7285E-01 0.7317E-01 0.6041E-01 0.5099E-01 0.1063E+00 0.1326E+00 0.0000E+00
0.0000E+00 0.6048E-01 0.5229E-01 0.1557E+00 0.1285E+00 0.1034E+00 0.8454E-01 0.1771E+00 0.7693E-01 0.1309E+00 0.1165E+00 0.1108E+00 0.1132E+00 0.2014E+00 0.9642E-01 0.1553E+00 0.5432E-01 0.6647E-01 0.7286E-01 0.1442E+00 0.1522E+00 0.0000E+00
0.0000E+00 0.9608E-01 0.3609E-01 0.1588E+00 0.1004E+00 0.1469E+00 0.1538E+00 0.1792E+00 0.7155E-01 0.1320E+00 0.2019E+00 0.1709E+00 0.7285E-01 0.1546E+00 0.1179E+00 0.1203E+00 0.5037E-01 0.9041E-01 0.1214E+00 0.1599E+00 0.8284E-01 0.0000E+00
0.0000E+00 0.1012E+00 0.1273E-01 0.1536E+00 0.1056E+00 0.8544E-02 0.1112E+00 0.1560E+00 0.4484E-01 0.5250E-01 0.2137E+00 0.1168E+00 0.2358E+00 0.1800E+00 0.1369E+00 0.9191E-01 0.7612E-01 0.5987E-01 0.7120E-01 0.1186E+00 0.1028E-01 0.0000E+00
0.0000E+00 0.2120E+00 0.2831E-01 0.1186E+00 0.8318E-01 0.4132E-01 0.9434E-01 0.1193E+00 0.5794E-02 0.3708E-01 0.1212E+00 0.1371E+00 0.1816E+00 0.5887E-01 0.1300E+00 0.6414E-01 0.7753E-01 0.5472E-01 0.7467E-01 0.1413E+00 0.1703E-01 0.0000E+00
0.0000E+00 -.2211E-06 0.1317E+00 0.8067E-01 0.7423E-01 0.4746E-01 0.1400E+00 0.9225E-01 0.1144E-01 0.9572E-02 0.3386E-02 0.1113E+00 0.1980E+00 0.1196E+00 0.7888E-01 0.8228E-01 0.7506E-01 0.1549E+00 0.1260E+00 0.1776E+00 0.5061E-01 0.0000E+00
0.0000E+00 0.2294E-01 0.1345E+00 0.1062E+00 0.5328E-01 0.8821E-01 0.9428E-01 0.1243E+00 0.1559E-01 0.2102E-01 0.1809E-01 0.9147E-01 0.1793E+00 0.8631E-01 0.8204E-01 0.4434E-01 0.9513E-01 0.1082E+00 0.1044E+00 0.1176E+00 0.3592E-01 0.0000E+00
0.0000E+00 0.1159E-01 0.8120E-01 0.1146E+00 0.4888E-01 0.1122E+00 0.1022E+00 0.1502E+00 0.5779E-01 0.8791E-01 0.4618E-01 0.1220E+00 0.2271E+00 0.1218E+00 0.1656E+00 0.7722E-01 0.1294E+00 0.1471E+00 0.1425E+00 0.1305E+00 0.5546E-01 0.0000E+00
0.0000E+00 0.6865E-02 0.1091E-01 0.1171E+00 0.4831E-01 0.1797E+00 0.7779E-01 0.1959E+00 0.1888E+00 0.6452E-01 0.4098E-01 0.1323E+00 0.2476E+00 0.1326E+00 0.2062E+00 0.5008E-01 0.7782E-01 0.1056E+00 0.2032E+00 0.1919E+00 0.6123E-01 0.0000E+00
0.0000E+00 0.6442E-01 0.7288E-01 0.1379E+00 0.1942E+00 0.2044E+00 0.6826E-01 0.1659E+00 0.2002E+00 0.1485E+00 0.4176E-01 0.8537E-01 0.2557E+00 0.1563E-01 0.2042E+00 0.1778E+00 0.9371E-01 0.1841E+00 0.2031E+00 0.1674E+00 0.5291E-01 0.0000E+00
0.0000E+00 0.5197E-01 0.1709E+00 0.9984E-01 0.1897E+00 0.1747E+00 0.5941E-01 0.1504E+00 0.1865E+00 0.1279E+00 0.2194E+00 0.1594E+00 0.2869E+00 0.2067E-01 0.1883E+00 0.2895E+00 0.2494E+00 0.1252E+00 0.2398E+00 0.2685E+00 0.3407E-01 0.0000E+00
0.0000E+00 0.9214E-01 0.1660E+00 0.7516E-01 0.1251E+00 0.2351E+00 0.7482E-01 0.1777E+00 0.1316E+00 0.2208E+00 0.2919E+00 0.1998E+00 0.3069E+00 0.4134E-01 0.1897E+00 0.1879E+00 0.2291E+00 0.1772E+00 0.1844E+00 0.2656E+00 0.7186E-01 0.0000E+00
0.0000E+00 0.2467E+00 0.1017E+00 0.6194E-01 0.1975E+00 0.2449E+00 0.1846E+00 0.1731E+00 0.1045E+00 0.2558E+00 0.2992E+00 0.1547E+00 0.2989E+00 0.1540E+00 0.2416E+00 0.2420E+00 0.2205E+00 0.1897E+00 0.2196E+00 0.2802E+00 0.2700E-01 0.0000E+00
0.0000E+00 0.3163E+00 0.9727E-01 0.1111E+00 0.1656E+00 0.1977E+00 0.2006E+00 0.1453E+00 0.1379E+00 0.1969E+00 0.2505E+00 0.1747E+00 0.2660E+00 0.1714E+00 0.1534E+00 0.2227E+00 0.2546E+00 0.1882E+00 0.2349E+00 0.2295E+00 0.2607E-01 0.0000E+00
0.0000E+00 0.1984E+00 0.1075E-01 0.1283E+00 0.1192E+00 0.1416E+00 0.2152E+00 0.1078E+00 0.1117E+00 0.2226E+00 0.1689E+00 0.1154E+00 0.2556E+00 0.1037E+00 0.1465E+00 0.1672E+00 0.2344E+00 0.1241E+00 0.1591E+00 0.1642E+00 0.2272E-01 0.0000E+00
0.0000E+00 0.1858E+00 0.1793E-01 0.1029E+00 0.2177E+00 0.2335E+00 0.2063E+00 0.1658E+00 0.1177E+00 0.2367E+00 0.1385E+00 0.6688E-01 0.2086E+00 0.8455E-01 0.1445E+00 0.2048E+00 0.1976E+00 0.8514E-01 0.1248E+00 0.1435E+00 0.2683E-01 0.0000E+00
0.0000E+00 0.1686E+00 0.1253E-01 0.8074E-01 0.2792E+00 0.2871E+00 0.1081E-01 0.2390E+00 0.1746E+00 0.2098E+00 0.5163E-02 0.1185E+00 0.3084E+00 0.2256E+00 0.2174E+00 0.1383E+00 0.1500E+00 0.6598E-01 0.1062E+00 0.1380E+00 0.3203E-01 0.0000E+00
0.0000E+00 0.1512E+00 0.7287E-01 0.7609E-01 0.3051E+00 0.2455E+00 0.1138E-01 0.2044E+00 0.1794E+00 0.2916E+00 0.8704E-01 0.1929E+00 0.3459E+00 0.2336E+00 0.2343E+00 0.2372E+00 0.2577E+00 0.1331E+00 0.1029E+00 0.1394E+00 0.4075E-01 0.0000E+00
0.0000E+00 0.1334E+00 0.5690E-01 0.1050E+00 0.3040E+00 0.2147E+00 0.1911E-01 0.1752E+00 0.1251E+00 0.2709E+00 0.7126E-01 0.8279E-01 0.3320E+00 0.2310E+00 0.2264E+00 0.1628E+00 0.1786E+00 0.1997E+00 0.1361E+00 0.1766E+00 0.1390E+00 0.0000E+00
0.0000E+00 0.1541E+00 0.1142E+00 0.1850E+00 0.3163E+00 0.2334E+00 0.3522E-01 0.1665E+00 0.1125E+00 0.3322E+00 0.4855E-01 0.1113E+00 0.3418E+00 0.2346E+00 0.1670E+00 0.1658E+00 0.1861E+00 0.1952E+00 0.1843E+00 0.1447E+00 0.1331E+00 0.0000E+00
0.0000E+00 0.1487E+00 0.8516E-01 0.1195E+00 0.2654E+00 0.2148E+00 0.1357E+00 0.2222E+00 0.2052E+00 0.2994E+00 0.7151E-01 0.8183E-01 0.2897E+00 0.2507E+00 0.1242E+00 0.1624E+00 0.1775E+00 0.2904E+00 0.1583E+00 0.1713E+00 0.1304E+00 0.0000E+00
0.0000E+00 0.1674E+00 0.8928E-01 0.1053E+00 0.1916E+00 0.2312E+00 0.2519E+00 0.2390E+00 0.2050E+00 0.3062E+00 0.9276E-01 0.6239E-01 0.2331E+00 0.2430E+00 0.9381E-01 0.1450E+00 0.2495E+00 0.3088E+00 0.2120E+00 0.1636E+00 0.1564E+00 0.0000E+00
0.0000E+00 0.1271E+00 0.1230E+00 0.7489E-01 0.1510E+00 0.1693E+00 0.2793E+00 0.2373E+00 0.2461E+00 0.2671E+00 0.1490E+00 0.1149E+00 0.2728E+00 0.2086E+00 0.1453E+00 0.1937E-01 0.2162E+00 0.3875E+00 0.2107E+00 0.1711E+00 0.2479E+00 0.0000E+00
0.0000E+00 0.1317E+00 0.7110E-01 0.9547E-01 0.1300E+00 0.2154E+00 0.2577E+00 0.2479E+00 0.2807E+00 0.3204E+00 0.1159E+00 0.1361E+00 0.2317E+00 0.2095E+00 0.1341E+00 0.1204E+00 0.4604E-01 0.2709E+00 0.1832E+00 0.1266E+00 0.1453E+00 0.0000E+00
0.0000E+00 0.8959E-01 0.9375E-01 0.9683E-01 0.2152E+00 0.2513E+00 0.1721E+00 0.1900E+00 0.3253E+00 0.3281E+00 0.8750E-01 0.1817E+00 0.2791E+00 0.2259E+00 0.1787E+00 0.1317E+00 0.3345E-01 0.2148E+00 0.2917E+00 0.1639E+00 0.1052E+00 0.0000E+00
0.0000E+00 0.1576E+00 0.7085E-01 0.6443E-01 0.2267E+00 0.1970E+00 0.1697E+00 0.1625E+00 0.2183E+00 0.2927E+00 0.8258E-01 0.1981E+00 0.2258E+00 0.2477E+00 0.1692E+00 0.7676E-01 0.7104E-01 0.6689E-01 0.2782E+00 0.1978E+00 0.2075E+00 0.0000E+00
0.0000E+00 0.1884E+00 0.2239E-01 0.7004E-01 0.1452E+00 0.2900E+00 0.1261E+00 0.1663E+00 0.1678E+00 0.2988E+00 0.8284E-01 0.1701E+00 0.2553E+00 0.2765E+00 0.1033E+00 0.1103E+00 0.5748E-01 0.5724E-01 0.2776E+00 0.1961E+00 0.1312E+00 0.0000E+00
0.0000E+00 0.1312E+00 0.7201E-02 0.4580E-01 0.5328E-02 0.2358E+00 0.9809E-01 0.2299E+00 0.3155E+00 0.2045E+00 0.9829E-01 0.1175E+00 0.1928E+00 0.2311E+00 0.8700E-01 0.7702E-01 0.1163E+00 0.5306E-01 0.2436E+00 0.1398E+00 0.4586E-02 0.0000E+00
0.0000E+00 0.0000E+00 0.0000E+00 0.0000E+00 0.0000E+00 0.0000E+00 0.0000E+00 0.0000E+00 0.0000E+00 0.0000E+00 0.0000E+00 0.0000E+00 0.0000E+00 0.0000E+00 0.0000E+00 0.0000E+00 0.0000E+00 0.0000E+00 0.0000E+00 0.0000E+00 0.0000E+00 0.0000E+00
