p2_rainC_highsm_sedtr.asc
ncols     22
nrows     62
xllcorner      0.00000000
yllcorner      0.00000000
cellsize      0.50000000
nodata_value -9999
0.0000E+00 0.0000E+00 0.0000E+00 0.0000E+00 0.0000E+00 0.0000E+00 0.0000E+00 0.0000E+00 0.0000E+00 0.0000E+00 0.0000E+00 0.0000E+00 0.0000E+00 0.0000E+00 0.0000E+00 0.0000E+00 0.0000E+00 0.0000E+00 0.0000E+00 0.0000E+00 0.0000E+00 0.0000E+00
0.0000E+00 0.4331E-02 0.5294E-02 0.6031E-02 0.3773E-02 0.9406E-02 0.1229E-01 0.1581E-02 0.2138E-02 0.7241E-02 0.5357E-02 0.1220E-01 0.7712E-02 0.5591E-02 0.2923E-02 0.2907E-02 0.1366E-01 0.1778E-01 0.3144E-02 0.6676E-02 0.2117E-01 0.0000E+00
0.0000E+00 0.5672E-02 0.4045E-01 0.6851E-02 0.3509E-01 0.2240E-01 0.4369E-02 0.3273E-02 0.4454E-02 0.9721E-02 0.1465E-01 0.9083E-02 0.1039E-01 0.2637E-02 0.3578E-01 0.3536E-02 0.2439E-02 0.8046E-02 0.5991E-02 0.2307E-01 0.2710E-01 0.0000E+00
0.0000E+00 0.8837E-02 0.3199E-01 0.2198E-01 0.1005E-01 0.9347E-02 0.9692E-02 0.1183E-01 0.1266E-01 0.7360E-02 0.2310E-01 0.1422E-01 0.3861E-01 0.2057E-01 0.2938E-01 0.5641E-02 0.2011E-02 0.2477E-01 0.1425E-01 0.1653E-01 0.1367E-01 0.0000E+00
0.0000E+00 0.3240E-02 0.2152E-01 0.1816E-01 0.8611E-02 0.2058E-01 0.1125E-01 0.2306E-02 0.2664E-02 0.1854E-01 0.1401E-01 0.1091E-01 0.3576E-01 0.8750E-03 0.1286E-01 0.2258E-02 0.2470E-01 0.2574E-01 0.1190E-02 0.1352E-01 0.4581E-01 0.0000E+00
0.0000E+00 0.3138E-02 0.1494E-02 0.1634E-01 0.9964E-03 0.2642E-03 0.5494E-02 0.6439E-02 0.8590E-02 0.1233E-01 0.1761E-02 0.3184E-01 0.1791E-01 0.7350E-02 0.1042E-01 0.3516E-02 0.6480E-02 0.2839E-01 0.1274E-01 0.2092E-01 0.4203E-01 0.0000E+00
0.0000E+00 0.2601E-02 0.4072E-03 0.3440E-01 0.2719E-03 0.1515E-03 0.6654E-02 0.2015E-02 0.1525E-01 0.9319E-02 0.6220E-02 0.4447E-02 0.2759E-01 0.2604E-02 0.2364E-01 0.4336E-01 0.3998E-01 0.3401E-01 0.3538E-01 0.1896E-01 0.3196E-01 0.0000E+00
0.0000E+00 0.1525E-01 0.2053E-02 0.1582E-01 0.2165E-02 0.2590E-02 0.1040E-01 0.5235E-02 0.7033E-02 0.5003E-01 0.1519E-01 0.8437E-02 0.4730E-01 0.1591E-01 0.3821E-02 0.1821E-02 0.6704E-02 0.1394E-01 0.3659E-01 0.3251E-01 0.4186E-01 0.0000E+00
0.0000E+00 0.5785E-02 0.1574E-01 0.1467E-01 0.5476E-02 0.1310E-01 0.9399E-02 0.6292E-02 0.1571E-01 0.3019E-01 0.8430E-02 0.1689E-01 0.2289E-01 0.9326E-02 0.1626E-02 0.5787E-03 0.9310E-02 0.4223E-02 0.2451E-02 0.4535E-04 0.3755E-01 0.0000E+00
0.0000E+00 0.5239E-02 0.3808E-01 0.2386E-02 0.1478E-01 0.6748E-02 0.3313E-01 0.1996E-01 0.2048E-01 0.3220E-01 0.3842E-01 0.3116E-01 0.4324E-01 0.1201E-01 0.1399E-02 0.2044E-03 0.1281E-01 0.3840E-01 0.4402E-02 0.3724E-03 0.4184E-01 0.0000E+00
0.0000E+00 0.1507E-02 0.3125E-01 0.4358E-01 0.7331E-02 0.1393E-01 0.2934E-02 0.5191E-03 0.1306E-02 0.2156E-02 0.3754E-01 0.5162E-01 0.2305E-01 0.2133E-02 0.1088E-02 0.3145E-02 0.1254E-01 0.2770E-01 0.1496E-02 0.8763E-03 0.3652E-01 0.0000E+00
0.0000E+00 0.1934E-01 0.4381E-01 0.4230E-01 0.5078E-02 0.7215E-02 0.7048E-02 0.1293E-01 0.1948E-01 0.1200E-01 0.1202E-01 0.5046E-01 0.2239E-01 0.1468E-01 0.1804E-01 0.4850E-02 0.2750E-02 0.1089E-01 0.2027E-02 0.9809E-03 0.5487E-01 0.0000E+00
0.0000E+00 0.3914E-02 0.2377E-02 0.5513E-01 0.3792E-01 0.6933E-01 0.6558E-02 0.2704E-01 0.3247E-01 0.3611E-02 0.2839E-02 0.4376E-01 0.9747E-03 0.2165E-02 0.1301E-01 0.2501E-02 0.6289E-02 0.1994E-01 0.1087E-02 0.1089E-01 0.4954E-01 0.0000E+00
0.0000E+00 0.1992E-01 0.1924E-01 0.2619E-01 0.8058E-02 0.5057E-01 0.4975E-01 0.1215E-01 0.8601E-02 0.1540E-01 0.2628E-02 0.4518E-01 0.4197E-02 0.1087E-02 0.4426E-02 0.3589E-02 0.1725E-01 0.2710E-01 0.9332E-02 0.1377E-01 0.5675E-01 0.0000E+00
0.0000E+00 0.7556E-02 0.6852E-02 0.4458E-01 0.4138E-02 0.7736E-03 0.6748E-01 0.1117E-01 0.1152E-01 0.5863E-02 0.2618E-01 0.5338E-01 0.2839E-01 0.4428E-02 0.7739E-02 0.8813E-02 0.9062E-02 0.1722E-01 0.1933E-01 0.2928E-01 0.9109E-01 0.0000E+00
0.0000E+00 0.4005E-02 0.9126E-02 0.1450E-01 0.4467E-02 0.2521E-02 0.5504E-01 0.2259E-01 0.1437E-01 0.2299E-02 0.1427E-01 0.8083E-01 0.2458E-01 0.2644E-01 0.5156E-01 0.9531E-02 0.8031E-02 0.1781E-01 0.1867E-01 0.1629E-01 0.4733E-01 0.0000E+00
0.0000E+00 0.2654E-02 0.4674E-02 0.9955E-02 0.2345E-01 0.6911E-02 0.8550E-01 0.4134E-02 0.4382E-02 0.1966E-01 0.2043E-01 0.6822E-01 0.1288E-01 0.2051E-01 0.3990E-01 0.4863E-02 0.1238E-01 0.1712E-01 0.2604E-01 0.3458E-01 0.7675E-01 0.0000E+00
0.0000E+00 0.3792E-02 0.2807E-02 0.1171E-01 0.2098E-01 0.1386E-02 0.9535E-01 0.3135E-01 0.1021E-01 0.1292E-01 0.2113E-01 0.5093E-01 0.1318E-01 0.1435E-01 0.5028E-02 0.1870E-01 0.1825E-01 0.3403E-01 0.2758E-01 0.4607E-01 0.1361E+00 0.0000E+00
0.0000E+00 0.1351E-02 0.1315E-02 0.8244E-02 0.2776E-01 0.5714E-02 0.7976E-01 0.1298E-01 0.3528E-01 0.6545E-02 0.9833E-02 0.8143E-01 0.1875E-01 0.1874E-01 0.6183E-02 0.2678E-01 0.2442E-01 0.1305E-02 0.5956E-01 0.3760E-01 0.9954E-01 0.0000E+00
0.0000E+00 0.3330E-02 0.1536E-01 0.5383E-02 0.2106E-01 0.1604E-01 0.9689E-01 0.9630E-02 0.2994E-01 0.7909E-02 0.4184E-02 0.6202E-01 0.1910E-01 0.1138E-01 0.1894E-01 0.2943E-01 0.7425E-02 0.1034E-01 0.1220E-01 0.3972E-01 0.9495E-01 0.0000E+00
0.0000E+00 0.3211E-02 0.1422E-02 0.3479E-02 0.3899E-01 0.2369E-01 0.5038E-01 0.5232E-01 0.2985E-01 0.6058E-02 0.9342E-02 0.7754E-01 0.3169E-01 0.5588E-02 0.2374E-01 0.4086E-01 0.9565E-02 0.1778E-01 0.9587E-02 0.1045E-01 0.1062E+00 0.0000E+00
0.0000E+00 0.3310E-02 0.3514E-02 0.7852E-02 0.4099E-01 0.3388E-02 0.5248E-02 0.5013E-01 0.1453E-01 0.5647E-02 0.5385E-02 0.6169E-01 0.2138E-01 0.1711E-01 0.4006E-01 0.1849E-01 0.1481E-01 0.1792E-01 0.9448E-02 0.1530E-01 0.7737E-01 0.0000E+00
0.0000E+00 0.2662E-02 0.2126E-01 0.4678E-02 0.2098E-01 0.7696E-02 0.8086E-02 0.4962E-01 0.8281E-02 0.4821E-02 0.1172E-01 0.5039E-01 0.1538E-02 0.1893E-02 0.3875E-01 0.1279E-01 0.5333E-02 0.4828E-01 0.1460E-01 0.1754E-01 0.7628E-01 0.0000E+00
0.0000E+00 0.1319E-01 0.1598E-01 0.2075E-02 0.1860E-01 0.3007E-01 0.4818E-02 0.5159E-01 0.2045E-01 0.1037E-01 0.5203E-02 0.5413E-01 0.2368E-01 0.3926E-02 0.2248E-01 0.5707E-02 0.2320E-01 0.2132E-01 0.1543E-01 0.8976E-02 0.6530E-01 0.0000E+00
0.0000E+00 0.2867E-01 0.1339E-01 0.2842E-01 0.1429E-01 0.2459E-01 0.1562E-01 0.7709E-01 0.6856E-02 0.2376E-01 0.2050E-01 0.9893E-01 0.7314E-01 0.3561E-02 0.1555E-01 0.1499E-01 0.7475E-02 0.3549E-01 0.6524E-02 0.1475E-01 0.5939E-01 0.0000E+00
0.0000E+00 0.1009E-01 0.4723E-01 0.9695E-02 0.2856E-01 0.3914E-02 0.1604E-01 0.1203E+00 0.1704E-01 0.1525E-01 0.3835E-01 0.8853E-02 0.4850E-01 0.4226E-01 0.2083E-01 0.2909E-01 0.9720E-02 0.3245E-01 0.1776E-01 0.6353E-02 0.1153E+00 0.0000E+00
0.0000E+00 0.5540E-02 0.1282E-01 0.1836E-01 0.1158E-01 0.3960E-02 0.6521E-01 0.8632E-01 0.8571E-02 0.3874E-01 0.1284E-01 0.1089E-01 0.1658E-01 0.1075E+00 0.1961E-01 0.3300E-01 0.1391E-01 0.3292E-01 0.1396E-01 0.8317E-02 0.1319E+00 0.0000E+00
0.0000E+00 0.3798E-04 0.8468E-02 0.5944E-01 0.7640E-02 0.4221E-02 0.9832E-01 0.8175E-01 0.3599E-02 0.4577E-01 0.1381E-01 0.9098E-02 0.2615E-01 0.1384E+00 0.9499E-02 0.7340E-01 0.1616E-01 0.1983E-01 0.4035E-02 0.3822E-02 0.8018E-01 0.0000E+00
0.0000E+00 0.3270E-02 0.8150E-02 0.4872E-01 0.8289E-02 0.2454E-01 0.9419E-01 0.7191E-01 0.1540E-01 0.2095E-01 0.3934E-01 0.2657E-01 0.7651E-02 0.1105E+00 0.7576E-02 0.2413E-01 0.4928E-02 0.1282E-01 0.2669E-01 0.4841E-02 0.6389E-01 0.0000E+00
0.0000E+00 0.4537E-02 0.1072E-01 0.3821E-01 0.1284E-01 0.2411E-01 0.7185E-01 0.7140E-01 0.6088E-02 0.6062E-01 0.4444E-01 0.4401E-01 0.1798E-01 0.8061E-01 0.1654E-02 0.3386E-01 0.2954E-02 0.2455E-01 0.1427E-01 0.2117E-01 0.1113E+00 0.0000E+00
0.0000E+00 0.6160E-02 0.2281E-02 0.4358E-01 0.2138E-02 0.3611E-01 0.4858E-01 0.7335E-01 0.4367E-02 0.1974E-01 0.3000E-01 0.3901E-01 0.4012E-01 0.7310E-01 0.2076E-01 0.5726E-01 0.5364E-01 0.7467E-01 0.2701E-01 0.1419E-01 0.1008E+00 0.0000E+00
0.0000E+00 0.7612E-02 0.4701E-02 0.3950E-01 0.2807E-02 0.2639E-01 0.4851E-01 0.5837E-01 0.1506E-02 0.1729E-01 0.2473E-01 0.1580E-01 0.2207E-01 0.1061E+00 0.1346E-01 0.5995E-01 0.3345E-01 0.4036E-01 0.1005E-01 0.4772E-02 0.8742E-01 0.0000E+00
0.0000E+00 0.2196E-01 0.2242E-02 0.3015E-01 0.1443E-02 0.1619E-01 0.4419E-01 0.1000E+00 0.3604E-01 0.6826E-02 0.2272E-01 0.1063E-01 0.1790E-01 0.6398E-01 0.4933E-02 0.2532E-01 0.2285E-01 0.2973E-01 0.8027E-02 0.8681E-02 0.7807E-01 0.0000E+00
0.0000E+00 0.9115E-02 0.1515E-01 0.6474E-01 0.4723E-01 0.2904E-01 0.3814E-01 0.1109E+00 0.1530E-01 0.2545E-01 0.5228E-01 0.4381E-02 0.1589E-01 0.8219E-01 0.1829E-01 0.1922E-01 0.4283E-01 0.2424E-01 0.7764E-02 0.2875E-01 0.1032E+00 0.0000E+00
0.0000E+00 0.1870E-01 0.1012E-01 0.6910E-01 0.3085E-01 0.2404E-01 0.4123E-01 0.1131E+00 0.1354E-01 0.3541E-01 0.4197E-01 0.3013E-01 0.3396E-01 0.1071E+00 0.2375E-01 0.4748E-01 0.2702E-01 0.3359E-01 0.2878E-01 0.4223E-01 0.1162E+00 0.0000E+00
0.0000E+00 0.2331E-01 0.5999E-02 0.6825E-01 0.2084E-01 0.4070E-01 0.5258E-01 0.1088E+00 0.1411E-01 0.3531E-01 0.9061E-01 0.5500E-01 0.1932E-01 0.7332E-01 0.2961E-01 0.2533E-01 0.2982E-01 0.2895E-01 0.7306E-01 0.9255E-01 0.7136E-01 0.0000E+00
0.0000E+00 0.2643E-01 0.3409E-02 0.6496E-01 0.2285E-01 0.2025E-02 0.4347E-01 0.7496E-01 0.6036E-02 0.7382E-02 0.8627E-01 0.2663E-01 0.1242E+00 0.9393E-01 0.3444E-01 0.1696E-01 0.4819E-01 0.1094E-01 0.3256E-01 0.7490E-01 0.1941E-02 0.0000E+00
0.0000E+00 0.8593E-01 0.1124E-01 0.4823E-01 0.1459E-01 0.1185E-01 0.4339E-01 0.6233E-01 0.1774E-02 0.5009E-02 0.3857E-01 0.4230E-01 0.9055E-01 0.1674E-01 0.2773E-01 0.8710E-02 0.4195E-01 0.1361E-01 0.4403E-01 0.1005E+00 0.2951E-02 0.0000E+00
0.0000E+00 0.0000E+00 0.5185E-01 0.3789E-01 0.1051E-01 0.9298E-02 0.8598E-01 0.5485E-01 0.2511E-02 0.1894E-02 0.4112E-03 0.4862E-01 0.9191E-01 0.3978E-01 0.1239E-01 0.1884E-01 0.4298E-01 0.5524E-01 0.8098E-01 0.1286E+00 0.1401E-01 0.0000E+00
0.0000E+00 0.4970E-02 0.4125E-01 0.5858E-01 0.7891E-02 0.2594E-01 0.5594E-01 0.8906E-01 0.3638E-02 0.5630E-02 0.4704E-02 0.4182E-01 0.8208E-01 0.2137E-01 0.1825E-01 0.6267E-02 0.5235E-01 0.2399E-01 0.6040E-01 0.8546E-01 0.7448E-02 0.0000E+00
0.0000E+00 0.2763E-02 0.2108E-01 0.5148E-01 0.8808E-02 0.3213E-01 0.6804E-01 0.1102E+00 0.1787E-01 0.2985E-01 0.1235E-01 0.7322E-01 0.1270E+00 0.2951E-01 0.5219E-01 0.2139E-01 0.7136E-01 0.4637E-01 0.8737E-01 0.9442E-01 0.1234E-01 0.0000E+00
0.0000E+00 0.8575E-03 0.2637E-02 0.6872E-01 0.9261E-02 0.5857E-01 0.5189E-01 0.1403E+00 0.7623E-01 0.1771E-01 0.8770E-02 0.7951E-01 0.1135E+00 0.2992E-01 0.6028E-01 0.9285E-02 0.3627E-01 0.2408E-01 0.1235E+00 0.1375E+00 0.9844E-02 0.0000E+00
0.0000E+00 0.1932E-01 0.2360E-01 0.9006E-01 0.7768E-01 0.7127E-01 0.4944E-01 0.1152E+00 0.7302E-01 0.5693E-01 0.1048E-01 0.4853E-01 0.1356E+00 0.3485E-02 0.5371E-01 0.6577E-01 0.5149E-01 0.5547E-01 0.1124E+00 0.9960E-01 0.1046E-01 0.0000E+00
0.0000E+00 0.1198E-01 0.6351E-01 0.6445E-01 0.6003E-01 0.5194E-01 0.4621E-01 0.1018E+00 0.5698E-01 0.3884E-01 0.9358E-01 0.1077E+00 0.1619E+00 0.4488E-02 0.4245E-01 0.1106E+00 0.1566E+00 0.2736E-01 0.1299E+00 0.1746E+00 0.8980E-02 0.0000E+00
0.0000E+00 0.2510E-01 0.4920E-01 0.4971E-01 0.3190E-01 0.8253E-01 0.6155E-01 0.1201E+00 0.3604E-01 0.8220E-01 0.1168E+00 0.1292E+00 0.1719E+00 0.1167E-01 0.4218E-01 0.4553E-01 0.1242E+00 0.4849E-01 0.8278E-01 0.1582E+00 0.2163E-01 0.0000E+00
0.0000E+00 0.9451E-01 0.2537E-01 0.4283E-01 0.7268E-01 0.8331E-01 0.1379E+00 0.1172E+00 0.2711E-01 0.9202E-01 0.1062E+00 0.8795E-01 0.1611E+00 0.5395E-01 0.6771E-01 0.7063E-01 0.1071E+00 0.4595E-01 0.1081E+00 0.1746E+00 0.8143E-02 0.0000E+00
0.0000E+00 0.1007E+00 0.2408E-01 0.8138E-01 0.5224E-01 0.5973E-01 0.1360E+00 0.9569E-01 0.4613E-01 0.5900E-01 0.7445E-01 0.9931E-01 0.1355E+00 0.4616E-01 0.2976E-01 0.5845E-01 0.1275E+00 0.4572E-01 0.1122E+00 0.1351E+00 0.6635E-02 0.0000E+00
0.0000E+00 0.4517E-01 0.3140E-02 0.9011E-01 0.3192E-01 0.4138E-01 0.1353E+00 0.7546E-01 0.3440E-01 0.7345E-01 0.4583E-01 0.6241E-01 0.1301E+00 0.2097E-01 0.3054E-01 0.3703E-01 0.1113E+00 0.2374E-01 0.6599E-01 0.9461E-01 0.4439E-02 0.0000E+00
0.0000E+00 0.4070E-01 0.3051E-02 0.6940E-01 0.8968E-01 0.1049E+00 0.1211E+00 0.1221E+00 0.3443E-01 0.7159E-01 0.3994E-01 0.4793E-01 0.1052E+00 0.1641E-01 0.2968E-01 0.5524E-01 0.8391E-01 0.1616E-01 0.5812E-01 0.8307E-01 0.6369E-02 0.0000E+00
0.0000E+00 0.3831E-01 0.4169E-02 0.5641E-01 0.1176E+00 0.1646E+00 0.3316E-02 0.1710E+00 0.5624E-01 0.7357E-01 0.8528E-03 0.9147E-01 0.1831E+00 0.7854E-01 0.6010E-01 0.3100E-01 0.6229E-01 0.1300E-01 0.5613E-01 0.8138E-01 0.7657E-02 0.0000E+00
0.0000E+00 0.3601E-01 0.2572E-01 0.5777E-01 0.1223E+00 0.1449E+00 0.2777E-02 0.1372E+00 0.5298E-01 0.1316E+00 0.2842E-01 0.1384E+00 0.1988E+00 0.6734E-01 0.5877E-01 0.8490E-01 0.1402E+00 0.4463E-01 0.6262E-01 0.8581E-01 0.1121E-01 0.0000E+00
0.0000E+00 0.3469E-01 0.1673E-01 0.8152E-01 0.1142E+00 0.1283E+00 0.5210E-02 0.1105E+00 0.2804E-01 0.1198E+00 0.1709E-01 0.2220E-01 0.2064E+00 0.5367E-01 0.4975E-01 0.4461E-01 0.8170E-01 0.6553E-01 0.8767E-01 0.1136E+00 0.5004E-01 0.0000E+00
0.0000E+00 0.4921E-01 0.3779E-01 0.1338E+00 0.1215E+00 0.1450E+00 0.1182E-01 0.1080E+00 0.2731E-01 0.1535E+00 0.9384E-02 0.3027E-01 0.2251E+00 0.4952E-01 0.3016E-01 0.4979E-01 0.8948E-01 0.5346E-01 0.1178E+00 0.9026E-01 0.3949E-01 0.0000E+00
0.0000E+00 0.4857E-01 0.1765E-01 0.7544E-01 0.8942E-01 0.1360E+00 0.4787E-01 0.1494E+00 0.7406E-01 0.1312E+00 0.2049E-01 0.1703E-01 0.1930E+00 0.5529E-01 0.2497E-01 0.4454E-01 0.8358E-01 0.9932E-01 0.9304E-01 0.1103E+00 0.3370E-01 0.0000E+00
0.0000E+00 0.5715E-01 0.2305E-01 0.6611E-01 0.6219E-01 0.1485E+00 0.9781E-01 0.1549E+00 0.6626E-01 0.1330E+00 0.2871E-01 0.1127E-01 0.1600E+00 0.4525E-01 0.2185E-01 0.3619E-01 0.1030E+00 0.1039E+00 0.1292E+00 0.1031E+00 0.3947E-01 0.0000E+00
0.0000E+00 0.3826E-01 0.3514E-01 0.5124E-01 0.5503E-01 0.1068E+00 0.9547E-01 0.1476E+00 0.8493E-01 0.1088E+00 0.4641E-01 0.2996E-01 0.2022E+00 0.3687E-01 0.5726E-01 0.5826E-02 0.1035E+00 0.1480E+00 0.1225E+00 0.1118E+00 0.7988E-01 0.0000E+00
0.0000E+00 0.4612E-01 0.1549E-01 0.7036E-01 0.5334E-01 0.1459E+00 0.7518E-01 0.1478E+00 0.1004E+00 0.1419E+00 0.2649E-01 0.2979E-01 0.1720E+00 0.3413E-01 0.4617E-01 0.4011E-01 0.1059E-01 0.1051E+00 0.9794E-01 0.8581E-01 0.2708E-01 0.0000E+00
0.0000E+00 0.2896E-01 0.2942E-01 0.6990E-01 0.1121E+00 0.1697E+00 0.4294E-01 0.1090E+00 0.1218E+00 0.1429E+00 0.1812E-01 0.4854E-01 0.2118E+00 0.3839E-01 0.6743E-01 0.3440E-01 0.6142E-02 0.8927E-01 0.1462E+00 0.1153E+00 0.1984E-01 0.0000E+00
0.0000E+00 0.7278E-01 0.1754E-01 0.4758E-01 0.1141E+00 0.1260E+00 0.4046E-01 0.9430E-01 0.6138E-01 0.1145E+00 0.1605E-01 0.4843E-01 0.1704E+00 0.4938E-01 0.5897E-01 0.1512E-01 0.2020E-01 0.1794E-01 0.1476E+00 0.1350E+00 0.6565E-01 0.0000E+00
0.0000E+00 0.8004E-01 0.5836E-02 0.5374E-01 0.6798E-01 0.1737E+00 0.2775E-01 0.1019E+00 0.4742E-01 0.1199E+00 0.1808E-01 0.3468E-01 0.2013E+00 0.5608E-01 0.2968E-01 0.2450E-01 0.1258E-01 0.1310E-01 0.1610E+00 0.9983E-01 0.2420E-01 0.0000E+00
0.0000E+00 0.4225E-01 0.2764E-02 0.4109E-01 0.1432E-02 0.1516E+00 0.2014E-01 0.1127E+00 0.1303E+00 0.7932E-01 0.1779E-01 0.1807E-01 0.1604E+00 0.4518E-01 0.2704E-01 0.1274E-01 0.1923E-01 0.8475E-02 0.1328E+00 0.8604E-01 0.9813E-03 0.0000E+00
0.0000E+00 0.0000E+00 0.0000E+00 0.0000E+00 0.0000E+00 0.0000E+00 0.0000E+00 0.0000E+00 0.0000E+00 0.0000E+00 0.0000E+00 0.0000E+00 0.0000E+00 0.0000E+00 0.0000E+00 0.0000E+00 0.0000E+00 0.0000E+00 0.0000E+00 0.0000E+00 0.0000E+00 0.0000E+00
