p2_rainD_lowsm_sedtr.asc
ncols     22
nrows     62
xllcorner      0.00000000
yllcorner      0.00000000
cellsize      0.50000000
nodata_value -9999
0.0000E+00 0.0000E+00 0.0000E+00 0.0000E+00 0.0000E+00 0.0000E+00 0.0000E+00 0.0000E+00 0.0000E+00 0.0000E+00 0.0000E+00 0.0000E+00 0.0000E+00 0.0000E+00 0.0000E+00 0.0000E+00 0.0000E+00 0.0000E+00 0.0000E+00 0.0000E+00 0.0000E+00 0.0000E+00
0.0000E+00 0.1918E-03 0.5996E-06 0.9153E-04 0.3486E-07 0.7945E-04 0.6606E-03 0.2392E-04 0.9105E-07 0.4533E-04 0.2319E-03 0.2677E-03 0.1890E-03 0.3704E-04 0.8170E-04 0.2136E-06 0.2696E-03 0.7280E-03 -.1483E-06 0.2427E-06 0.1928E-03 0.0000E+00
0.0000E+00 0.3048E-03 0.1150E-02 -.7367E-06 0.1359E-02 0.1573E-02 0.2408E-03 0.1730E-03 0.1874E-04 0.8192E-04 0.4984E-03 0.2007E-04 0.2149E-03 -.2877E-06 0.2678E-02 0.1228E-03 0.5297E-04 0.2728E-03 0.6838E-04 0.8023E-03 0.1156E-02 0.0000E+00
0.0000E+00 0.3809E-03 0.1116E-02 0.2469E-03 -.5987E-06 0.5407E-03 0.4055E-03 0.9580E-06 0.3282E-03 0.1261E-03 0.1042E-02 0.5151E-03 0.3716E-02 0.1284E-02 0.1932E-02 0.3097E-03 0.2998E-04 0.1207E-02 0.1533E-04 0.3437E-03 0.4160E-03 0.0000E+00
0.0000E+00 0.1678E-03 0.9389E-03 0.6987E-03 0.3471E-03 0.1650E-02 0.4793E-03 0.4694E-05 0.1699E-04 0.5855E-03 0.1228E-02 0.6523E-03 0.3464E-02 0.9278E-07 0.1066E-02 0.1279E-03 0.7201E-03 0.1039E-02 -.4349E-06 0.9382E-03 0.2005E-02 0.0000E+00
0.0000E+00 0.1097E-03 0.3943E-04 0.5493E-03 0.1820E-04 0.1603E-07 0.2835E-03 0.3371E-03 0.1863E-03 0.4264E-03 -.1536E-06 0.2124E-02 0.1465E-02 0.3044E-03 0.7923E-03 0.5797E-04 0.1882E-03 0.1912E-02 0.3471E-03 0.1687E-02 0.1897E-02 0.0000E+00
0.0000E+00 0.3968E-04 0.8032E-05 0.1333E-02 0.5880E-05 0.1483E-06 0.3011E-03 0.1155E-04 0.3351E-03 0.2888E-03 0.1296E-03 0.2378E-03 0.2275E-02 0.1086E-03 0.1310E-02 0.2437E-02 0.1677E-02 0.1708E-02 0.1853E-02 0.1434E-02 0.1265E-02 0.0000E+00
0.0000E+00 0.3604E-05 0.1033E-03 0.3537E-03 0.1474E-05 0.4666E-04 0.5193E-03 0.1528E-03 0.1448E-03 0.2980E-02 0.6234E-04 0.2946E-04 0.4615E-02 0.9163E-03 0.8799E-04 0.7902E-04 0.1779E-03 0.4594E-03 0.1694E-02 0.1465E-02 0.1409E-02 0.0000E+00
0.0000E+00 -.9227E-07 0.4540E-03 0.4420E-03 0.3387E-03 0.4788E-03 0.3084E-03 0.1543E-03 0.1198E-03 0.1150E-02 0.6790E-04 0.1011E-02 0.1812E-02 0.4754E-03 0.8698E-05 0.2474E-04 0.6742E-03 0.2506E-03 0.1314E-03 0.4992E-07 0.1001E-02 0.0000E+00
0.0000E+00 0.2296E-04 0.1450E-02 -.2281E-06 0.5007E-03 0.2541E-04 0.7107E-03 0.2945E-03 0.2798E-03 0.8979E-03 0.1615E-02 0.2761E-02 0.4284E-02 0.7117E-03 0.7654E-05 0.4778E-05 0.7983E-03 0.2814E-02 0.2075E-03 0.4278E-05 0.1179E-02 0.0000E+00
0.0000E+00 0.2995E-05 0.8523E-03 0.1455E-02 -.5845E-06 0.4834E-03 0.1711E-03 0.5012E-06 0.1878E-06 -.3115E-06 0.1246E-02 0.3569E-02 0.2183E-02 0.6179E-07 -.1948E-06 0.1324E-03 0.2115E-03 0.1332E-02 0.7885E-04 0.5229E-05 0.7171E-03 0.0000E+00
0.0000E+00 0.4587E-03 0.9395E-03 0.9278E-03 0.8141E-04 0.1892E-03 0.3393E-03 0.2097E-03 0.3357E-03 0.3543E-03 0.2147E-03 0.2093E-02 0.1637E-02 0.5939E-03 0.7999E-04 0.2723E-03 0.1155E-03 0.6550E-03 0.4457E-04 0.3723E-04 0.1806E-02 0.0000E+00
0.0000E+00 0.2528E-03 0.8779E-04 0.1932E-02 0.9092E-03 0.2422E-02 0.9398E-04 0.9360E-03 0.2040E-02 -.1238E-06 0.4117E-04 0.1229E-02 0.2822E-04 0.8487E-04 0.1361E-03 0.8601E-04 0.2884E-03 0.8946E-03 -.2760E-06 0.2863E-03 0.1041E-02 0.0000E+00
0.0000E+00 0.1391E-02 0.8936E-03 0.1996E-02 0.2737E-03 0.1176E-02 0.1259E-02 0.6174E-03 0.4216E-03 0.5589E-03 0.1488E-03 0.1347E-02 0.1308E-03 0.5485E-04 0.9335E-05 0.9994E-04 0.6298E-03 0.1166E-02 0.9104E-04 0.1931E-03 0.9967E-03 0.0000E+00
0.0000E+00 0.4298E-03 0.2293E-03 0.2392E-02 0.1100E-03 0.8397E-05 0.1993E-02 0.2375E-03 0.3474E-03 0.5869E-05 0.1183E-02 0.2279E-02 0.1766E-02 0.2620E-03 0.1840E-04 0.4096E-03 0.3949E-03 0.6448E-03 0.4680E-03 0.8924E-03 0.2580E-02 0.0000E+00
0.0000E+00 0.3004E-03 0.1224E-05 0.7146E-03 0.7529E-04 0.3985E-05 0.9109E-03 0.9577E-03 0.4963E-03 0.4612E-04 0.5237E-03 0.2918E-02 0.1039E-02 0.1290E-02 0.1858E-02 0.7183E-06 0.6733E-04 0.7552E-03 0.4618E-03 0.3427E-03 0.5860E-03 0.0000E+00
0.0000E+00 0.2287E-03 0.6390E-04 0.5025E-03 0.1098E-02 0.1785E-05 0.1807E-02 0.2231E-03 0.1891E-03 0.6205E-03 0.7206E-03 0.1508E-02 0.5883E-03 0.6459E-03 0.6377E-03 -.6749E-06 0.1507E-03 0.4844E-03 0.7715E-03 0.9854E-03 0.7372E-03 0.0000E+00
0.0000E+00 0.1828E-03 0.8634E-04 0.5706E-03 0.1067E-02 -.1730E-06 0.1848E-02 0.6941E-03 0.1288E-05 0.4894E-03 0.9232E-03 0.1021E-02 0.5456E-03 0.4596E-03 0.1682E-03 0.3628E-03 0.6383E-03 0.7412E-03 0.4900E-03 0.1908E-02 0.2531E-02 0.0000E+00
0.0000E+00 0.8211E-05 0.1604E-05 0.2477E-03 0.1342E-02 0.1878E-03 0.9023E-03 0.2059E-03 0.8732E-03 0.2235E-03 0.4407E-03 0.2403E-02 0.6982E-03 0.6790E-03 0.1965E-03 0.9162E-03 0.7443E-03 0.7946E-04 0.2595E-02 0.8849E-03 0.9510E-03 0.0000E+00
0.0000E+00 0.7598E-04 0.3885E-03 -.4384E-06 0.8780E-03 0.3857E-03 0.2254E-02 0.7757E-04 0.5569E-03 0.3926E-04 0.5033E-04 0.1164E-02 0.4739E-03 0.4068E-03 0.7064E-03 0.6437E-03 0.2905E-03 0.5109E-03 0.3672E-03 0.8267E-03 0.1278E-02 0.0000E+00
0.0000E+00 -.1030E-07 -.4188E-07 -.1483E-06 0.2013E-02 0.5294E-03 0.2370E-03 0.1836E-03 0.5492E-03 0.2351E-04 0.4149E-03 0.2142E-02 0.8250E-03 0.1384E-03 0.5495E-03 0.7635E-03 0.3156E-03 0.5037E-03 0.4899E-04 0.3291E-03 0.2092E-02 0.0000E+00
0.0000E+00 -.2653E-07 -.2762E-08 0.1488E-03 0.1493E-02 0.5742E-04 0.2519E-03 0.1972E-03 0.2512E-03 0.5087E-04 0.2364E-03 0.1103E-02 0.3374E-03 0.2578E-03 0.7004E-03 0.2829E-03 0.6961E-03 0.4414E-03 0.8649E-05 0.8040E-03 0.7671E-03 0.0000E+00
0.0000E+00 -.1740E-06 0.4340E-03 0.6257E-04 0.3907E-03 0.2703E-03 0.5678E-03 0.3332E-03 0.6541E-04 0.6113E-04 0.4882E-03 0.5370E-03 -.1264E-06 0.1459E-06 0.9383E-03 0.2065E-03 0.2368E-03 0.3208E-02 0.9753E-04 0.7727E-03 0.4422E-03 0.0000E+00
0.0000E+00 0.1585E-03 0.2228E-03 0.2697E-04 0.2232E-03 0.6233E-03 0.8686E-04 0.1124E-03 0.2527E-03 0.1457E-06 0.1566E-03 0.4533E-03 0.3995E-04 0.8085E-04 0.2634E-03 0.1123E-04 0.8421E-03 0.9610E-03 0.1891E-03 0.4008E-03 0.2194E-03 0.0000E+00
0.0000E+00 0.2742E-02 0.3152E-03 0.1279E-02 0.4861E-03 0.3445E-03 0.1147E-03 0.1685E-02 0.4321E-04 0.4319E-03 0.4172E-03 0.1575E-02 0.4619E-03 0.5041E-04 0.8269E-04 0.6927E-04 0.1981E-03 0.9584E-03 0.7844E-04 0.7601E-03 0.7646E-04 0.0000E+00
0.0000E+00 0.6467E-03 0.1914E-02 0.7303E-05 0.7126E-03 0.8622E-07 0.1113E-03 0.4447E-02 0.4166E-03 0.2652E-03 0.1271E-02 0.2083E-03 0.7847E-04 0.5153E-04 0.1464E-03 0.3474E-03 0.4917E-03 0.8233E-03 0.4906E-03 0.3730E-03 0.1347E-02 0.0000E+00
0.0000E+00 0.1133E-07 0.2517E-03 0.4931E-03 0.2982E-03 0.4890E-04 0.8814E-03 0.1870E-02 0.3444E-04 0.2552E-02 0.3525E-03 0.5871E-03 0.1075E-02 0.1591E-02 0.8141E-03 0.6996E-03 0.7812E-03 0.1087E-02 0.4555E-03 0.4021E-03 0.1701E-02 0.0000E+00
0.0000E+00 0.2664E-06 0.1189E-03 0.2600E-02 0.1654E-03 0.8758E-04 0.2357E-02 0.1465E-02 0.1454E-04 0.3175E-02 0.3086E-03 0.2379E-03 0.1448E-02 0.3106E-02 0.4079E-03 0.2674E-02 0.7167E-03 0.3539E-03 0.1425E-03 0.1833E-03 0.6278E-03 0.0000E+00
0.0000E+00 0.1530E-04 0.3601E-03 0.2509E-02 0.1119E-03 0.1083E-02 0.1588E-02 0.8802E-03 0.2776E-03 0.1410E-02 0.1538E-02 0.1147E-02 0.3927E-03 0.1187E-02 0.2706E-03 0.4825E-03 0.2607E-03 0.9240E-04 0.1051E-02 0.1430E-03 0.3739E-03 0.0000E+00
0.0000E+00 0.7500E-04 0.4706E-03 0.1274E-02 0.1694E-04 0.1272E-02 0.8385E-03 0.1262E-02 0.8400E-04 0.5286E-02 0.2099E-02 0.2340E-02 0.1062E-02 0.7843E-03 0.8634E-05 0.5185E-03 0.1953E-03 0.3074E-03 0.4952E-03 0.1513E-02 0.2608E-02 0.0000E+00
0.0000E+00 0.4485E-04 0.1739E-04 0.2613E-02 0.1106E-03 0.2689E-02 0.5191E-03 0.7556E-03 0.8850E-04 0.1518E-02 0.1234E-02 0.1696E-02 0.2304E-02 0.7129E-03 0.4741E-03 0.1310E-02 0.4037E-02 0.2425E-02 0.1007E-02 0.7847E-03 0.9568E-03 0.0000E+00
0.0000E+00 0.3506E-06 0.6863E-06 0.1770E-02 0.1037E-03 0.1876E-02 0.7229E-03 0.3119E-03 0.1490E-04 0.9538E-03 0.1048E-02 0.5065E-03 0.1156E-02 0.2366E-02 0.2167E-03 0.1064E-02 0.1591E-02 0.1334E-02 0.2869E-03 0.2631E-03 0.5304E-03 0.0000E+00
0.0000E+00 0.1805E-03 0.6056E-06 0.9665E-03 0.4571E-04 0.1033E-02 0.3548E-03 0.1008E-02 0.1497E-02 0.3069E-03 0.7396E-03 0.6319E-03 0.9188E-03 0.6138E-03 0.2537E-03 0.2305E-03 0.1696E-03 0.1135E-02 0.2847E-03 0.1870E-03 0.3274E-03 0.0000E+00
0.0000E+00 -.8422E-07 0.7504E-04 0.2535E-02 0.3882E-02 0.2611E-02 0.4613E-03 0.7746E-03 0.4511E-03 0.9141E-03 0.1256E-02 0.1482E-03 0.5457E-03 0.1593E-02 0.9116E-03 0.5427E-03 0.9755E-03 0.6597E-03 0.8281E-04 0.7074E-04 0.2012E-02 0.0000E+00
0.0000E+00 0.2073E-04 0.1977E-04 0.3581E-02 0.1857E-02 0.1329E-02 0.7609E-03 0.4625E-03 0.3565E-03 0.2001E-02 0.6576E-03 0.1707E-02 0.1771E-02 0.3418E-02 0.1753E-02 0.2162E-02 0.2816E-03 0.1110E-02 0.7202E-03 0.1140E-02 0.2184E-02 0.0000E+00
0.0000E+00 0.3407E-03 -.3183E-06 0.3796E-02 0.1395E-02 0.2136E-02 0.1037E-02 0.1213E-02 0.8430E-03 0.3141E-02 0.2855E-02 0.5196E-02 0.5258E-03 0.1267E-02 0.1855E-02 0.1151E-02 0.3155E-03 0.1781E-02 0.4080E-02 0.2284E-02 0.5308E-03 0.0000E+00
0.0000E+00 0.6978E-03 0.9780E-07 0.3780E-02 0.1446E-02 0.4854E-06 0.5646E-03 0.4915E-03 0.2603E-03 0.4913E-03 0.3151E-02 0.5918E-03 0.5829E-02 0.2443E-02 0.2291E-02 0.1069E-02 0.2826E-03 0.5807E-03 0.1209E-02 0.1352E-02 0.6325E-04 0.0000E+00
0.0000E+00 0.3521E-02 0.3089E-06 0.2200E-02 0.8738E-03 0.2174E-03 0.7764E-03 0.1930E-03 0.2864E-06 0.3225E-03 0.9012E-03 0.1081E-02 0.2349E-02 0.3455E-03 0.1819E-02 0.5542E-03 0.6645E-03 0.7232E-03 0.2977E-02 0.4707E-02 0.7858E-04 0.0000E+00
0.0000E+00 -.3887E-06 0.4703E-02 0.1276E-02 0.4956E-03 0.3926E-03 0.3950E-02 0.7992E-04 0.7802E-04 0.6999E-04 0.1763E-04 0.2742E-02 0.3498E-02 0.4272E-02 0.9504E-03 0.1411E-02 0.1650E-02 0.5829E-02 0.7516E-02 0.8268E-02 0.2798E-03 0.0000E+00
0.0000E+00 0.4103E-04 0.3201E-02 0.2891E-02 0.3530E-03 0.2057E-02 0.1294E-02 0.2069E-02 0.1646E-07 0.1863E-03 0.2658E-03 0.1749E-02 0.3889E-02 0.1482E-02 0.1143E-02 0.4660E-03 0.2386E-02 0.1967E-02 0.3826E-02 0.3084E-02 0.1596E-03 0.0000E+00
0.0000E+00 0.3112E-04 0.1432E-02 0.2503E-02 0.5752E-03 0.2807E-02 0.1907E-02 0.5176E-02 0.1141E-02 0.1454E-02 0.6119E-03 0.4016E-02 0.1213E-01 0.2429E-02 0.3435E-02 0.1226E-02 0.3813E-02 0.5473E-02 0.7147E-02 0.3086E-02 0.2953E-03 0.0000E+00
0.0000E+00 0.9434E-05 0.8420E-05 0.7076E-02 0.4897E-03 0.6970E-02 0.1163E-02 0.9517E-02 0.1093E-01 0.1732E-06 0.4051E-03 0.3148E-02 0.6118E-02 0.1995E-02 0.3873E-02 0.3452E-03 0.1681E-02 0.2447E-02 0.1013E-01 0.5482E-02 0.2129E-03 0.0000E+00
0.0000E+00 0.1077E-02 0.1549E-02 0.8360E-02 0.9148E-02 0.1109E-01 0.9835E-03 0.6430E-02 0.9948E-02 0.3425E-02 0.8891E-03 0.1603E-02 0.1161E-01 0.1448E-03 0.3669E-02 0.1856E-02 0.2725E-02 0.5050E-02 0.7083E-02 0.2965E-02 0.4403E-03 0.0000E+00
0.0000E+00 0.4363E-03 0.7748E-02 0.3965E-02 0.4942E-02 0.6283E-02 0.6503E-03 0.4244E-02 0.6531E-02 0.2158E-02 0.1526E-01 0.5989E-02 0.1556E-01 0.2761E-03 0.2472E-02 0.7477E-02 0.1795E-01 0.1792E-02 0.7262E-02 0.1265E-01 0.3267E-03 0.0000E+00
0.0000E+00 0.1525E-02 0.4655E-02 0.3004E-02 0.2748E-02 0.1268E-01 0.1282E-02 0.5651E-02 0.4532E-02 0.9643E-02 0.1878E-01 0.5560E-02 0.1436E-01 0.4101E-03 0.2557E-02 0.1748E-02 0.8692E-02 0.2672E-02 0.3810E-02 0.7272E-02 0.9517E-03 0.0000E+00
0.0000E+00 0.1298E-01 0.2374E-02 0.2583E-02 0.8910E-02 0.1169E-01 0.1109E-01 0.5891E-02 0.3918E-02 0.1169E-01 0.1549E-01 0.2632E-02 0.1142E-01 0.3741E-02 0.5225E-02 0.5079E-02 0.7495E-02 0.2280E-02 0.4573E-02 0.7969E-02 0.3671E-06 0.0000E+00
0.0000E+00 0.1200E-01 0.1997E-02 0.5641E-02 0.5014E-02 0.7835E-02 0.9082E-02 0.3223E-02 0.6127E-02 0.6449E-02 0.9974E-02 0.3403E-02 0.8415E-02 0.2280E-02 0.1717E-02 0.4042E-02 0.1343E-01 0.2975E-02 0.4684E-02 0.4398E-02 0.1515E-03 0.0000E+00
0.0000E+00 0.5703E-02 0.1159E-06 0.5626E-02 0.3498E-02 0.5983E-02 0.1073E-01 0.2247E-02 0.3848E-02 0.1009E-01 0.6787E-02 0.1263E-02 0.7151E-02 0.1156E-02 0.2087E-02 0.2584E-02 0.9937E-02 0.1289E-02 0.1406E-02 0.2040E-02 0.1422E-03 0.0000E+00
0.0000E+00 0.4927E-02 0.8820E-05 0.3265E-02 0.1265E-01 0.9805E-02 0.8917E-02 0.5320E-02 0.3242E-02 0.9017E-02 0.5427E-02 0.4737E-03 0.4633E-02 0.1293E-02 0.1763E-02 0.3378E-02 0.6466E-02 0.7019E-03 0.9726E-03 0.1541E-02 0.3813E-07 0.0000E+00
0.0000E+00 0.4138E-02 0.1003E-06 0.2421E-02 0.1553E-01 0.2719E-01 0.1985E-07 0.7651E-02 0.4773E-02 0.1018E-01 0.3284E-06 0.2004E-02 0.1205E-01 0.7840E-02 0.3624E-02 0.1455E-02 0.4773E-02 0.4832E-03 0.5574E-03 0.1197E-02 0.1874E-03 0.0000E+00
0.0000E+00 0.3629E-02 0.1264E-02 0.1917E-02 0.1531E-01 0.1934E-01 -.7997E-07 0.3274E-02 0.3704E-02 0.2154E-01 0.5960E-03 0.3985E-02 0.5684E-02 0.5279E-02 0.3137E-02 0.4979E-02 0.1324E-01 0.3057E-02 0.2067E-03 0.7726E-03 0.1319E-04 0.0000E+00
0.0000E+00 0.3427E-02 0.8816E-03 0.3345E-02 0.1367E-01 0.1490E-01 0.6760E-04 0.1475E-02 0.1473E-02 0.1570E-01 0.2479E-03 0.3528E-03 0.9076E-02 0.3806E-02 0.1676E-02 0.1758E-02 0.5273E-02 0.3257E-02 0.2610E-03 0.7208E-03 0.2053E-02 0.0000E+00
0.0000E+00 0.3604E-02 0.1983E-02 0.8844E-02 0.1822E-01 0.1986E-01 0.3583E-03 0.2499E-02 0.1450E-02 0.1993E-01 -.4662E-06 0.9841E-03 0.1436E-01 0.3452E-02 0.4873E-03 0.2353E-02 0.6078E-02 0.2189E-02 0.6614E-03 0.1249E-04 0.1180E-02 0.0000E+00
0.0000E+00 0.3493E-02 0.7413E-03 0.2120E-02 0.9995E-02 0.1443E-01 0.4041E-02 0.3254E-02 0.6418E-02 0.1594E-01 0.3070E-06 0.5968E-03 0.7090E-02 0.4446E-02 0.3202E-03 0.1161E-02 0.4404E-02 0.7159E-02 0.6323E-03 0.3800E-03 0.8753E-03 0.0000E+00
0.0000E+00 0.2989E-02 0.9344E-03 0.2197E-02 0.7147E-02 0.1665E-01 0.1292E-01 0.3330E-02 0.5557E-02 0.1473E-01 0.2421E-05 0.5849E-03 0.4083E-02 0.2828E-02 0.1544E-03 0.6015E-03 0.4452E-02 0.7113E-02 0.3120E-02 0.6053E-03 0.1251E-02 0.0000E+00
0.0000E+00 0.1539E-02 0.2478E-02 0.1406E-02 0.5942E-02 0.9722E-02 0.1159E-01 0.3436E-02 0.1019E-01 0.1034E-01 0.1779E-02 0.2396E-02 0.7856E-02 0.3414E-02 0.2764E-02 0.4447E-04 0.6157E-02 0.7765E-02 0.2587E-02 -.3556E-07 0.4765E-02 0.0000E+00
0.0000E+00 0.1474E-02 0.7766E-03 0.3391E-02 0.5588E-02 0.1493E-01 0.8344E-02 0.3202E-02 0.1405E-01 0.1570E-01 0.8164E-03 0.1933E-02 0.4210E-02 0.2003E-02 0.1019E-02 0.1456E-03 0.3227E-03 0.2943E-02 0.1371E-02 -.4105E-06 0.9603E-03 0.0000E+00
0.0000E+00 0.3014E-03 0.1973E-02 0.2136E-02 0.1351E-01 0.1658E-01 0.5173E-02 0.1431E-02 0.1858E-01 0.1444E-01 0.7429E-03 0.4823E-02 0.7428E-02 0.2157E-02 0.2681E-02 0.7032E-03 0.1295E-03 0.1712E-02 0.2380E-02 0.7577E-03 0.6375E-03 0.0000E+00
0.0000E+00 0.4014E-02 0.9015E-03 0.9905E-03 0.9917E-02 0.9461E-02 0.4372E-02 0.8612E-03 0.8214E-02 0.8586E-02 0.6870E-03 0.3705E-02 0.3261E-02 0.4047E-02 0.1665E-02 0.1394E-03 0.7184E-03 0.6096E-03 0.3952E-02 0.1032E-02 0.2286E-02 0.0000E+00
0.0000E+00 0.3401E-02 0.1150E-03 0.7463E-03 0.4459E-02 0.1278E-01 0.3411E-02 0.2390E-02 0.6943E-02 0.8159E-02 0.4502E-03 0.1799E-02 0.4532E-02 0.3484E-02 0.5086E-03 0.4925E-03 0.5361E-03 0.9786E-05 0.4092E-02 0.2953E-03 0.6508E-04 0.0000E+00
0.0000E+00 0.1124E-02 0.3416E-06 0.2847E-03 0.2259E-06 0.9012E-02 0.2314E-02 0.3749E-02 0.8540E-02 0.3565E-02 0.2216E-03 0.7156E-03 0.1258E-02 0.8234E-03 0.2886E-03 0.1734E-03 0.5449E-03 0.6259E-05 0.1537E-02 0.1391E-03 0.8110E-07 0.0000E+00
0.0000E+00 0.0000E+00 0.0000E+00 0.0000E+00 0.0000E+00 0.0000E+00 0.0000E+00 0.0000E+00 0.0000E+00 0.0000E+00 0.0000E+00 0.0000E+00 0.0000E+00 0.0000E+00 0.0000E+00 0.0000E+00 0.0000E+00 0.0000E+00 0.0000E+00 0.0000E+00 0.0000E+00 0.0000E+00
