p2_rainB_highsm_dschg.asc
ncols     22
nrows     62
xllcorner      0.00000000
yllcorner      0.00000000
cellsize      0.50000000
nodata_value -9999
0.0000E+00 0.0000E+00 0.0000E+00 0.0000E+00 0.0000E+00 0.0000E+00 0.0000E+00 0.0000E+00 0.0000E+00 0.0000E+00 0.0000E+00 0.0000E+00 0.0000E+00 0.0000E+00 0.0000E+00 0.0000E+00 0.0000E+00 0.0000E+00 0.0000E+00 0.0000E+00 0.0000E+00 0.0000E+00
0.0000E+00 0.2000E-02 0.2202E-02 0.2016E-02 0.1850E-02 0.3630E-02 0.7057E-02 0.4147E-02 0.1835E-02 0.1869E-02 0.1837E-02 0.1837E-02 0.1925E-02 0.1809E-02 0.3583E-02 0.1845E-02 0.2007E-02 0.1888E-02 0.1845E-02 0.1870E-02 0.1892E-02 0.0000E+00
0.0000E+00 0.3774E-02 0.4280E-02 0.3803E-02 0.2116E-02 0.7617E-02 0.1040E-01 0.1846E-02 0.1845E-02 0.5495E-02 0.3699E-02 0.3637E-02 0.3856E-02 0.1841E-02 0.6502E-02 0.4710E-02 0.3879E-02 0.3646E-02 0.3631E-02 0.4793E-02 0.4247E-02 0.0000E+00
0.0000E+00 0.5847E-02 0.7028E-02 0.6467E-02 0.3885E-02 0.1056E-01 0.1270E-01 0.2117E-02 0.1956E-02 0.9174E-02 0.5504E-02 0.1133E-01 0.8462E-02 0.4916E-02 0.1371E-01 0.7200E-02 0.5567E-02 0.5521E-02 0.5454E-02 0.1249E-01 0.1839E-01 0.0000E+00
0.0000E+00 0.7578E-02 0.1151E-01 0.3852E-01 0.1945E-01 0.1435E-01 0.1551E-01 0.7702E-02 0.1833E-02 0.1099E-01 0.2314E-02 0.1638E-01 0.1192E-01 0.1812E-02 0.2570E-01 0.8919E-02 0.7772E-02 0.1618E-01 0.1818E-02 0.2342E-02 0.2014E-01 0.0000E+00
0.0000E+00 0.1063E-01 0.1230E-01 0.5173E-01 0.3239E-02 0.1778E-02 0.3105E-01 0.1030E-01 0.1860E-02 0.1268E-01 0.1821E-02 0.2035E-01 0.3361E-01 0.4746E-02 0.2872E-01 0.1900E-02 0.2028E-02 0.1867E-01 0.3676E-02 0.5069E-02 0.2226E-01 0.0000E+00
0.0000E+00 0.2203E-02 0.1787E-02 0.5920E-01 0.4709E-02 0.1862E-02 0.3470E-01 0.1834E-02 0.5497E-02 0.1433E-01 0.1937E-02 0.2350E-02 0.3789E-01 0.7127E-02 0.2995E-01 0.3326E-01 0.3707E-01 0.5694E-01 0.6270E-01 0.7742E-02 0.2432E-01 0.0000E+00
0.0000E+00 0.4227E-02 0.3545E-02 0.6347E-01 0.2321E-02 0.1846E-02 0.3567E-01 0.1831E-02 0.7190E-02 0.1622E-01 0.3848E-02 0.1943E-02 0.3939E-01 0.1105E-01 0.1846E-02 0.1830E-02 0.3764E-02 0.6241E-02 0.7167E-01 0.8157E-01 0.1077E+00 0.0000E+00
0.0000E+00 0.5991E-02 0.7046E-01 0.6616E-01 0.1934E-02 0.3662E-02 0.3665E-01 0.3587E-02 0.8867E-02 0.2705E-01 0.5631E-02 0.4855E-02 0.5405E-01 0.1271E-01 0.1820E-02 0.1799E-02 0.2208E-02 0.3946E-02 0.5929E-02 0.2407E-02 0.1117E+00 0.0000E+00
0.0000E+00 0.8143E-02 0.7126E-01 0.1838E-02 0.1837E-02 0.5372E-02 0.4308E-01 0.4765E-01 0.4861E-01 0.7765E-01 0.8534E-01 0.7774E-02 0.6401E-01 0.7413E-02 0.3551E-02 0.4521E-02 0.6293E-02 0.8572E-02 0.7887E-02 0.2174E-02 0.1157E+00 0.0000E+00
0.0000E+00 0.9760E-02 0.7209E-01 0.3898E-02 0.3631E-02 0.1879E-02 0.1834E-02 0.1791E-02 0.1822E-02 0.3587E-02 0.9114E-01 0.1015E+00 0.6498E-01 0.1834E-02 0.1818E-02 0.1834E-02 0.3681E-02 0.1446E-01 0.1120E-01 0.1812E-02 0.1162E+00 0.0000E+00
0.0000E+00 0.1134E-01 0.8461E-01 0.8943E-01 0.5384E-02 0.3679E-02 0.3645E-02 0.3589E-02 0.1844E-02 0.2244E-02 0.4308E-02 0.1790E+00 0.7178E-01 0.4744E-02 0.3642E-02 0.1855E-02 0.3625E-02 0.3230E-01 0.1272E-01 0.1815E-02 0.1168E+00 0.0000E+00
0.0000E+00 0.1850E-02 0.1836E-02 0.9108E-01 0.9715E-01 0.1023E+00 0.5516E-02 0.5959E-02 0.3887E-02 0.1849E-02 0.1885E-02 0.1865E+00 0.4022E-02 0.2262E-02 0.5379E-02 0.1834E-02 0.1852E-02 0.3379E-01 0.1818E-02 0.3569E-02 0.1173E+00 0.0000E+00
0.0000E+00 0.4034E-02 0.3887E-02 0.2353E-02 0.2012E-02 0.1032E+00 0.1272E+00 0.1752E-01 0.9446E-02 0.4064E-02 0.1831E-02 0.1889E+00 0.1841E-02 0.1818E-02 0.7036E-02 0.3572E-02 0.7144E-02 0.3491E-01 0.3576E-02 0.5280E-02 0.1178E+00 0.0000E+00
0.0000E+00 0.6331E-02 0.5597E-02 0.9618E-02 0.3781E-02 0.1809E-02 0.1280E+00 0.1875E-02 0.1852E-02 0.1851E-02 0.1921E-02 0.1894E+00 0.3692E-02 0.3605E-02 0.8697E-02 0.1869E-02 0.1065E-01 0.4655E-01 0.5296E-02 0.6977E-02 0.1184E+00 0.0000E+00
0.0000E+00 0.7919E-02 0.1960E-02 0.1409E-01 0.5746E-02 0.3559E-02 0.1322E+00 0.3759E-02 0.3669E-02 0.3610E-02 0.3713E-02 0.1899E+00 0.5679E-02 0.5583E-02 0.1038E-01 0.1839E-02 0.1827E-02 0.4759E-01 0.6992E-02 0.8703E-02 0.1188E+00 0.0000E+00
0.0000E+00 0.9488E-02 0.1926E-02 0.1649E-01 0.8251E-02 0.1832E-02 0.1328E+00 0.1050E-01 0.5319E-02 0.5362E-02 0.1104E-01 0.1904E+00 0.7644E-02 0.1906E-01 0.1203E-01 0.3629E-02 0.3608E-02 0.4864E-01 0.8673E-02 0.1033E-01 0.1193E+00 0.0000E+00
0.0000E+00 0.1108E-01 0.1493E-01 0.3279E-01 0.4271E-01 0.3649E-02 0.1370E+00 0.1200E-01 0.1829E-02 0.1940E-02 0.1468E-01 0.1908E+00 0.9402E-02 0.2219E-01 0.1829E-02 0.5475E-02 0.5669E-02 0.4983E-01 0.5982E-01 0.1212E-01 0.1198E+00 0.0000E+00
0.0000E+00 0.1999E-02 0.1823E-02 0.1904E-02 0.4489E-01 0.1955E-02 0.1397E+00 0.1353E-01 0.3652E-02 0.1823E-02 0.1647E-01 0.2078E+00 0.3468E-01 0.2400E-01 0.1839E-02 0.9148E-02 0.7402E-02 0.1822E-02 0.6112E-01 0.7403E-01 0.1202E+00 0.0000E+00
0.0000E+00 0.3750E-02 0.3706E-02 0.7261E-02 0.4625E-01 0.1918E-02 0.1403E+00 0.1532E-01 0.5388E-02 0.3565E-02 0.1851E-02 0.2100E+00 0.3593E-01 0.1901E-02 0.1849E-02 0.1090E-01 0.1320E-01 0.3655E-02 0.1903E-02 0.7681E-01 0.1977E+00 0.0000E+00
0.0000E+00 0.5467E-02 0.1825E-02 0.8895E-02 0.4751E-01 0.3861E-02 0.1407E+00 0.1567E+00 0.1290E-01 0.5299E-02 0.1948E-02 0.2124E+00 0.3718E-01 0.3689E-02 0.3679E-02 0.1272E-01 0.1509E-01 0.1888E-02 0.1871E-02 0.1831E-02 0.2001E+00 0.0000E+00
0.0000E+00 0.7155E-02 0.3606E-02 0.1058E-01 0.4875E-01 0.5498E-02 0.1880E-02 0.1570E+00 0.1686E-01 0.1831E-02 0.1839E-02 0.2127E+00 0.3834E-01 0.4315E-01 0.4802E-01 0.1443E-01 0.1657E-01 0.7866E-02 0.3664E-02 0.1882E-02 0.2005E+00 0.0000E+00
0.0000E+00 0.8806E-02 0.5344E-02 0.1217E-01 0.4975E-01 0.7117E-02 0.3711E-02 0.1573E+00 0.1825E-01 0.1832E-02 0.3597E-02 0.2130E+00 0.1827E-02 0.1832E-02 0.4930E-01 0.1603E-01 0.1800E-01 0.1015E-01 0.1988E-02 0.3676E-02 0.2016E+00 0.0000E+00
0.0000E+00 0.1063E-01 0.1757E-01 0.1368E-01 0.6438E-01 0.7360E-01 0.5595E-02 0.1779E+00 0.1962E-01 0.3611E-02 0.5294E-02 0.2133E+00 0.3622E-02 0.3606E-02 0.5063E-01 0.1740E-01 0.1968E-01 0.3121E-01 0.4028E-02 0.5403E-02 0.2020E+00 0.0000E+00
0.0000E+00 0.2111E-02 0.1911E-01 0.1925E-02 0.1938E-02 0.7556E-01 0.8343E-01 0.1791E+00 0.1853E-02 0.5432E-02 0.7098E-02 0.2138E+00 0.2176E+00 0.5417E-02 0.5152E-01 0.1874E-01 0.1870E-02 0.3476E-01 0.5749E-02 0.7220E-02 0.2022E+00 0.0000E+00
0.0000E+00 0.3868E-02 0.2113E-01 0.3711E-02 0.3919E-02 0.1850E-02 0.8413E-01 0.1795E+00 0.4355E-02 0.7473E-02 0.8767E-02 0.1847E-02 0.2176E+00 0.2230E+00 0.5230E-01 0.7185E-01 0.1882E-02 0.3628E-01 0.7814E-02 0.8887E-02 0.2029E+00 0.0000E+00
0.0000E+00 0.5592E-02 0.2942E-01 0.6072E-02 0.1028E-01 0.4325E-02 0.8507E-01 0.1800E+00 0.6148E-02 0.9988E-02 0.1046E-01 0.4372E-02 0.2224E-02 0.2231E+00 0.1843E-02 0.7279E-01 0.4092E-02 0.3849E-01 0.1010E-01 0.1115E-01 0.2046E+00 0.0000E+00
0.0000E+00 0.2238E-02 0.3338E-01 0.4114E-01 0.1184E-01 0.1838E-02 0.8614E-01 0.1812E+00 0.7764E-02 0.1228E-01 0.1209E-01 0.6234E-02 0.4042E-02 0.2236E+00 0.3636E-02 0.7425E-01 0.6241E-02 0.3974E-01 0.1171E-01 0.1321E-01 0.2187E+00 0.0000E+00
0.0000E+00 0.1845E-02 0.1901E-02 0.4259E-01 0.1341E-01 0.3854E-02 0.8722E-01 0.1815E+00 0.9472E-02 0.1393E-01 0.1367E-01 0.8435E-02 0.5745E-02 0.2241E+00 0.5506E-02 0.8049E-01 0.8212E-02 0.4094E-01 0.1333E-01 0.1809E-02 0.2189E+00 0.0000E+00
0.0000E+00 0.3637E-02 0.3719E-02 0.6400E-01 0.1518E-01 0.6393E-02 0.8825E-01 0.1818E+00 0.1105E-01 0.1618E-01 0.1545E-01 0.1008E-01 0.7556E-02 0.2242E+00 0.1829E-02 0.8132E-01 0.9739E-02 0.4192E-01 0.1480E-01 0.4030E-02 0.2191E+00 0.0000E+00
0.0000E+00 0.5457E-02 0.7109E-02 0.6579E-01 0.1835E-02 0.9394E-02 0.8893E-01 0.1820E+00 0.1261E-01 0.3015E-01 0.1786E-01 0.1195E-01 0.9541E-02 0.2243E+00 0.3608E-02 0.8196E-01 0.1137E-01 0.4308E-01 0.1625E-01 0.5778E-02 0.2198E+00 0.0000E+00
0.0000E+00 0.1899E-02 0.8765E-02 0.6787E-01 0.3610E-02 0.1160E-01 0.8962E-01 0.1822E+00 0.1823E-02 0.3166E-01 0.5092E-01 0.1343E-01 0.2448E-01 0.2305E+00 0.5378E-02 0.8277E-01 0.1305E-01 0.5701E-01 0.1791E-01 0.7418E-02 0.2214E+00 0.0000E+00
0.0000E+00 0.3781E-02 0.1036E-01 0.6930E-01 0.5308E-02 0.1336E-01 0.9026E-01 0.1824E+00 0.3620E-02 0.1842E-02 0.5205E-01 0.1851E-02 0.2593E-01 0.2331E+00 0.1876E-02 0.8344E-01 0.8433E-01 0.5792E-01 0.1956E-01 0.9175E-02 0.2216E+00 0.0000E+00
0.0000E+00 0.5542E-02 0.1210E-01 0.7059E-01 0.8218E-02 0.1555E-01 0.9093E-01 0.1833E+00 0.5424E-02 0.4000E-02 0.5315E-01 0.3592E-02 0.2798E-01 0.2357E+00 0.1865E-02 0.1886E-02 0.8532E-01 0.5929E-01 0.2089E-01 0.1085E-01 0.2222E+00 0.0000E+00
0.0000E+00 0.7652E-02 0.1386E-01 0.7558E-01 0.1037E-01 0.1753E-01 0.9163E-01 0.1837E+00 0.7454E-02 0.6586E-02 0.5432E-01 0.5570E-02 0.2942E-01 0.2361E+00 0.1848E-02 0.3972E-02 0.8651E-01 0.6126E-01 0.8295E-01 0.1343E-01 0.2232E+00 0.0000E+00
0.0000E+00 0.2575E-01 0.1537E-01 0.7672E-01 0.1196E-01 0.2050E-01 0.1158E+00 0.1843E+00 0.9177E-02 0.8844E-02 0.5565E-01 0.7809E-02 0.3073E-01 0.2361E+00 0.4556E-02 0.7111E-02 0.8714E-01 0.2445E-02 0.8655E-01 0.2426E+00 0.2247E+00 0.0000E+00
0.0000E+00 0.2766E-01 0.1892E-02 0.7784E-01 0.1378E-01 0.1985E-02 0.1183E+00 0.1952E+00 0.1078E-01 0.1025E-01 0.5910E-01 0.9866E-02 0.2714E+00 0.2368E+00 0.7642E-02 0.9664E-02 0.8795E-01 0.4927E-02 0.9439E-01 0.2440E+00 0.1947E-02 0.0000E+00
0.0000E+00 0.2920E-01 0.3747E-02 0.7875E-01 0.1534E-01 0.2115E-02 0.1189E+00 0.1972E+00 0.1831E-02 0.1173E-01 0.7234E-01 0.8665E-01 0.2718E+00 0.2256E-02 0.1029E-01 0.1171E-01 0.9063E-01 0.2572E-02 0.9603E-01 0.2458E+00 0.4062E-02 0.0000E+00
0.0000E+00 0.0000E+00 0.8019E-02 0.7957E-01 0.1753E-01 0.4638E-02 0.1211E+00 0.1973E+00 0.1839E-02 0.1832E-02 0.1791E-02 0.9300E-01 0.2851E+00 0.7617E-02 0.1182E-01 0.1339E-01 0.9207E-01 0.5687E-02 0.9817E-01 0.2472E+00 0.5821E-02 0.0000E+00
0.0000E+00 0.1871E-02 0.1398E-01 0.8377E-01 0.1895E-01 0.6389E-02 0.1216E+00 0.2004E+00 0.3623E-02 0.3630E-02 0.1891E-02 0.9365E-01 0.2847E+00 0.1969E-02 0.1352E-01 0.1481E-01 0.9499E-01 0.8137E-02 0.9936E-01 0.2472E+00 0.7498E-02 0.0000E+00
0.0000E+00 0.1842E-02 0.1524E-01 0.1020E+00 0.2043E-01 0.9011E-02 0.1245E+00 0.2049E+00 0.6844E-02 0.7023E-02 0.4879E-02 0.9559E-01 0.2860E+00 0.4363E-02 0.1537E-01 0.1643E-01 0.9642E-01 0.1029E-01 0.1003E+00 0.2473E+00 0.9351E-02 0.0000E+00
0.0000E+00 0.3561E-02 0.1841E-02 0.1029E+00 0.2188E-01 0.1386E-01 0.1251E+00 0.2076E+00 0.1206E-01 0.8658E-02 0.6873E-02 0.9792E-01 0.2949E+00 0.6164E-02 0.1707E-01 0.1787E-01 0.9703E-01 0.1202E-01 0.1025E+00 0.2473E+00 0.1142E-01 0.0000E+00
0.0000E+00 0.5322E-02 0.4303E-02 0.1038E+00 0.2580E-01 0.1731E-01 0.1256E+00 0.2077E+00 0.1562E-01 0.1252E-01 0.8508E-02 0.9862E-01 0.2976E+00 0.1873E-02 0.1897E-01 0.1969E-01 0.9865E-01 0.1409E-01 0.1041E+00 0.2604E+00 0.1301E-01 0.0000E+00
0.0000E+00 0.7040E-02 0.8094E-02 0.1063E+00 0.3006E-01 0.2041E-01 0.1261E+00 0.2089E+00 0.1854E-01 0.1499E-01 0.1414E-01 0.9949E-01 0.2996E+00 0.3660E-02 0.2101E-01 0.2243E-01 0.1018E+00 0.1562E-01 0.1049E+00 0.2632E+00 0.1912E-02 0.0000E+00
0.0000E+00 0.9327E-02 0.1175E-01 0.1070E+00 0.3117E-01 0.2549E-01 0.1282E+00 0.2091E+00 0.1983E-01 0.1983E-01 0.1867E-01 0.1005E+00 0.2999E+00 0.5440E-02 0.2364E-01 0.2400E-01 0.1047E+00 0.1843E-01 0.1057E+00 0.2659E+00 0.2094E-02 0.0000E+00
0.0000E+00 0.1319E-01 0.1314E-01 0.1077E+00 0.3560E-01 0.3000E-01 0.1328E+00 0.2105E+00 0.2106E-01 0.2517E-01 0.2400E-01 0.1014E+00 0.2998E+00 0.7891E-02 0.2506E-01 0.2646E-01 0.1081E+00 0.1983E-01 0.1075E+00 0.2665E+00 0.1913E-02 0.0000E+00
0.0000E+00 0.3073E-01 0.1540E-01 0.1105E+00 0.3796E-01 0.3213E-01 0.1378E+00 0.2132E+00 0.2433E-01 0.2783E-01 0.2648E-01 0.1033E+00 0.2997E+00 0.9868E-02 0.2640E-01 0.2776E-01 0.1091E+00 0.2146E-01 0.1092E+00 0.2668E+00 0.3710E-02 0.0000E+00
0.0000E+00 0.3202E-01 0.1844E-02 0.1114E+00 0.3910E-01 0.3330E-01 0.1426E+00 0.2132E+00 0.2590E-01 0.3236E-01 0.2759E-01 0.1039E+00 0.2997E+00 0.1147E-01 0.2773E-01 0.2907E-01 0.1097E+00 0.2287E-01 0.1098E+00 0.2665E+00 0.5448E-02 0.0000E+00
0.0000E+00 0.3746E-01 0.4007E-02 0.1127E+00 0.4440E-01 0.1796E+00 0.1451E+00 0.2132E+00 0.2716E-01 0.6330E-01 0.2935E-01 0.1044E+00 0.2994E+00 0.1307E-01 0.2910E-01 0.3110E-01 0.1108E+00 0.2423E-01 0.1103E+00 0.2663E+00 0.7172E-02 0.0000E+00
0.0000E+00 0.3896E-01 0.1852E-02 0.1135E+00 0.4589E-01 0.1804E+00 0.1845E-02 0.2132E+00 0.2839E-01 0.6461E-01 0.1808E-02 0.1052E+00 0.2997E+00 0.1500E-01 0.3040E-01 0.3233E-01 0.1111E+00 0.2559E-01 0.1109E+00 0.2661E+00 0.8878E-02 0.0000E+00
0.0000E+00 0.4034E-01 0.4576E-02 0.1152E+00 0.4995E-01 0.1814E+00 0.3618E-02 0.2135E+00 0.2993E-01 0.6564E-01 0.3659E-02 0.1058E+00 0.4050E+00 0.1702E-01 0.3185E-01 0.3375E-01 0.1121E+00 0.2706E-01 0.1114E+00 0.2659E+00 0.1058E-01 0.0000E+00
0.0000E+00 0.4161E-01 0.6271E-02 0.1169E+00 0.5384E-01 0.1819E+00 0.5364E-02 0.2134E+00 0.3115E-01 0.6679E-01 0.5431E-02 0.1848E-02 0.4055E+00 0.1963E-01 0.3405E-01 0.3495E-01 0.1124E+00 0.2897E-01 0.1120E+00 0.2658E+00 0.1290E-01 0.0000E+00
0.0000E+00 0.4433E-01 0.8767E-02 0.1204E+00 0.5727E-01 0.1827E+00 0.7106E-02 0.2136E+00 0.3258E-01 0.6802E-01 0.7142E-02 0.4056E-02 0.4069E+00 0.2136E-01 0.3532E-01 0.3618E-01 0.1128E+00 0.3032E-01 0.1129E+00 0.2656E+00 0.1471E-01 0.0000E+00
0.0000E+00 0.4615E-01 0.1101E-01 0.1225E+00 0.6138E-01 0.1840E+00 0.1099E-01 0.2142E+00 0.3624E-01 0.6911E-01 0.8881E-02 0.5795E-02 0.4067E+00 0.2294E-01 0.3661E-01 0.3749E-01 0.1134E+00 0.3241E-01 0.1135E+00 0.2658E+00 0.1664E-01 0.0000E+00
0.0000E+00 0.4964E-01 0.1255E-01 0.1230E+00 0.6217E-01 0.1856E+00 0.1444E-01 0.2156E+00 0.3951E-01 0.7043E-01 0.1089E-01 0.7513E-02 0.4064E+00 0.2440E-01 0.3779E-01 0.3863E-01 0.1530E+00 0.3473E-01 0.1148E+00 0.2657E+00 0.1889E-01 0.0000E+00
0.0000E+00 0.5083E-01 0.1719E-01 0.1235E+00 0.6298E-01 0.1857E+00 0.1763E-01 0.2165E+00 0.4410E-01 0.7168E-01 0.1378E-01 0.9538E-02 0.4063E+00 0.2581E-01 0.3970E-01 0.1858E-02 0.1536E+00 0.1902E+00 0.1155E+00 0.2655E+00 0.2065E-01 0.0000E+00
0.0000E+00 0.5215E-01 0.1842E-01 0.1243E+00 0.6381E-01 0.1876E+00 0.2058E-01 0.2180E+00 0.4878E-01 0.7331E-01 0.1566E-01 0.1167E-01 0.4059E+00 0.2769E-01 0.4120E-01 0.3770E-02 0.1915E-02 0.1924E+00 0.1160E+00 0.2651E+00 0.2212E-01 0.0000E+00
0.0000E+00 0.5351E-01 0.1983E-01 0.1249E+00 0.6516E-01 0.1904E+00 0.2186E-01 0.2179E+00 0.4984E-01 0.7477E-01 0.1722E-01 0.1354E-01 0.4058E+00 0.2908E-01 0.4233E-01 0.5683E-02 0.1903E-02 0.1926E+00 0.3086E+00 0.2648E+00 0.2350E-01 0.0000E+00
0.0000E+00 0.5486E-01 0.2123E-01 0.1253E+00 0.6647E-01 0.1909E+00 0.2312E-01 0.2177E+00 0.5082E-01 0.7617E-01 0.1908E-01 0.1514E-01 0.4054E+00 0.3046E-01 0.4347E-01 0.7384E-02 0.3743E-02 0.1882E-02 0.3087E+00 0.2646E+00 0.2525E-01 0.0000E+00
0.0000E+00 0.5603E-01 0.2223E-01 0.1480E+00 0.6725E-01 0.2595E+00 0.2444E-01 0.2176E+00 0.5181E-01 0.7825E-01 0.2063E-01 0.1670E-01 0.4050E+00 0.3179E-01 0.4451E-01 0.9138E-02 0.5498E-02 0.3690E-02 0.3090E+00 0.2906E+00 0.2654E-01 0.0000E+00
0.0000E+00 0.5876E-01 0.1842E-02 0.1484E+00 0.1825E-02 0.2621E+00 0.2571E-01 0.2431E+00 0.2946E+00 0.7910E-01 0.2220E-01 0.1818E-01 0.4044E+00 0.7860E-01 0.4592E-01 0.1077E-01 0.1789E-01 0.5393E-02 0.3089E+00 0.2921E+00 0.1815E-02 0.0000E+00
0.0000E+00 0.0000E+00 0.0000E+00 0.0000E+00 0.0000E+00 0.0000E+00 0.0000E+00 0.0000E+00 0.0000E+00 0.0000E+00 0.0000E+00 0.0000E+00 0.0000E+00 0.0000E+00 0.0000E+00 0.0000E+00 0.0000E+00 0.0000E+00 0.0000E+00 0.0000E+00 0.0000E+00 0.0000E+00
