p2_rainC_highsm_dschg.asc
ncols     22
nrows     62
xllcorner      0.00000000
yllcorner      0.00000000
cellsize      0.50000000
nodata_value -9999
0.0000E+00 0.0000E+00 0.0000E+00 0.0000E+00 0.0000E+00 0.0000E+00 0.0000E+00 0.0000E+00 0.0000E+00 0.0000E+00 0.0000E+00 0.0000E+00 0.0000E+00 0.0000E+00 0.0000E+00 0.0000E+00 0.0000E+00 0.0000E+00 0.0000E+00 0.0000E+00 0.0000E+00 0.0000E+00
0.0000E+00 0.8196E-03 0.9488E-03 0.8430E-03 0.7324E-03 0.1397E-02 0.2915E-02 0.1660E-02 0.7203E-03 0.7460E-03 0.7216E-03 0.7216E-03 0.7773E-03 0.6946E-03 0.1354E-02 0.7290E-03 0.8393E-03 0.7590E-03 0.7293E-03 0.7478E-03 0.7634E-03 0.0000E+00
0.0000E+00 0.1489E-02 0.1810E-02 0.1524E-02 0.9151E-03 0.3287E-02 0.4027E-02 0.7305E-03 0.7286E-03 0.2125E-02 0.1436E-02 0.1403E-02 0.1531E-02 0.7254E-03 0.2657E-02 0.1962E-02 0.1482E-02 0.1387E-02 0.1376E-02 0.2064E-02 0.1779E-02 0.0000E+00
0.0000E+00 0.2306E-02 0.3000E-02 0.2687E-02 0.1570E-02 0.4504E-02 0.4881E-02 0.9149E-03 0.8011E-03 0.3425E-02 0.2091E-02 0.4329E-02 0.3755E-02 0.2129E-02 0.5668E-02 0.2944E-02 0.2003E-02 0.2080E-02 0.2030E-02 0.4915E-02 0.7028E-02 0.0000E+00
0.0000E+00 0.2855E-02 0.5149E-02 0.1561E-01 0.7849E-02 0.6251E-02 0.6002E-02 0.3327E-02 0.7060E-03 0.3981E-02 0.1017E-02 0.6404E-02 0.5335E-02 0.6969E-03 0.1036E-01 0.3442E-02 0.2848E-02 0.6117E-02 0.7019E-03 0.1030E-02 0.7440E-02 0.0000E+00
0.0000E+00 0.4130E-02 0.4496E-02 0.1990E-01 0.1438E-02 0.6649E-03 0.1243E-01 0.4300E-02 0.7396E-03 0.4442E-02 0.7023E-03 0.7776E-02 0.1320E-01 0.1997E-02 0.1157E-01 0.7613E-03 0.8467E-03 0.7052E-02 0.1415E-02 0.2225E-02 0.8084E-02 0.0000E+00
0.0000E+00 0.9406E-03 0.6721E-03 0.2276E-01 0.1844E-02 0.6811E-03 0.1349E-01 0.7188E-03 0.2110E-02 0.4854E-02 0.7813E-03 0.1012E-02 0.1471E-01 0.2886E-02 0.1161E-01 0.1254E-01 0.1379E-01 0.2086E-01 0.2286E-01 0.3346E-02 0.8700E-02 0.0000E+00
0.0000E+00 0.1762E-02 0.1310E-02 0.2415E-01 0.9993E-03 0.7166E-03 0.1336E-01 0.7157E-03 0.2661E-02 0.5429E-02 0.1528E-02 0.7963E-03 0.1495E-01 0.4315E-02 0.7167E-03 0.7145E-03 0.1462E-02 0.2497E-02 0.2636E-01 0.3029E-01 0.3924E-01 0.0000E+00
0.0000E+00 0.2365E-02 0.2553E-01 0.2457E-01 0.7776E-03 0.1403E-02 0.1325E-01 0.1354E-02 0.3162E-02 0.9151E-02 0.2165E-02 0.2096E-02 0.2020E-01 0.4768E-02 0.7058E-03 0.6839E-03 0.9491E-03 0.1594E-02 0.2289E-02 0.9439E-03 0.4036E-01 0.0000E+00
0.0000E+00 0.3134E-02 0.2523E-01 0.7229E-03 0.7217E-03 0.1984E-02 0.1517E-01 0.1642E-01 0.1630E-01 0.2599E-01 0.2875E-01 0.3372E-02 0.2419E-01 0.3101E-02 0.1292E-02 0.1760E-02 0.2341E-02 0.3249E-02 0.2945E-02 0.8725E-03 0.4155E-01 0.0000E+00
0.0000E+00 0.3453E-02 0.2495E-01 0.1583E-02 0.1401E-02 0.7519E-03 0.7186E-03 0.6777E-03 0.7066E-03 0.1355E-02 0.3078E-01 0.3507E-01 0.2404E-01 0.7184E-03 0.7034E-03 0.7187E-03 0.1428E-02 0.5481E-02 0.3964E-02 0.6978E-03 0.4093E-01 0.0000E+00
0.0000E+00 0.3773E-02 0.2866E-01 0.2998E-01 0.2034E-02 0.1440E-02 0.1414E-02 0.1362E-02 0.7284E-03 0.9731E-03 0.1809E-02 0.6352E-01 0.2659E-01 0.2017E-02 0.1393E-02 0.7319E-03 0.1387E-02 0.1135E-01 0.4259E-02 0.7006E-03 0.4045E-01 0.0000E+00
0.0000E+00 0.7348E-03 0.7199E-03 0.3024E-01 0.3188E-01 0.3346E-01 0.2117E-02 0.2358E-02 0.1572E-02 0.7317E-03 0.7501E-03 0.6592E-01 0.1517E-02 0.9489E-03 0.1999E-02 0.7183E-03 0.7309E-03 0.1160E-01 0.7033E-03 0.1337E-02 0.3988E-01 0.0000E+00
0.0000E+00 0.1657E-02 0.1566E-02 0.1053E-02 0.8397E-03 0.3322E-01 0.4169E-01 0.6514E-02 0.3513E-02 0.1654E-02 0.7134E-03 0.6606E-01 0.7203E-03 0.7032E-03 0.2485E-02 0.1336E-02 0.2634E-02 0.1159E-01 0.1344E-02 0.1917E-02 0.3931E-01 0.0000E+00
0.0000E+00 0.2540E-02 0.2154E-02 0.3749E-02 0.1497E-02 0.6946E-03 0.4140E-01 0.7468E-03 0.7310E-03 0.7313E-03 0.7854E-03 0.6551E-01 0.1440E-02 0.1376E-02 0.2942E-02 0.7404E-03 0.3794E-02 0.1527E-01 0.1938E-02 0.2478E-02 0.3877E-01 0.0000E+00
0.0000E+00 0.2987E-02 0.8071E-03 0.5463E-02 0.2195E-02 0.1312E-02 0.4231E-01 0.1479E-02 0.1412E-02 0.1374E-02 0.1465E-02 0.6492E-01 0.2208E-02 0.2160E-02 0.3448E-02 0.7242E-03 0.7121E-03 0.1522E-01 0.2494E-02 0.3009E-02 0.3815E-01 0.0000E+00
0.0000E+00 0.3411E-02 0.7843E-03 0.6304E-02 0.3210E-02 0.7171E-03 0.4199E-01 0.3538E-02 0.1908E-02 0.1988E-02 0.4128E-02 0.6430E-01 0.2891E-02 0.6318E-02 0.3914E-02 0.1400E-02 0.1378E-02 0.1516E-01 0.3032E-02 0.3484E-02 0.3759E-01 0.0000E+00
0.0000E+00 0.3826E-02 0.5135E-02 0.1157E-01 0.1513E-01 0.1333E-02 0.4296E-01 0.3835E-02 0.7140E-03 0.7930E-03 0.5391E-02 0.6367E-01 0.3423E-02 0.7100E-02 0.7083E-03 0.2076E-02 0.2200E-02 0.1521E-01 0.1835E-01 0.4049E-02 0.3707E-01 0.0000E+00
0.0000E+00 0.8116E-03 0.7068E-03 0.7678E-03 0.1581E-01 0.7986E-03 0.4352E-01 0.4192E-02 0.1416E-02 0.7081E-03 0.5817E-02 0.6892E-01 0.1104E-01 0.7545E-02 0.7202E-03 0.3424E-02 0.2797E-02 0.7063E-03 0.1848E-01 0.2229E-01 0.3648E-01 0.0000E+00
0.0000E+00 0.1458E-02 0.1435E-02 0.2699E-02 0.1597E-01 0.7830E-03 0.4323E-01 0.4682E-02 0.2031E-02 0.1331E-02 0.7281E-03 0.6896E-01 0.1110E-01 0.7643E-03 0.7332E-03 0.3989E-02 0.4861E-02 0.1405E-02 0.7661E-03 0.2291E-01 0.5896E-01 0.0000E+00
0.0000E+00 0.2051E-02 0.7102E-03 0.3166E-02 0.1604E-01 0.1554E-02 0.4276E-01 0.4710E-01 0.4795E-02 0.1926E-02 0.7928E-03 0.6912E-01 0.1118E-01 0.1440E-02 0.1438E-02 0.4573E-02 0.5378E-02 0.7590E-03 0.7427E-03 0.7157E-03 0.5918E-01 0.0000E+00
0.0000E+00 0.2598E-02 0.1376E-02 0.3656E-02 0.1611E-01 0.1934E-02 0.7422E-03 0.4661E-01 0.6192E-02 0.7157E-03 0.7242E-03 0.6839E-01 0.1119E-01 0.1262E-01 0.1413E-01 0.5031E-02 0.5653E-02 0.3101E-02 0.1414E-02 0.7543E-03 0.5858E-01 0.0000E+00
0.0000E+00 0.3091E-02 0.1993E-02 0.4066E-02 0.1602E-01 0.2411E-02 0.1447E-02 0.4615E-01 0.6314E-02 0.7171E-03 0.1364E-02 0.6764E-01 0.7121E-03 0.7170E-03 0.1428E-01 0.5419E-02 0.5879E-02 0.4008E-02 0.8288E-03 0.1424E-02 0.5845E-01 0.0000E+00
0.0000E+00 0.3662E-02 0.6002E-02 0.4361E-02 0.2025E-01 0.2328E-01 0.2125E-02 0.5249E-01 0.6441E-02 0.1380E-02 0.1922E-02 0.6694E-01 0.1394E-02 0.1375E-02 0.1448E-01 0.5560E-02 0.6272E-02 0.1044E-01 0.1656E-02 0.2016E-02 0.5786E-01 0.0000E+00
0.0000E+00 0.9097E-03 0.6347E-02 0.7881E-03 0.7928E-03 0.2380E-01 0.2657E-01 0.5254E-01 0.7376E-03 0.2045E-02 0.2536E-02 0.6630E-01 0.6690E-01 0.1974E-02 0.1439E-01 0.5675E-02 0.7443E-03 0.1156E-01 0.2252E-02 0.2635E-02 0.5720E-01 0.0000E+00
0.0000E+00 0.1551E-02 0.6984E-02 0.1462E-02 0.1598E-02 0.7348E-03 0.2623E-01 0.5210E-01 0.1831E-02 0.2804E-02 0.3065E-02 0.7267E-03 0.6583E-01 0.6675E-01 0.1427E-01 0.1987E-01 0.7533E-03 0.1182E-01 0.3032E-02 0.3157E-02 0.5688E-01 0.0000E+00
0.0000E+00 0.2153E-02 0.1014E-01 0.2438E-02 0.4063E-02 0.1778E-02 0.2607E-01 0.5169E-01 0.2483E-02 0.3830E-02 0.3552E-02 0.1816E-02 0.9684E-03 0.6586E-01 0.7276E-03 0.1990E-01 0.1668E-02 0.1256E-01 0.3881E-02 0.3983E-02 0.5717E-01 0.0000E+00
0.0000E+00 0.8560E-03 0.1137E-01 0.1420E-01 0.4475E-02 0.7229E-03 0.2603E-01 0.5181E-01 0.2958E-02 0.4703E-02 0.3993E-02 0.2504E-02 0.1676E-02 0.6522E-01 0.1407E-02 0.2025E-01 0.2520E-02 0.1266E-01 0.4218E-02 0.4622E-02 0.6156E-01 0.0000E+00
0.0000E+00 0.7297E-03 0.7704E-03 0.1444E-01 0.4896E-02 0.1552E-02 0.2600E-01 0.5132E-01 0.3466E-02 0.5166E-02 0.4408E-02 0.3365E-02 0.2215E-02 0.6458E-01 0.2083E-02 0.2216E-01 0.3159E-02 0.1270E-01 0.4595E-02 0.6946E-03 0.6097E-01 0.0000E+00
0.0000E+00 0.1406E-02 0.1468E-02 0.2220E-01 0.5411E-02 0.2648E-02 0.2596E-01 0.5081E-01 0.3875E-02 0.5995E-02 0.4956E-02 0.3870E-02 0.2838E-02 0.6372E-01 0.7135E-03 0.2208E-01 0.3531E-02 0.1265E-01 0.4879E-02 0.1629E-02 0.6035E-01 0.0000E+00
0.0000E+00 0.2048E-02 0.2544E-02 0.2265E-01 0.7203E-03 0.3959E-02 0.2572E-01 0.5024E-01 0.4269E-02 0.1044E-01 0.5856E-02 0.4493E-02 0.3552E-02 0.6288E-01 0.1378E-02 0.2191E-01 0.3991E-02 0.1272E-01 0.5174E-02 0.2260E-02 0.6010E-01 0.0000E+00
0.0000E+00 0.7690E-03 0.3048E-02 0.2328E-01 0.1379E-02 0.4793E-02 0.2551E-01 0.4971E-01 0.7078E-03 0.1067E-01 0.1670E-01 0.4803E-02 0.8629E-02 0.6451E-01 0.2009E-02 0.2187E-01 0.4452E-02 0.1704E-01 0.5546E-02 0.2752E-02 0.6043E-01 0.0000E+00
0.0000E+00 0.1509E-02 0.3473E-02 0.2348E-01 0.1939E-02 0.5300E-02 0.2529E-01 0.4917E-01 0.1392E-02 0.7264E-03 0.1669E-01 0.7303E-03 0.8856E-02 0.6475E-01 0.7466E-03 0.2176E-01 0.2180E-01 0.1697E-01 0.5916E-02 0.3271E-02 0.5992E-01 0.0000E+00
0.0000E+00 0.2138E-02 0.4003E-02 0.2360E-01 0.3219E-02 0.6078E-02 0.2511E-01 0.4907E-01 0.2057E-02 0.1635E-02 0.1667E-01 0.1353E-02 0.9458E-02 0.6507E-01 0.7427E-03 0.7594E-03 0.2192E-01 0.1717E-01 0.6090E-02 0.3753E-02 0.5964E-01 0.0000E+00
0.0000E+00 0.2969E-02 0.4483E-02 0.2598E-01 0.4014E-02 0.6715E-02 0.2500E-01 0.4865E-01 0.2807E-02 0.2746E-02 0.1668E-01 0.2117E-02 0.9636E-02 0.6440E-01 0.7323E-03 0.1634E-02 0.2217E-01 0.1777E-01 0.2374E-01 0.4785E-02 0.5964E-01 0.0000E+00
0.0000E+00 0.8865E-02 0.4818E-02 0.2606E-01 0.4463E-02 0.7940E-02 0.3462E-01 0.4839E-01 0.3371E-02 0.3662E-02 0.1681E-01 0.3038E-02 0.9712E-02 0.6347E-01 0.1945E-02 0.3039E-02 0.2211E-01 0.1102E-02 0.2537E-01 0.6676E-01 0.5990E-01 0.0000E+00
0.0000E+00 0.9398E-02 0.7606E-03 0.2606E-01 0.5038E-02 0.8084E-03 0.3527E-01 0.5165E-01 0.3810E-02 0.3883E-02 0.1831E-01 0.3806E-02 0.7441E-01 0.6311E-01 0.3325E-02 0.4089E-02 0.2218E-01 0.2132E-02 0.2867E-01 0.6700E-01 0.7918E-03 0.0000E+00
0.0000E+00 0.9691E-02 0.1485E-02 0.2593E-01 0.5443E-02 0.9105E-03 0.3513E-01 0.5180E-01 0.7157E-03 0.4193E-02 0.2270E-01 0.2855E-01 0.7390E-01 0.9902E-03 0.4417E-02 0.4764E-02 0.2335E-01 0.1151E-02 0.2906E-01 0.6746E-01 0.1636E-02 0.0000E+00
0.0000E+00 0.0000E+00 0.3533E-02 0.2574E-01 0.6181E-02 0.1987E-02 0.3598E-01 0.5123E-01 0.7242E-03 0.7173E-03 0.6777E-03 0.3134E-01 0.8022E-01 0.3630E-02 0.4801E-02 0.5211E-02 0.2380E-01 0.2580E-02 0.2977E-01 0.6772E-01 0.2256E-02 0.0000E+00
0.0000E+00 0.7443E-03 0.6211E-02 0.2766E-01 0.6431E-02 0.2616E-02 0.3584E-01 0.5258E-01 0.1392E-02 0.1401E-02 0.7642E-03 0.3103E-01 0.7941E-01 0.8151E-03 0.5291E-02 0.5487E-02 0.2512E-01 0.3563E-02 0.2989E-01 0.6707E-01 0.2808E-02 0.0000E+00
0.0000E+00 0.7265E-03 0.6400E-02 0.3525E-01 0.6723E-02 0.3729E-02 0.3711E-01 0.5468E-01 0.2864E-02 0.2980E-02 0.2116E-02 0.3152E-01 0.7952E-01 0.1851E-02 0.5861E-02 0.5890E-02 0.2556E-01 0.4390E-02 0.2988E-01 0.6644E-01 0.3432E-02 0.0000E+00
0.0000E+00 0.1321E-02 0.7254E-03 0.3512E-01 0.6997E-02 0.6081E-02 0.3698E-01 0.5579E-01 0.5420E-02 0.3548E-02 0.2878E-02 0.3225E-01 0.8311E-01 0.2508E-02 0.6336E-02 0.6179E-02 0.2554E-01 0.4953E-02 0.3065E-01 0.6587E-01 0.4119E-02 0.0000E+00
0.0000E+00 0.1954E-02 0.1811E-02 0.3492E-01 0.8842E-02 0.7663E-02 0.3682E-01 0.5520E-01 0.7073E-02 0.5373E-02 0.3425E-02 0.3196E-01 0.8410E-01 0.7485E-03 0.6927E-02 0.6706E-02 0.2612E-01 0.5697E-02 0.3105E-01 0.6980E-01 0.4529E-02 0.0000E+00
0.0000E+00 0.2546E-02 0.3619E-02 0.3582E-01 0.1086E-01 0.8979E-02 0.3666E-01 0.5529E-01 0.8294E-02 0.6357E-02 0.6210E-02 0.3179E-01 0.8474E-01 0.1422E-02 0.7592E-02 0.7803E-02 0.2760E-01 0.6103E-02 0.3101E-01 0.7056E-01 0.7786E-03 0.0000E+00
0.0000E+00 0.3467E-02 0.5296E-02 0.3556E-01 0.1093E-01 0.1145E-01 0.3747E-01 0.5477E-01 0.8474E-02 0.8701E-02 0.8395E-02 0.3176E-01 0.8433E-01 0.2077E-02 0.8601E-02 0.8119E-02 0.2893E-01 0.7245E-02 0.3094E-01 0.7123E-01 0.9006E-03 0.0000E+00
0.0000E+00 0.5296E-02 0.5646E-02 0.3528E-01 0.1304E-01 0.1361E-01 0.3967E-01 0.5507E-01 0.8648E-02 0.1132E-01 0.1101E-01 0.3165E-01 0.8367E-01 0.3121E-02 0.8845E-02 0.9034E-02 0.3055E-01 0.7515E-02 0.3149E-01 0.7104E-01 0.7784E-03 0.0000E+00
0.0000E+00 0.1250E-01 0.6470E-02 0.3634E-01 0.1392E-01 0.1435E-01 0.4207E-01 0.5611E-01 0.1007E-01 0.1243E-01 0.1201E-01 0.3215E-01 0.8304E-01 0.3836E-02 0.9032E-02 0.9171E-02 0.3070E-01 0.7921E-02 0.3206E-01 0.7060E-01 0.1464E-02 0.0000E+00
0.0000E+00 0.1267E-01 0.7284E-03 0.3626E-01 0.1398E-01 0.1437E-01 0.4439E-01 0.5550E-01 0.1039E-01 0.1457E-01 0.1203E-01 0.3191E-01 0.8253E-01 0.4287E-02 0.9207E-02 0.9327E-02 0.3070E-01 0.8178E-02 0.3186E-01 0.6983E-01 0.2082E-02 0.0000E+00
0.0000E+00 0.1446E-01 0.1574E-02 0.3636E-01 0.1655E-01 0.5997E-01 0.4541E-01 0.5493E-01 0.1052E-01 0.2732E-01 0.1245E-01 0.3157E-01 0.8182E-01 0.4740E-02 0.9404E-02 0.9971E-02 0.3098E-01 0.8379E-02 0.3169E-01 0.6914E-01 0.2676E-02 0.0000E+00
0.0000E+00 0.1472E-01 0.7360E-03 0.3625E-01 0.1695E-01 0.5986E-01 0.7289E-03 0.5440E-01 0.1062E-01 0.2739E-01 0.6934E-03 0.3140E-01 0.8149E-01 0.5391E-02 0.9557E-02 0.1008E-01 0.3080E-01 0.8563E-02 0.3153E-01 0.6845E-01 0.3242E-02 0.0000E+00
0.0000E+00 0.1488E-01 0.1963E-02 0.3662E-01 0.1884E-01 0.5994E-01 0.1386E-02 0.5404E-01 0.1092E-01 0.2728E-01 0.1413E-02 0.3120E-01 0.1119E+00 0.6077E-02 0.9801E-02 0.1033E-01 0.3105E-01 0.8823E-02 0.3137E-01 0.6782E-01 0.3795E-02 0.0000E+00
0.0000E+00 0.1497E-01 0.2595E-02 0.3709E-01 0.2063E-01 0.5967E-01 0.2010E-02 0.5347E-01 0.1099E-01 0.2724E-01 0.2060E-02 0.7323E-03 0.1117E+00 0.7086E-02 0.1055E-01 0.1044E-01 0.3085E-01 0.9349E-02 0.3132E-01 0.6724E-01 0.4714E-02 0.0000E+00
0.0000E+00 0.1600E-01 0.3648E-02 0.3866E-01 0.2215E-01 0.5958E-01 0.2629E-02 0.5307E-01 0.1120E-01 0.2727E-01 0.2640E-02 0.1676E-02 0.1121E+00 0.7532E-02 0.1069E-01 0.1059E-01 0.3073E-01 0.9510E-02 0.3141E-01 0.6659E-01 0.5305E-02 0.0000E+00
0.0000E+00 0.1646E-01 0.4457E-02 0.3932E-01 0.2405E-01 0.5983E-01 0.4464E-02 0.5294E-01 0.1286E-01 0.2720E-01 0.3233E-02 0.2308E-02 0.1114E+00 0.7882E-02 0.1085E-01 0.1081E-01 0.3073E-01 0.1016E-01 0.3134E-01 0.6621E-01 0.5945E-02 0.0000E+00
0.0000E+00 0.1797E-01 0.4857E-02 0.3898E-01 0.2388E-01 0.6025E-01 0.6039E-02 0.5330E-01 0.1426E-01 0.2728E-01 0.3989E-02 0.2910E-02 0.1107E+00 0.8129E-02 0.1095E-01 0.1093E-01 0.4191E-01 0.1097E-01 0.3171E-01 0.6560E-01 0.6749E-02 0.0000E+00
0.0000E+00 0.1800E-01 0.7091E-02 0.3863E-01 0.2370E-01 0.5977E-01 0.7424E-02 0.5339E-01 0.1644E-01 0.2730E-01 0.5220E-02 0.3668E-02 0.1102E+00 0.8361E-02 0.1155E-01 0.7419E-03 0.4189E-01 0.5356E-01 0.3167E-01 0.6497E-01 0.7246E-02 0.0000E+00
0.0000E+00 0.1810E-01 0.7253E-02 0.3855E-01 0.2357E-01 0.6037E-01 0.8639E-02 0.5380E-01 0.1867E-01 0.2758E-01 0.5818E-02 0.4442E-02 0.1095E+00 0.8877E-02 0.1189E-01 0.1503E-02 0.7769E-03 0.5413E-01 0.3159E-01 0.6425E-01 0.7450E-02 0.0000E+00
0.0000E+00 0.1820E-01 0.7514E-02 0.3828E-01 0.2377E-01 0.6151E-01 0.8835E-02 0.5325E-01 0.1872E-01 0.2774E-01 0.6210E-02 0.5052E-02 0.1089E+00 0.9069E-02 0.1200E-01 0.2236E-02 0.7601E-03 0.5378E-01 0.8492E-01 0.6360E-01 0.7624E-02 0.0000E+00
0.0000E+00 0.1831E-01 0.7762E-02 0.3794E-01 0.2395E-01 0.6122E-01 0.8976E-02 0.5263E-01 0.1861E-01 0.2786E-01 0.6759E-02 0.5477E-02 0.1081E+00 0.9259E-02 0.1214E-01 0.2807E-02 0.1471E-02 0.7570E-03 0.8461E-01 0.6298E-01 0.8051E-02 0.0000E+00
0.0000E+00 0.1831E-01 0.7677E-02 0.4530E-01 0.2377E-01 0.8520E-01 0.9147E-02 0.5208E-01 0.1852E-01 0.2842E-01 0.7114E-02 0.5876E-02 0.1074E+00 0.9421E-02 0.1223E-01 0.3368E-02 0.2109E-02 0.1449E-02 0.8430E-01 0.7032E-01 0.8140E-02 0.0000E+00
0.0000E+00 0.1885E-01 0.7265E-03 0.4492E-01 0.7086E-03 0.8582E-01 0.9261E-02 0.6071E-01 0.7856E-01 0.2814E-01 0.7434E-02 0.6157E-02 0.1065E+00 0.2199E-01 0.1258E-01 0.3828E-02 0.6328E-02 0.2017E-02 0.8382E-01 0.7029E-01 0.7007E-03 0.0000E+00
0.0000E+00 0.0000E+00 0.0000E+00 0.0000E+00 0.0000E+00 0.0000E+00 0.0000E+00 0.0000E+00 0.0000E+00 0.0000E+00 0.0000E+00 0.0000E+00 0.0000E+00 0.0000E+00 0.0000E+00 0.0000E+00 0.0000E+00 0.0000E+00 0.0000E+00 0.0000E+00 0.0000E+00 0.0000E+00
