p2_rainD_medsm_sedtr.asc
ncols     22
nrows     62
xllcorner      0.00000000
yllcorner      0.00000000
cellsize      0.50000000
nodata_value -9999
0.0000E+00 0.0000E+00 0.0000E+00 0.0000E+00 0.0000E+00 0.0000E+00 0.0000E+00 0.0000E+00 0.0000E+00 0.0000E+00 0.0000E+00 0.0000E+00 0.0000E+00 0.0000E+00 0.0000E+00 0.0000E+00 0.0000E+00 0.0000E+00 0.0000E+00 0.0000E+00 0.0000E+00 0.0000E+00
0.0000E+00 0.3519E-03 0.4810E-03 0.5664E-03 0.3525E-03 0.9276E-03 0.1298E-02 0.1277E-03 0.1807E-03 0.7043E-03 0.4769E-03 0.1150E-02 0.6894E-03 0.4573E-03 0.3004E-03 0.2727E-03 0.1388E-02 0.1753E-02 0.2788E-03 0.6563E-03 0.2192E-02 0.0000E+00
0.0000E+00 0.6814E-03 0.5407E-02 0.7837E-03 0.4275E-02 0.2703E-02 0.5355E-03 0.3133E-03 0.4179E-03 0.1030E-02 0.1412E-02 0.9068E-03 0.1009E-02 0.2182E-03 0.4761E-02 0.3059E-03 0.2950E-03 0.7719E-03 0.4597E-03 0.2610E-02 0.3079E-02 0.0000E+00
0.0000E+00 0.9300E-03 0.3658E-02 0.2706E-02 0.1203E-02 0.1028E-02 0.1237E-02 0.1338E-02 0.1172E-02 0.8903E-03 0.2403E-02 0.1724E-02 0.5445E-02 0.2462E-02 0.3614E-02 0.5153E-03 0.2388E-03 0.2849E-02 0.1352E-02 0.1798E-02 0.2070E-02 0.0000E+00
0.0000E+00 0.3875E-03 0.2349E-02 0.2734E-02 0.1297E-02 0.2525E-02 0.1057E-02 0.2483E-03 0.1862E-03 0.2220E-02 0.1454E-02 0.1502E-02 0.4777E-02 0.6618E-04 0.1941E-02 0.2935E-03 0.2752E-02 0.3066E-02 0.8795E-04 0.1359E-02 0.7068E-02 0.0000E+00
0.0000E+00 0.2615E-03 0.1300E-03 0.2405E-02 0.5627E-04 0.1327E-04 0.6241E-03 0.5955E-03 0.8300E-03 0.1585E-02 0.1465E-03 0.4475E-02 0.2647E-02 0.7076E-03 0.1517E-02 0.2758E-03 0.5820E-03 0.4174E-02 0.1225E-02 0.2316E-02 0.5705E-02 0.0000E+00
0.0000E+00 0.2091E-03 0.2670E-04 0.4964E-02 0.2670E-04 0.1326E-05 0.6138E-03 0.1674E-03 0.1457E-02 0.1168E-02 0.5149E-03 0.3764E-03 0.4123E-02 0.2617E-03 0.2983E-02 0.5814E-02 0.4562E-02 0.5053E-02 0.5700E-02 0.2112E-02 0.4080E-02 0.0000E+00
0.0000E+00 0.1764E-02 0.1620E-03 0.1886E-02 0.1772E-03 0.1928E-03 0.1411E-02 0.4543E-03 0.7603E-03 0.7714E-02 0.1544E-02 0.8026E-03 0.8747E-02 0.1718E-02 0.2741E-03 0.7963E-04 0.4455E-03 0.1314E-02 0.5476E-02 0.4202E-02 0.4554E-02 0.0000E+00
0.0000E+00 0.6105E-03 0.1992E-02 0.1907E-02 0.3927E-03 0.1333E-02 0.9900E-03 0.5262E-03 0.1600E-02 0.3889E-02 0.8540E-03 0.1794E-02 0.3827E-02 0.1105E-02 0.1276E-03 0.4185E-04 0.8666E-03 0.4787E-03 0.2841E-03 0.2225E-06 0.3464E-02 0.0000E+00
0.0000E+00 0.5067E-03 0.4953E-02 0.2116E-03 0.1406E-02 0.6586E-03 0.3866E-02 0.2099E-02 0.2505E-02 0.4384E-02 0.6226E-02 0.4068E-02 0.7891E-02 0.1160E-02 0.8459E-04 0.9202E-05 0.1424E-02 0.4717E-02 0.4272E-03 0.1080E-04 0.3726E-02 0.0000E+00
0.0000E+00 0.1819E-03 0.3553E-02 0.5831E-02 0.7445E-03 0.1263E-02 0.2596E-03 0.3227E-04 0.1047E-03 0.1636E-03 0.5515E-02 0.8543E-02 0.4428E-02 0.1708E-03 0.6968E-04 0.2463E-03 0.1223E-02 0.2930E-02 0.2050E-03 0.4232E-04 0.2895E-02 0.0000E+00
0.0000E+00 0.1877E-02 0.4343E-02 0.4428E-02 0.6007E-03 0.8113E-03 0.7897E-03 0.1574E-02 0.1991E-02 0.1159E-02 0.1296E-02 0.6491E-02 0.3851E-02 0.1507E-02 0.1657E-02 0.4002E-03 0.2582E-03 0.1544E-02 0.2009E-03 0.6363E-04 0.5007E-02 0.0000E+00
0.0000E+00 0.3726E-03 0.1979E-03 0.6648E-02 0.4697E-02 0.9736E-02 0.6245E-03 0.2893E-02 0.3863E-02 0.3349E-03 0.2341E-03 0.4157E-02 0.6654E-04 0.1469E-03 0.1180E-02 0.2123E-03 0.5155E-03 0.2436E-02 0.8433E-04 0.8938E-03 0.3787E-02 0.0000E+00
0.0000E+00 0.2216E-02 0.2177E-02 0.3254E-02 0.7801E-03 0.6309E-02 0.6998E-02 0.1991E-02 0.1341E-02 0.1512E-02 0.2165E-03 0.4310E-02 0.3424E-03 0.2799E-04 0.5925E-03 0.2867E-03 0.1688E-02 0.3708E-02 0.7912E-03 0.1175E-02 0.4345E-02 0.0000E+00
0.0000E+00 0.7820E-03 0.7387E-03 0.5904E-02 0.4128E-03 0.5723E-04 0.1011E-01 0.9952E-03 0.1063E-02 0.4988E-03 0.2917E-02 0.6673E-02 0.3514E-02 0.3323E-03 0.7857E-03 0.7668E-03 0.1022E-02 0.2234E-02 0.1845E-02 0.3144E-02 0.8554E-02 0.0000E+00
0.0000E+00 0.5972E-03 0.8925E-03 0.1935E-02 0.3920E-03 0.1842E-03 0.7198E-02 0.2368E-02 0.1305E-02 0.2107E-03 0.1534E-02 0.9887E-02 0.2548E-02 0.2889E-02 0.7058E-02 0.8826E-03 0.7087E-03 0.2678E-02 0.1859E-02 0.1543E-02 0.3580E-02 0.0000E+00
0.0000E+00 0.4957E-03 0.3958E-03 0.1444E-02 0.2707E-02 0.6350E-03 0.1213E-01 0.7665E-03 0.5363E-03 0.1983E-02 0.2161E-02 0.6433E-02 0.1407E-02 0.2476E-02 0.4276E-02 0.4872E-03 0.1280E-02 0.2463E-02 0.3141E-02 0.4400E-02 0.6375E-02 0.0000E+00
0.0000E+00 0.5886E-03 0.3894E-03 0.2026E-02 0.3401E-02 0.1491E-03 0.1242E-01 0.4211E-02 0.9035E-03 0.1246E-02 0.2559E-02 0.4685E-02 0.1458E-02 0.1678E-02 0.3849E-03 0.1872E-02 0.2122E-02 0.3806E-02 0.2958E-02 0.6118E-02 0.1495E-01 0.0000E+00
0.0000E+00 0.9226E-04 0.9259E-04 0.7577E-03 0.4103E-02 0.4957E-03 0.8951E-02 0.1845E-02 0.4344E-02 0.5524E-03 0.1499E-02 0.1011E-01 0.2378E-02 0.2051E-02 0.5109E-03 0.2904E-02 0.3053E-02 0.1054E-03 0.8641E-02 0.4518E-02 0.7807E-02 0.0000E+00
0.0000E+00 0.3226E-03 0.1445E-02 0.6802E-03 0.3195E-02 0.1749E-02 0.1209E-01 0.1224E-02 0.3167E-02 0.6436E-03 0.3459E-03 0.6789E-02 0.1931E-02 0.1020E-02 0.1915E-02 0.3923E-02 0.1090E-02 0.1040E-02 0.1145E-02 0.5263E-02 0.9802E-02 0.0000E+00
0.0000E+00 0.3017E-03 0.1009E-03 0.6351E-03 0.5706E-02 0.2495E-02 0.3068E-02 0.3285E-02 0.3762E-02 0.5582E-03 0.8008E-03 0.9446E-02 0.3513E-02 0.6536E-03 0.2672E-02 0.5131E-02 0.1384E-02 0.1681E-02 0.8726E-03 0.9722E-03 0.1397E-01 0.0000E+00
0.0000E+00 0.3087E-03 0.3249E-03 0.1129E-02 0.4899E-02 0.4216E-03 0.4132E-03 0.3352E-02 0.2137E-02 0.5056E-03 0.4518E-03 0.7101E-02 0.2115E-02 0.1680E-02 0.4617E-02 0.2373E-02 0.2093E-02 0.1849E-02 0.9276E-03 0.1473E-02 0.8954E-02 0.0000E+00
0.0000E+00 0.2342E-03 0.2244E-02 0.7263E-03 0.2306E-02 0.1046E-02 0.9362E-03 0.3583E-02 0.1127E-02 0.4075E-03 0.9878E-03 0.5583E-02 0.1260E-03 0.1639E-03 0.5125E-02 0.1856E-02 0.9083E-03 0.7486E-02 0.1463E-02 0.1651E-02 0.8399E-02 0.0000E+00
0.0000E+00 0.1288E-02 0.1539E-02 0.3852E-03 0.1943E-02 0.3247E-02 0.4689E-03 0.3246E-02 0.2653E-02 0.1014E-02 0.4865E-03 0.6363E-02 0.2781E-02 0.3655E-03 0.2297E-02 0.5336E-03 0.3213E-02 0.3666E-02 0.1511E-02 0.9346E-03 0.7199E-02 0.0000E+00
0.0000E+00 0.3176E-02 0.2456E-02 0.3147E-02 0.1436E-02 0.2368E-02 0.8675E-03 0.6602E-02 0.7373E-03 0.2469E-02 0.2161E-02 0.1167E-01 0.7725E-02 0.2640E-03 0.1106E-02 0.1218E-02 0.6822E-03 0.6291E-02 0.7615E-03 0.1587E-02 0.6058E-02 0.0000E+00
0.0000E+00 0.1096E-02 0.7607E-02 0.1056E-02 0.3568E-02 0.3766E-03 0.1048E-02 0.1288E-01 0.1892E-02 0.1503E-02 0.4930E-02 0.7983E-03 0.3585E-02 0.2438E-02 0.1332E-02 0.2248E-02 0.9226E-03 0.5826E-02 0.2105E-02 0.9259E-03 0.1313E-01 0.0000E+00
0.0000E+00 0.8706E-03 0.1936E-02 0.1945E-02 0.1426E-02 0.3489E-03 0.7661E-02 0.7101E-02 0.9599E-03 0.5278E-02 0.1623E-02 0.1065E-02 0.1716E-02 0.8939E-02 0.1990E-02 0.3590E-02 0.1339E-02 0.5040E-02 0.1414E-02 0.9890E-03 0.1239E-01 0.0000E+00
0.0000E+00 0.2004E-06 0.1146E-02 0.1008E-01 0.1571E-02 0.3294E-03 0.1348E-01 0.6221E-02 0.5781E-03 0.6255E-02 0.1799E-02 0.1059E-02 0.3345E-02 0.1210E-01 0.9631E-03 0.8825E-02 0.1772E-02 0.3035E-02 0.5970E-03 0.5030E-03 0.5497E-02 0.0000E+00
0.0000E+00 0.2843E-03 0.8348E-03 0.8766E-02 0.1782E-02 0.2980E-02 0.9908E-02 0.4757E-02 0.1727E-02 0.3054E-02 0.5851E-02 0.3257E-02 0.9710E-03 0.6580E-02 0.7638E-03 0.1866E-02 0.6915E-03 0.1134E-02 0.3317E-02 0.3194E-03 0.3065E-02 0.0000E+00
0.0000E+00 0.4285E-03 0.1187E-02 0.6230E-02 0.2006E-02 0.2767E-02 0.6501E-02 0.5833E-02 0.8247E-03 0.1052E-01 0.6732E-02 0.5611E-02 0.2489E-02 0.5012E-02 0.1152E-03 0.2601E-02 0.5481E-03 0.3001E-02 0.1675E-02 0.2152E-02 0.8690E-02 0.0000E+00
0.0000E+00 0.5056E-03 0.2619E-03 0.8523E-02 0.1293E-03 0.4480E-02 0.4486E-02 0.5273E-02 0.7215E-03 0.3857E-02 0.3863E-02 0.4632E-02 0.5178E-02 0.4910E-02 0.2015E-02 0.5426E-02 0.7880E-02 0.1088E-01 0.3601E-02 0.1577E-02 0.6655E-02 0.0000E+00
0.0000E+00 0.7894E-03 0.6342E-03 0.6932E-02 0.2087E-03 0.3355E-02 0.5143E-02 0.3980E-02 0.1073E-03 0.3073E-02 0.3732E-02 0.2036E-02 0.3517E-02 0.8992E-02 0.1228E-02 0.4914E-02 0.3696E-02 0.4705E-02 0.1157E-02 0.7259E-03 0.4152E-02 0.0000E+00
0.0000E+00 0.2612E-02 0.2815E-03 0.5211E-02 0.1058E-03 0.2032E-02 0.3826E-02 0.8942E-02 0.4147E-02 0.6467E-03 0.3376E-02 0.9686E-03 0.3444E-02 0.4076E-02 0.4321E-03 0.1525E-02 0.1255E-02 0.3819E-02 0.1074E-02 0.9145E-03 0.3393E-02 0.0000E+00
0.0000E+00 0.1013E-02 0.2121E-02 0.1231E-01 0.6345E-02 0.5347E-02 0.3962E-02 0.8453E-02 0.1551E-02 0.2941E-02 0.8098E-02 0.4192E-03 0.2240E-02 0.6280E-02 0.1741E-02 0.1961E-02 0.3889E-02 0.2446E-02 0.1304E-02 0.3539E-02 0.7506E-02 0.0000E+00
0.0000E+00 0.2618E-02 0.9335E-03 0.1074E-01 0.3215E-02 0.4205E-02 0.4708E-02 0.8112E-02 0.1335E-02 0.4233E-02 0.6427E-02 0.3594E-02 0.5097E-02 0.9370E-02 0.2330E-02 0.6200E-02 0.1483E-02 0.3217E-02 0.3475E-02 0.6108E-02 0.7863E-02 0.0000E+00
0.0000E+00 0.2726E-02 0.7849E-03 0.1005E-01 0.2587E-02 0.5847E-02 0.5746E-02 0.8229E-02 0.2058E-02 0.5142E-02 0.1668E-01 0.8921E-02 0.2987E-02 0.5406E-02 0.3514E-02 0.2898E-02 0.2272E-02 0.3624E-02 0.1107E-01 0.6079E-02 0.2498E-02 0.0000E+00
0.0000E+00 0.3307E-02 0.2658E-03 0.9662E-02 0.3045E-02 0.1439E-03 0.4507E-02 0.5491E-02 0.9364E-03 0.1334E-02 0.1178E-01 0.3682E-02 0.1547E-01 0.8067E-02 0.4411E-02 0.2456E-02 0.4182E-02 0.1253E-02 0.3713E-02 0.4486E-02 0.1580E-03 0.0000E+00
0.0000E+00 0.1682E-01 0.1179E-02 0.7276E-02 0.2128E-02 0.1172E-02 0.4829E-02 0.4423E-02 0.9582E-04 0.1028E-02 0.4421E-02 0.5631E-02 0.9138E-02 0.1774E-02 0.3489E-02 0.1441E-02 0.2731E-02 0.1381E-02 0.6519E-02 0.9676E-02 0.2308E-03 0.0000E+00
0.0000E+00 -.1142E-06 0.7585E-02 0.5132E-02 0.1398E-02 0.8700E-03 0.1038E-01 0.3598E-02 0.2189E-03 0.1609E-03 0.2558E-04 0.7478E-02 0.9544E-02 0.5609E-02 0.1920E-02 0.3139E-02 0.4561E-02 0.8585E-02 0.1342E-01 0.1506E-01 0.1448E-02 0.0000E+00
0.0000E+00 0.4418E-03 0.5045E-02 0.7703E-02 0.1129E-02 0.3530E-02 0.5526E-02 0.7973E-02 0.3423E-03 0.6251E-03 0.4713E-03 0.6836E-02 0.9674E-02 0.2229E-02 0.3255E-02 0.1352E-02 0.4716E-02 0.3049E-02 0.7660E-02 0.6517E-02 0.7479E-03 0.0000E+00
0.0000E+00 0.2466E-03 0.2585E-02 0.6268E-02 0.1425E-02 0.4589E-02 0.7150E-02 0.1128E-01 0.2246E-02 0.4042E-02 0.1363E-02 0.1364E-01 0.2211E-01 0.3396E-02 0.8664E-02 0.3654E-02 0.7677E-02 0.8668E-02 0.1402E-01 0.7599E-02 0.1167E-02 0.0000E+00
0.0000E+00 0.7411E-04 0.2405E-03 0.1307E-01 0.1510E-02 0.9128E-02 0.5024E-02 0.1625E-01 0.1368E-01 0.2473E-02 0.9569E-03 0.1199E-01 0.1338E-01 0.3544E-02 0.9403E-02 0.1812E-02 0.3776E-02 0.4280E-02 0.1935E-01 0.1550E-01 0.8064E-03 0.0000E+00
0.0000E+00 0.2146E-02 0.3062E-02 0.1640E-01 0.1487E-01 0.1349E-01 0.5074E-02 0.1173E-01 0.1230E-01 0.1011E-01 0.1637E-02 0.7552E-02 0.2018E-01 0.3247E-03 0.8880E-02 0.1162E-01 0.6737E-02 0.9368E-02 0.1551E-01 0.8916E-02 0.1489E-02 0.0000E+00
0.0000E+00 0.1216E-02 0.1080E-01 0.8389E-02 0.8085E-02 0.7974E-02 0.4137E-02 0.8369E-02 0.8252E-02 0.6082E-02 0.1822E-01 0.2097E-01 0.2526E-01 0.4733E-03 0.6698E-02 0.2085E-01 0.2944E-01 0.5014E-02 0.1758E-01 0.2692E-01 0.9352E-03 0.0000E+00
0.0000E+00 0.3009E-02 0.6610E-02 0.6759E-02 0.4590E-02 0.1507E-01 0.5431E-02 0.1174E-01 0.5936E-02 0.1523E-01 0.2163E-01 0.2210E-01 0.2432E-01 0.1492E-02 0.6193E-02 0.6581E-02 0.1562E-01 0.8232E-02 0.1118E-01 0.1862E-01 0.2477E-02 0.0000E+00
0.0000E+00 0.1738E-01 0.3801E-02 0.6213E-02 0.1353E-01 0.1407E-01 0.1970E-01 0.1250E-01 0.5320E-02 0.1629E-01 0.1753E-01 0.1329E-01 0.2039E-01 0.8125E-02 0.1108E-01 0.1189E-01 0.1273E-01 0.6989E-02 0.1553E-01 0.2083E-01 0.8243E-03 0.0000E+00
0.0000E+00 0.1798E-01 0.3755E-02 0.1246E-01 0.8346E-02 0.9570E-02 0.1496E-01 0.7687E-02 0.8574E-02 0.9460E-02 0.1148E-01 0.1403E-01 0.1581E-01 0.5562E-02 0.4617E-02 0.9741E-02 0.2022E-01 0.8596E-02 0.1515E-01 0.1370E-01 0.7560E-03 0.0000E+00
0.0000E+00 0.8806E-02 0.2986E-03 0.1276E-01 0.5776E-02 0.7373E-02 0.1511E-01 0.6001E-02 0.5973E-02 0.1327E-01 0.8016E-02 0.9288E-02 0.1469E-01 0.2957E-02 0.5556E-02 0.6668E-02 0.1601E-01 0.4493E-02 0.8478E-02 0.9231E-02 0.4545E-03 0.0000E+00
0.0000E+00 0.8938E-02 0.2301E-03 0.8682E-02 0.1857E-01 0.1328E-01 0.1224E-01 0.1411E-01 0.5792E-02 0.1229E-01 0.6664E-02 0.6354E-02 0.1100E-01 0.3061E-02 0.5373E-02 0.8517E-02 0.1089E-01 0.2937E-02 0.7932E-02 0.8864E-02 0.8289E-03 0.0000E+00
0.0000E+00 0.8502E-02 0.3819E-03 0.7545E-02 0.2325E-01 0.3471E-01 0.3092E-03 0.2039E-01 0.9565E-02 0.1398E-01 0.5403E-04 0.1203E-01 0.2881E-01 0.1434E-01 0.1081E-01 0.4913E-02 0.8506E-02 0.2371E-02 0.7808E-02 0.9537E-02 0.9516E-03 0.0000E+00
0.0000E+00 0.8260E-02 0.3322E-02 0.7525E-02 0.2229E-01 0.2661E-01 0.2332E-03 0.1151E-01 0.9055E-02 0.3015E-01 0.3353E-02 0.1750E-01 0.2219E-01 0.1048E-01 0.9864E-02 0.1559E-01 0.2415E-01 0.8127E-02 0.7822E-02 0.1026E-01 0.1646E-02 0.0000E+00
0.0000E+00 0.8809E-02 0.2414E-02 0.1215E-01 0.1969E-01 0.2105E-01 0.5483E-03 0.7642E-02 0.4607E-02 0.2312E-01 0.1683E-02 0.2363E-02 0.2774E-01 0.7666E-02 0.6640E-02 0.6630E-02 0.1051E-01 0.1009E-01 0.8691E-02 0.1169E-01 0.7440E-02 0.0000E+00
0.0000E+00 0.9845E-02 0.5481E-02 0.2039E-01 0.2433E-01 0.2769E-01 0.1738E-02 0.1139E-01 0.5862E-02 0.3042E-01 0.1039E-02 0.3700E-02 0.3426E-01 0.7379E-02 0.3805E-02 0.8202E-02 0.1233E-01 0.7634E-02 0.1180E-01 0.7686E-02 0.5381E-02 0.0000E+00
0.0000E+00 0.9810E-02 0.2219E-02 0.7421E-02 0.1511E-01 0.2168E-01 0.6800E-02 0.1556E-01 0.1474E-01 0.2448E-01 0.3051E-02 0.2072E-02 0.2349E-01 0.9151E-02 0.3078E-02 0.5309E-02 0.1002E-01 0.1790E-01 0.7864E-02 0.8919E-02 0.4467E-02 0.0000E+00
0.0000E+00 0.8584E-02 0.4002E-02 0.7427E-02 0.1135E-01 0.2473E-01 0.1796E-01 0.1422E-01 0.1102E-01 0.2382E-01 0.4534E-02 0.1655E-02 0.1788E-01 0.6588E-02 0.1963E-02 0.3656E-02 0.1196E-01 0.1818E-01 0.1314E-01 0.7314E-02 0.5041E-02 0.0000E+00
0.0000E+00 0.5697E-02 0.5081E-02 0.5459E-02 0.9861E-02 0.1631E-01 0.1589E-01 0.1238E-01 0.1523E-01 0.1858E-01 0.6580E-02 0.4181E-02 0.2695E-01 0.7153E-02 0.1016E-01 0.6133E-03 0.1427E-01 0.1999E-01 0.1160E-01 0.1045E-01 0.1336E-01 0.0000E+00
0.0000E+00 0.6883E-02 0.2409E-02 0.8787E-02 0.9560E-02 0.2489E-01 0.1143E-01 0.1116E-01 0.1863E-01 0.2677E-01 0.3509E-02 0.3428E-02 0.1908E-01 0.5055E-02 0.4826E-02 0.4937E-02 0.1009E-02 0.1132E-01 0.7220E-02 0.4705E-02 0.3346E-02 0.0000E+00
0.0000E+00 0.2385E-02 0.5722E-02 0.7032E-02 0.2177E-01 0.2717E-01 0.7458E-02 0.7318E-02 0.2379E-01 0.2607E-01 0.3001E-02 0.7547E-02 0.2680E-01 0.5847E-02 0.9017E-02 0.3837E-02 0.5204E-03 0.8263E-02 0.1197E-01 0.8816E-02 0.2699E-02 0.0000E+00
0.0000E+00 0.1162E-01 0.3347E-02 0.4618E-02 0.1772E-01 0.1822E-01 0.7051E-02 0.5489E-02 0.1026E-01 0.1858E-01 0.2501E-02 0.6832E-02 0.1777E-01 0.9385E-02 0.7156E-02 0.1971E-02 0.2439E-02 0.1882E-02 0.1542E-01 0.1023E-01 0.1077E-01 0.0000E+00
0.0000E+00 0.9812E-02 0.6777E-03 0.4756E-02 0.9297E-02 0.2584E-01 0.5847E-02 0.7873E-02 0.8427E-02 0.1897E-01 0.3401E-02 0.5092E-02 0.2307E-01 0.8933E-02 0.3206E-02 0.2952E-02 0.1464E-02 0.1428E-02 0.1677E-01 0.5785E-02 0.3414E-02 0.0000E+00
0.0000E+00 0.4149E-02 0.2337E-03 0.3205E-02 0.1067E-03 0.2114E-01 0.4468E-02 0.9936E-02 0.1457E-01 0.1070E-01 0.2140E-02 0.2623E-02 0.1352E-01 0.5397E-02 0.2732E-02 0.1727E-02 0.2493E-02 0.8618E-03 0.1009E-01 0.4263E-02 0.7281E-04 0.0000E+00
0.0000E+00 0.0000E+00 0.0000E+00 0.0000E+00 0.0000E+00 0.0000E+00 0.0000E+00 0.0000E+00 0.0000E+00 0.0000E+00 0.0000E+00 0.0000E+00 0.0000E+00 0.0000E+00 0.0000E+00 0.0000E+00 0.0000E+00 0.0000E+00 0.0000E+00 0.0000E+00 0.0000E+00 0.0000E+00
