p2_rainB_medsm_sedtr.asc
ncols     22
nrows     62
xllcorner      0.00000000
yllcorner      0.00000000
cellsize      0.50000000
nodata_value -9999
0.0000E+00 0.0000E+00 0.0000E+00 0.0000E+00 0.0000E+00 0.0000E+00 0.0000E+00 0.0000E+00 0.0000E+00 0.0000E+00 0.0000E+00 0.0000E+00 0.0000E+00 0.0000E+00 0.0000E+00 0.0000E+00 0.0000E+00 0.0000E+00 0.0000E+00 0.0000E+00 0.0000E+00 0.0000E+00
0.0000E+00 0.2703E-01 0.2630E-01 0.2797E-01 0.1757E-01 0.4388E-01 0.5169E-01 0.1286E-01 0.1111E-01 0.3241E-01 0.2666E-01 0.5937E-01 0.4291E-01 0.3693E-01 0.2090E-01 0.1387E-01 0.5882E-01 0.8100E-01 0.1428E-01 0.2956E-01 0.9119E-01 0.0000E+00
0.0000E+00 0.2569E-01 0.1298E+00 0.3003E-01 0.1231E+00 0.8942E-01 0.3064E-01 0.1476E-01 0.2099E-01 0.5060E-01 0.7146E-01 0.5121E-01 0.5649E-01 0.1268E-01 0.1207E+00 0.2530E-01 0.2158E-01 0.6194E-01 0.3951E-01 0.9180E-01 0.1216E+00 0.0000E+00
0.0000E+00 0.4164E-01 0.1351E+00 0.7990E-01 0.6077E-01 0.5422E-01 0.4399E-01 0.4371E-01 0.6289E-01 0.6024E-01 0.1071E+00 0.9543E-01 0.1281E+00 0.7379E-01 0.1356E+00 0.3654E-01 0.1934E-01 0.1133E+00 0.6990E-01 0.1039E+00 0.1006E+00 0.0000E+00
0.0000E+00 0.2531E-01 0.1066E+00 0.9790E-01 0.5046E-01 0.7957E-01 0.5582E-01 0.1765E-01 0.2029E-01 0.9301E-01 0.6111E-01 0.7971E-01 0.1291E+00 0.6061E-02 0.7837E-01 0.2063E-01 0.9732E-01 0.1462E+00 0.7468E-02 0.6174E-01 0.1588E+00 0.0000E+00
0.0000E+00 0.2462E-01 0.9846E-02 0.7574E-01 0.7250E-02 0.2485E-02 0.2922E-01 0.3275E-01 0.4000E-01 0.7655E-01 0.1077E-01 0.1186E+00 0.9379E-01 0.3643E-01 0.5338E-01 0.2012E-01 0.3319E-01 0.1447E+00 0.5609E-01 0.9181E-01 0.1697E+00 0.0000E+00
0.0000E+00 0.1486E-01 0.3527E-02 0.9998E-01 0.2811E-02 0.2172E-02 0.2321E-01 0.1068E-01 0.7725E-01 0.6973E-01 0.3814E-01 0.2748E-01 0.1005E+00 0.2233E-01 0.8157E-01 0.1342E+00 0.1439E+00 0.1661E+00 0.1510E+00 0.9602E-01 0.1529E+00 0.0000E+00
0.0000E+00 0.5438E-01 0.1205E-01 0.5179E-01 0.1337E-01 0.1901E-01 0.2391E-01 0.2798E-01 0.4882E-01 0.1773E+00 0.6860E-01 0.3873E-01 0.1300E+00 0.7149E-01 0.2736E-01 0.9705E-02 0.3661E-01 0.6352E-01 0.1461E+00 0.1349E+00 0.1499E+00 0.0000E+00
0.0000E+00 0.3490E-01 0.4643E-01 0.4782E-01 0.3426E-01 0.5860E-01 0.2300E-01 0.3982E-01 0.8482E-01 0.1804E+00 0.5169E-01 0.7745E-01 0.9381E-01 0.5227E-01 0.1008E-01 0.4560E-02 0.4745E-01 0.2698E-01 0.2407E-01 0.9393E-03 0.1133E+00 0.0000E+00
0.0000E+00 0.4066E-01 0.8809E-01 0.1199E-01 0.7153E-01 0.4553E-01 0.9994E-01 0.8665E-01 0.7820E-01 0.1631E+00 0.1630E+00 0.1206E+00 0.1238E+00 0.5215E-01 0.1334E-01 0.2294E-02 0.4443E-01 0.1340E+00 0.3240E-01 0.3608E-02 0.1044E+00 0.0000E+00
0.0000E+00 0.1282E-01 0.8324E-01 0.1390E+00 0.4592E-01 0.6663E-01 0.1545E-01 0.4377E-02 0.8001E-02 0.1254E-01 0.1426E+00 0.1837E+00 0.8334E-01 0.1105E-01 0.6899E-02 0.1631E-01 0.5441E-01 0.1421E+00 0.1471E-01 0.5807E-02 0.8541E-01 0.0000E+00
0.0000E+00 0.7356E-01 0.1317E+00 0.1595E+00 0.3554E-01 0.4187E-01 0.2773E-01 0.4434E-01 0.8623E-01 0.5752E-01 0.5893E-01 0.1925E+00 0.8089E-01 0.6429E-01 0.7967E-01 0.2703E-01 0.1910E-01 0.7370E-01 0.1767E-01 0.6441E-02 0.1101E+00 0.0000E+00
0.0000E+00 0.1650E-01 0.1274E-01 0.1570E+00 0.1308E+00 0.1763E+00 0.3234E-01 0.1089E+00 0.1347E+00 0.1707E-01 0.1704E-01 0.1464E+00 0.1118E-01 0.1594E-01 0.7486E-01 0.1368E-01 0.3336E-01 0.8327E-01 0.7043E-02 0.5683E-01 0.1054E+00 0.0000E+00
0.0000E+00 0.7478E-01 0.7080E-01 0.8941E-01 0.3786E-01 0.1407E+00 0.1860E+00 0.9418E-01 0.7313E-01 0.7178E-01 0.1594E-01 0.1385E+00 0.2536E-01 0.6441E-02 0.4079E-01 0.2531E-01 0.8677E-01 0.9508E-01 0.4798E-01 0.7897E-01 0.1204E+00 0.0000E+00
0.0000E+00 0.5301E-01 0.4062E-01 0.1706E+00 0.2616E-01 0.5564E-02 0.1839E+00 0.5884E-01 0.6048E-01 0.2919E-01 0.1041E+00 0.1474E+00 0.1009E+00 0.1807E-01 0.5886E-01 0.4995E-01 0.7483E-01 0.9185E-01 0.9432E-01 0.1336E+00 0.1820E+00 0.0000E+00
0.0000E+00 0.3373E-01 0.4228E-01 0.9501E-01 0.3649E-01 0.1857E-01 0.1601E+00 0.1048E+00 0.8270E-01 0.1795E-01 0.7625E-01 0.1818E+00 0.1168E+00 0.8577E-01 0.1785E+00 0.4522E-01 0.4406E-01 0.7705E-01 0.1020E+00 0.1113E+00 0.1192E+00 0.0000E+00
0.0000E+00 0.2481E-01 0.2211E-01 0.6417E-01 0.9601E-01 0.3609E-01 0.1943E+00 0.4395E-01 0.4442E-01 0.8733E-01 0.1261E+00 0.1658E+00 0.9211E-01 0.1384E+00 0.1890E+00 0.3053E-01 0.6164E-01 0.7007E-01 0.1270E+00 0.1647E+00 0.1675E+00 0.0000E+00
0.0000E+00 0.2832E-01 0.3155E-01 0.6532E-01 0.1026E+00 0.1406E-01 0.2111E+00 0.1193E+00 0.5438E-01 0.6157E-01 0.1381E+00 0.1378E+00 0.9472E-01 0.9808E-01 0.3375E-01 0.8837E-01 0.8414E-01 0.1087E+00 0.1402E+00 0.2103E+00 0.2719E+00 0.0000E+00
0.0000E+00 0.9769E-02 0.8327E-02 0.4181E-01 0.1071E+00 0.3088E-01 0.1973E+00 0.7462E-01 0.1335E+00 0.3765E-01 0.8520E-01 0.2124E+00 0.1146E+00 0.9465E-01 0.3447E-01 0.1308E+00 0.1088E+00 0.8008E-02 0.1776E+00 0.1993E+00 0.2422E+00 0.0000E+00
0.0000E+00 0.1572E-01 0.6779E-01 0.4402E-01 0.8836E-01 0.6454E-01 0.2214E+00 0.7344E-01 0.1480E+00 0.5462E-01 0.2458E-01 0.1792E+00 0.9592E-01 0.5916E-01 0.7883E-01 0.1374E+00 0.6769E-01 0.4488E-01 0.6234E-01 0.1773E+00 0.3117E+00 0.0000E+00
0.0000E+00 0.1804E-01 0.8349E-02 0.3087E-01 0.1252E+00 0.1100E+00 0.1289E+00 0.1474E+00 0.1698E+00 0.4546E-01 0.5068E-01 0.2012E+00 0.1188E+00 0.3502E-01 0.1055E+00 0.1834E+00 0.6530E-01 0.8062E-01 0.5317E-01 0.5484E-01 0.3112E+00 0.0000E+00
0.0000E+00 0.2002E-01 0.1665E-01 0.4408E-01 0.1395E+00 0.3253E-01 0.3427E-01 0.1217E+00 0.1176E+00 0.3020E-01 0.2576E-01 0.1707E+00 0.9043E-01 0.7458E-01 0.1478E+00 0.1253E+00 0.7974E-01 0.1080E+00 0.5362E-01 0.7111E-01 0.2484E+00 0.0000E+00
0.0000E+00 0.1946E-01 0.8370E-01 0.3624E-01 0.8703E-01 0.3616E-01 0.3637E-01 0.1107E+00 0.5572E-01 0.2528E-01 0.6547E-01 0.1459E+00 0.8930E-02 0.1030E-01 0.1310E+00 0.9146E-01 0.4540E-01 0.1767E+00 0.5911E-01 0.9591E-01 0.2234E+00 0.0000E+00
0.0000E+00 0.6134E-01 0.1003E+00 0.2365E-01 0.6651E-01 0.8070E-01 0.3481E-01 0.1274E+00 0.7563E-01 0.5012E-01 0.4402E-01 0.1444E+00 0.8534E-01 0.2031E-01 0.8428E-01 0.3492E-01 0.9516E-01 0.1385E+00 0.7555E-01 0.6848E-01 0.1956E+00 0.0000E+00
0.0000E+00 0.1067E+00 0.7563E-01 0.1102E+00 0.6508E-01 0.6341E-01 0.3912E-01 0.1442E+00 0.2766E-01 0.1075E+00 0.9789E-01 0.2050E+00 0.2013E+00 0.2980E-01 0.4522E-01 0.6816E-01 0.3872E-01 0.1597E+00 0.4537E-01 0.8987E-01 0.1690E+00 0.0000E+00
0.0000E+00 0.6381E-01 0.1622E+00 0.5875E-01 0.1119E+00 0.1652E-01 0.3369E-01 0.2032E+00 0.7095E-01 0.9319E-01 0.1562E+00 0.4701E-01 0.1218E+00 0.9845E-01 0.5114E-01 0.7345E-01 0.4886E-01 0.1423E+00 0.7995E-01 0.5423E-01 0.2351E+00 0.0000E+00
0.0000E+00 0.4238E-01 0.9141E-01 0.9446E-01 0.8134E-01 0.2594E-01 0.1144E+00 0.1668E+00 0.4872E-01 0.1575E+00 0.8831E-01 0.6087E-01 0.7130E-01 0.1807E+00 0.8788E-01 0.6622E-01 0.7536E-01 0.1405E+00 0.8500E-01 0.6610E-01 0.2588E+00 0.0000E+00
0.0000E+00 0.8809E-03 0.5520E-01 0.1856E+00 0.5744E-01 0.2054E-01 0.1834E+00 0.1609E+00 0.2949E-01 0.1916E+00 0.9174E-01 0.5130E-01 0.9937E-01 0.2426E+00 0.5755E-01 0.1324E+00 0.8262E-01 0.9203E-01 0.3818E-01 0.4586E-01 0.1775E+00 0.0000E+00
0.0000E+00 0.1462E-01 0.3344E-01 0.1594E+00 0.5254E-01 0.8465E-01 0.2003E+00 0.1489E+00 0.7323E-01 0.1281E+00 0.1616E+00 0.1057E+00 0.5644E-01 0.2250E+00 0.5839E-01 0.6941E-01 0.4644E-01 0.4756E-01 0.1043E+00 0.3149E-01 0.1294E+00 0.0000E+00
0.0000E+00 0.2141E-01 0.4708E-01 0.1796E+00 0.6904E-01 0.9863E-01 0.1832E+00 0.1487E+00 0.4387E-01 0.2190E+00 0.1892E+00 0.1677E+00 0.8231E-01 0.1887E+00 0.9215E-02 0.7440E-01 0.2747E-01 0.5966E-01 0.7964E-01 0.9034E-01 0.1839E+00 0.0000E+00
0.0000E+00 0.3834E-01 0.2125E-01 0.1646E+00 0.1076E-01 0.1437E+00 0.1366E+00 0.1498E+00 0.3490E-01 0.1368E+00 0.1746E+00 0.1749E+00 0.1576E+00 0.1793E+00 0.8573E-01 0.1153E+00 0.1675E+00 0.1694E+00 0.1181E+00 0.7209E-01 0.1762E+00 0.0000E+00
0.0000E+00 0.3207E-01 0.2569E-01 0.1461E+00 0.1531E-01 0.1272E+00 0.1293E+00 0.1272E+00 0.9042E-02 0.1138E+00 0.1631E+00 0.1045E+00 0.1508E+00 0.2510E+00 0.7575E-01 0.1328E+00 0.1576E+00 0.1685E+00 0.8042E-01 0.3841E-01 0.1561E+00 0.0000E+00
0.0000E+00 0.8368E-01 0.1935E-01 0.1154E+00 0.1222E-01 0.1029E+00 0.1248E+00 0.1822E+00 0.1240E+00 0.3184E-01 0.1238E+00 0.5494E-01 0.1168E+00 0.1828E+00 0.2733E-01 0.7508E-01 0.6178E-01 0.1098E+00 0.6988E-01 0.6017E-01 0.1414E+00 0.0000E+00
0.0000E+00 0.5294E-01 0.5435E-01 0.1661E+00 0.1432E+00 0.1215E+00 0.1043E+00 0.2075E+00 0.7884E-01 0.9808E-01 0.1621E+00 0.3600E-01 0.9492E-01 0.2188E+00 0.8282E-01 0.8025E-01 0.8662E-01 0.7122E-01 0.5957E-01 0.1189E+00 0.1762E+00 0.0000E+00
0.0000E+00 0.7852E-01 0.6038E-01 0.1765E+00 0.1353E+00 0.1151E+00 0.9958E-01 0.2235E+00 0.8461E-01 0.1419E+00 0.1348E+00 0.1186E+00 0.1271E+00 0.2437E+00 0.9904E-01 0.1701E+00 0.6650E-01 0.7529E-01 0.8650E-01 0.1614E+00 0.1984E+00 0.0000E+00
0.0000E+00 0.1173E+00 0.4328E-01 0.1782E+00 0.1066E+00 0.1616E+00 0.1766E+00 0.2270E+00 0.7863E-01 0.1424E+00 0.2245E+00 0.1830E+00 0.8586E-01 0.1950E+00 0.1252E+00 0.1321E+00 0.6441E-01 0.9841E-01 0.1346E+00 0.2000E+00 0.1201E+00 0.0000E+00
0.0000E+00 0.1208E+00 0.1701E-01 0.1732E+00 0.1126E+00 0.1341E-01 0.1304E+00 0.2031E+00 0.5068E-01 0.5960E-01 0.2316E+00 0.1285E+00 0.2810E+00 0.2210E+00 0.1472E+00 0.1020E+00 0.9397E-01 0.6692E-01 0.8515E-01 0.1534E+00 0.1118E-01 0.0000E+00
0.0000E+00 0.2424E+00 0.4113E-01 0.1404E+00 0.8976E-01 0.4647E-01 0.1113E+00 0.1643E+00 0.9427E-02 0.4317E-01 0.1411E+00 0.1622E+00 0.2268E+00 0.6722E-01 0.1403E+00 0.7281E-01 0.9423E-01 0.5987E-01 0.8809E-01 0.1717E+00 0.1871E-01 0.0000E+00
0.0000E+00 -.1428E-06 0.1537E+00 0.1034E+00 0.8112E-01 0.5256E-01 0.1564E+00 0.1315E+00 0.1236E-01 0.1028E-01 0.3510E-02 0.1305E+00 0.2376E+00 0.1279E+00 0.8731E-01 0.9185E-01 0.9325E-01 0.1655E+00 0.1401E+00 0.2091E+00 0.5584E-01 0.0000E+00
0.0000E+00 0.2654E-01 0.1569E+00 0.1272E+00 0.5948E-01 0.9513E-01 0.1104E+00 0.1574E+00 0.1837E-01 0.2276E-01 0.1901E-01 0.1114E+00 0.2103E+00 0.9003E-01 0.9173E-01 0.5209E-01 0.1128E+00 0.1169E+00 0.1170E+00 0.1526E+00 0.4006E-01 0.0000E+00
0.0000E+00 0.1317E-01 0.9917E-01 0.1428E+00 0.5458E-01 0.1204E+00 0.1196E+00 0.1758E+00 0.6373E-01 0.9619E-01 0.5002E-01 0.1436E+00 0.2553E+00 0.1273E+00 0.1814E+00 0.8660E-01 0.1496E+00 0.1587E+00 0.1603E+00 0.1667E+00 0.6101E-01 0.0000E+00
0.0000E+00 0.7930E-02 0.1281E-01 0.1440E+00 0.5406E-01 0.1892E+00 0.9499E-01 0.2169E+00 0.1986E+00 0.7258E-01 0.4471E-01 0.1514E+00 0.2735E+00 0.1404E+00 0.2250E+00 0.5842E-01 0.9714E-01 0.1151E+00 0.2242E+00 0.2372E+00 0.6752E-01 0.0000E+00
0.0000E+00 0.6808E-01 0.7930E-01 0.1638E+00 0.2055E+00 0.2145E+00 0.8736E-01 0.1944E+00 0.2109E+00 0.1650E+00 0.4529E-01 0.1038E+00 0.2745E+00 0.1676E-01 0.2238E+00 0.1971E+00 0.1155E+00 0.1990E+00 0.2249E+00 0.2129E+00 0.5899E-01 0.0000E+00
0.0000E+00 0.5559E-01 0.1818E+00 0.1210E+00 0.2007E+00 0.1839E+00 0.7733E-01 0.1773E+00 0.1976E+00 0.1437E+00 0.2265E+00 0.1883E+00 0.3029E+00 0.2185E-01 0.2075E+00 0.3166E+00 0.2797E+00 0.1384E+00 0.2661E+00 0.3178E+00 0.3701E-01 0.0000E+00
0.0000E+00 0.9789E-01 0.1770E+00 0.9413E-01 0.1348E+00 0.2453E+00 0.9465E-01 0.2082E+00 0.1411E+00 0.2393E+00 0.3005E+00 0.2314E+00 0.3257E+00 0.4462E-01 0.2081E+00 0.2095E+00 0.2565E+00 0.1945E+00 0.2061E+00 0.3145E+00 0.7797E-01 0.0000E+00
0.0000E+00 0.2574E+00 0.1105E+00 0.7954E-01 0.2100E+00 0.2555E+00 0.2076E+00 0.2088E+00 0.1133E+00 0.2745E+00 0.3079E+00 0.1806E+00 0.3248E+00 0.1651E+00 0.2634E+00 0.2658E+00 0.2486E+00 0.2087E+00 0.2459E+00 0.3293E+00 0.3516E-01 0.0000E+00
0.0000E+00 0.3356E+00 0.1065E+00 0.1308E+00 0.1773E+00 0.2075E+00 0.2213E+00 0.1750E+00 0.1478E+00 0.2146E+00 0.2591E+00 0.2015E+00 0.2955E+00 0.1844E+00 0.1720E+00 0.2459E+00 0.2862E+00 0.2091E+00 0.2628E+00 0.2762E+00 0.3245E-01 0.0000E+00
0.0000E+00 0.2138E+00 0.1438E-01 0.1498E+00 0.1290E+00 0.1504E+00 0.2342E+00 0.1433E+00 0.1209E+00 0.2396E+00 0.1759E+00 0.1372E+00 0.2870E+00 0.1132E+00 0.1648E+00 0.1886E+00 0.2675E+00 0.1421E+00 0.1821E+00 0.2120E+00 0.2773E-01 0.0000E+00
0.0000E+00 0.2029E+00 0.2400E-01 0.1228E+00 0.2309E+00 0.2629E+00 0.2243E+00 0.2090E+00 0.1279E+00 0.2571E+00 0.1452E+00 0.8858E-01 0.2442E+00 0.9286E-01 0.1626E+00 0.2263E+00 0.2305E+00 0.9914E-01 0.1478E+00 0.1884E+00 0.3296E-01 0.0000E+00
0.0000E+00 0.1842E+00 0.1714E-01 0.1004E+00 0.2959E+00 0.3219E+00 0.1532E-01 0.2918E+00 0.1891E+00 0.2288E+00 0.6211E-02 0.1481E+00 0.3534E+00 0.2405E+00 0.2391E+00 0.1574E+00 0.1826E+00 0.7807E-01 0.1285E+00 0.1841E+00 0.3802E-01 0.0000E+00
0.0000E+00 0.1672E+00 0.8508E-01 0.9655E-01 0.3220E+00 0.2837E+00 0.1676E-01 0.2569E+00 0.1965E+00 0.3127E+00 0.9696E-01 0.2311E+00 0.4170E+00 0.2496E+00 0.2564E+00 0.2629E+00 0.3004E+00 0.1470E+00 0.1265E+00 0.1892E+00 0.4816E-01 0.0000E+00
0.0000E+00 0.1513E+00 0.6736E-01 0.1304E+00 0.3207E+00 0.2561E+00 0.2498E-01 0.2245E+00 0.1385E+00 0.2903E+00 0.8006E-01 0.9356E-01 0.4028E+00 0.2473E+00 0.2479E+00 0.1841E+00 0.2158E+00 0.2170E+00 0.1649E+00 0.2280E+00 0.1543E+00 0.0000E+00
0.0000E+00 0.1718E+00 0.1303E+00 0.2119E+00 0.3342E+00 0.2840E+00 0.4222E-01 0.2247E+00 0.1267E+00 0.3553E+00 0.5622E-01 0.1250E+00 0.4143E+00 0.2517E+00 0.1869E+00 0.1874E+00 0.2268E+00 0.2124E+00 0.2203E+00 0.1991E+00 0.1500E+00 0.0000E+00
0.0000E+00 0.1678E+00 0.9951E-01 0.1408E+00 0.2814E+00 0.2634E+00 0.1485E+00 0.2820E+00 0.2230E+00 0.3219E+00 0.8272E-01 0.9217E-01 0.3610E+00 0.2695E+00 0.1420E+00 0.1826E+00 0.2185E+00 0.3143E+00 0.1917E+00 0.2266E+00 0.1478E+00 0.0000E+00
0.0000E+00 0.1859E+00 0.1044E+00 0.1260E+00 0.2064E+00 0.2836E+00 0.2705E+00 0.2986E+00 0.2219E+00 0.3301E+00 0.1078E+00 0.7074E-01 0.3096E+00 0.2613E+00 0.1087E+00 0.1642E+00 0.3089E+00 0.3361E+00 0.2501E+00 0.2208E+00 0.1759E+00 0.0000E+00
0.0000E+00 0.1439E+00 0.1384E+00 0.9540E-01 0.1645E+00 0.2184E+00 0.3000E+00 0.2978E+00 0.2627E+00 0.2880E+00 0.1683E+00 0.1245E+00 0.3559E+00 0.2267E+00 0.1650E+00 0.2215E-01 0.2785E+00 0.4662E+00 0.2508E+00 0.2361E+00 0.2746E+00 0.0000E+00
0.0000E+00 0.1504E+00 0.8428E-01 0.1183E+00 0.1435E+00 0.2673E+00 0.2782E+00 0.3058E+00 0.2972E+00 0.3489E+00 0.1349E+00 0.1467E+00 0.3149E+00 0.2269E+00 0.1511E+00 0.1386E+00 0.5048E-01 0.3451E+00 0.2207E+00 0.1884E+00 0.1670E+00 0.0000E+00
0.0000E+00 0.1038E+00 0.1090E+00 0.1209E+00 0.2348E+00 0.3012E+00 0.1888E+00 0.2516E+00 0.3429E+00 0.3607E+00 0.1042E+00 0.1944E+00 0.3687E+00 0.2445E+00 0.1980E+00 0.1509E+00 0.3733E-01 0.2779E+00 0.3764E+00 0.2246E+00 0.1240E+00 0.0000E+00
0.0000E+00 0.1787E+00 0.8394E-01 0.8482E-01 0.2481E+00 0.2477E+00 0.1856E+00 0.2235E+00 0.2337E+00 0.3194E+00 0.9792E-01 0.2126E+00 0.3116E+00 0.2683E+00 0.1887E+00 0.9100E-01 0.7778E-01 0.7298E-01 0.3538E+00 0.2615E+00 0.2330E+00 0.0000E+00
0.0000E+00 0.2103E+00 0.3049E-01 0.9493E-01 0.1612E+00 0.3474E+00 0.1401E+00 0.2289E+00 0.1823E+00 0.3297E+00 0.9862E-01 0.1847E+00 0.3436E+00 0.2975E+00 0.1199E+00 0.1272E+00 0.6282E-01 0.6550E-01 0.3535E+00 0.2753E+00 0.1523E+00 0.0000E+00
0.0000E+00 0.1508E+00 0.1310E-01 0.6346E-01 0.9070E-02 0.2912E+00 0.1105E+00 0.2963E+00 0.3887E+00 0.2273E+00 0.1150E+00 0.1306E+00 0.2755E+00 0.2626E+00 0.1022E+00 0.9136E-01 0.1331E+00 0.6244E-01 0.3092E+00 0.2085E+00 0.6533E-02 0.0000E+00
0.0000E+00 0.0000E+00 0.0000E+00 0.0000E+00 0.0000E+00 0.0000E+00 0.0000E+00 0.0000E+00 0.0000E+00 0.0000E+00 0.0000E+00 0.0000E+00 0.0000E+00 0.0000E+00 0.0000E+00 0.0000E+00 0.0000E+00 0.0000E+00 0.0000E+00 0.0000E+00 0.0000E+00 0.0000E+00
