p2_rainE_lowsm_sedtr.asc
ncols     22
nrows     62
xllcorner      0.00000000
yllcorner      0.00000000
cellsize      0.50000000
nodata_value -9999
0.0000E+00 0.0000E+00 0.0000E+00 0.0000E+00 0.0000E+00 0.0000E+00 0.0000E+00 0.0000E+00 0.0000E+00 0.0000E+00 0.0000E+00 0.0000E+00 0.0000E+00 0.0000E+00 0.0000E+00 0.0000E+00 0.0000E+00 0.0000E+00 0.0000E+00 0.0000E+00 0.0000E+00 0.0000E+00
0.0000E+00 0.2379E-06 0.1493E-06 0.2577E-06 -.1952E-06 0.4060E-06 0.6921E-05 0.3119E-07 -.4154E-07 0.3419E-06 -.6272E-07 0.7043E-06 0.1973E-06 0.7472E-06 -.2069E-06 -.5694E-07 0.6471E-06 0.5260E-06 -.1764E-06 -.3263E-07 0.7915E-06 0.0000E+00
0.0000E+00 -.3005E-07 0.7329E-06 -.5517E-06 0.1143E-05 0.7595E-04 -.9450E-07 0.4571E-06 -.5654E-07 -.1128E-06 0.2071E-06 -.1431E-06 0.2122E-06 -.3798E-06 0.5621E-04 0.1922E-06 -.1959E-06 -.3404E-07 0.4373E-07 0.2472E-05 0.7915E-05 0.0000E+00
0.0000E+00 0.5569E-08 0.9330E-05 0.5099E-06 -.4226E-06 0.8647E-05 0.2180E-06 0.3636E-06 0.4892E-06 -.1663E-06 0.9073E-06 0.1041E-05 0.2837E-03 0.4534E-04 0.1557E-04 0.8807E-06 -.2357E-06 0.5072E-06 0.6796E-07 -.3543E-07 -.1654E-06 0.0000E+00
0.0000E+00 -.3228E-07 0.4376E-04 0.1467E-05 0.7721E-06 0.4863E-04 0.2631E-05 0.7091E-29 0.2293E-06 0.2028E-06 0.2944E-04 0.2236E-05 0.2156E-03 -.4547E-07 0.2425E-05 -.1388E-06 0.3791E-06 0.2642E-05 -.3828E-06 0.8993E-05 0.2597E-05 0.0000E+00
0.0000E+00 0.1296E-06 -.1285E-07 -.7246E-07 0.2384E-06 -.2238E-07 0.2944E-06 0.2050E-05 0.2889E-06 -.6594E-07 -.1782E-06 0.1226E-04 0.1421E-04 0.1948E-05 0.3512E-06 0.1340E-06 -.5367E-07 0.2998E-04 0.3162E-06 0.3231E-04 0.1414E-04 0.0000E+00
0.0000E+00 0.8021E-07 -.1288E-06 0.2809E-06 -.2156E-06 0.1410E-06 0.4806E-07 -.5396E-07 0.2605E-06 -.2207E-06 0.2778E-06 0.3560E-06 0.5068E-05 0.1439E-09 0.1450E-05 0.9223E-06 0.6793E-06 0.3642E-05 0.1218E-05 0.7062E-05 0.1529E-05 0.0000E+00
0.0000E+00 0.2695E-06 0.9756E-07 -.8918E-08 0.1367E-06 0.1213E-06 -.6341E-07 0.1695E-06 -.3899E-06 0.3848E-05 0.7592E-08 0.1702E-06 0.2360E-05 0.3612E-05 0.3008E-06 -.2107E-06 0.6681E-07 0.2231E-06 0.2380E-05 0.1227E-05 0.1448E-06 0.0000E+00
0.0000E+00 -.1379E-06 -.2883E-07 -.1119E-06 0.7652E-06 0.1685E-06 -.2475E-06 0.1907E-07 0.3545E-06 0.1246E-06 -.1648E-06 0.2335E-04 -.1629E-06 0.6632E-08 -.4622E-07 -.1469E-06 0.5736E-05 -.7921E-07 0.5387E-07 0.6784E-07 -.1629E-07 0.0000E+00
0.0000E+00 0.9154E-07 0.2222E-06 -.2651E-06 0.5138E-06 -.3680E-06 0.4397E-06 0.1201E-07 0.1840E-08 0.5457E-07 0.1224E-04 0.8846E-04 0.3698E-04 0.1096E-04 0.1182E-06 0.4520E-07 0.3538E-05 0.3126E-04 0.3212E-07 0.1010E-07 0.2373E-06 0.0000E+00
0.0000E+00 -.6366E-07 -.3092E-06 0.1248E-05 -.4470E-06 0.5371E-06 0.3531E-06 -.1094E-06 -.3176E-06 -.1782E-06 0.3164E-05 0.5510E-04 0.7419E-05 -.1019E-07 -.2421E-06 -.3986E-07 0.1579E-06 0.1831E-05 -.2108E-06 0.6382E-08 0.4708E-08 0.0000E+00
0.0000E+00 0.2681E-06 0.2051E-06 -.1861E-06 0.1133E-06 -.2297E-06 -.2690E-07 -.2642E-07 0.8567E-06 0.3209E-06 0.2441E-07 0.4788E-05 0.7692E-06 0.3517E-05 0.7915E-06 0.3937E-06 -.1920E-06 -.1828E-06 0.1656E-06 -.2147E-06 0.7730E-06 0.0000E+00
0.0000E+00 0.1692E-05 -.2341E-06 0.4708E-05 -.3020E-06 0.3046E-05 -.2770E-06 0.2632E-05 0.3781E-04 -.2532E-06 0.1025E-06 0.1506E-06 0.6351E-07 0.1097E-06 0.5039E-07 -.1796E-06 0.1930E-06 0.2350E-06 -.3843E-06 0.3007E-06 -.7163E-07 0.0000E+00
0.0000E+00 0.1014E-04 0.2868E-06 0.3172E-04 0.1317E-06 0.5832E-08 0.1137E-06 -.1331E-06 -.4901E-06 0.2381E-05 -.3119E-07 -.1613E-07 0.7001E-07 -.1184E-06 -.1787E-06 -.1018E-06 0.1919E-06 -.3359E-07 0.2147E-06 0.7757E-07 0.7460E-08 0.0000E+00
0.0000E+00 0.3139E-06 -.4275E-06 0.1113E-05 -.2829E-06 -.2091E-06 0.1638E-06 0.5701E-06 0.3037E-06 -.2027E-07 0.7137E-06 -.3736E-06 0.5391E-05 0.2226E-06 0.4011E-06 0.2779E-06 -.1082E-06 -.3963E-07 0.1291E-06 0.1260E-06 0.2956E-06 0.0000E+00
0.0000E+00 -.1039E-06 0.5178E-06 -.1046E-06 0.1399E-06 -.3746E-07 -.7872E-07 0.9050E-06 0.2167E-06 -.3477E-06 -.1661E-06 0.3063E-06 0.5175E-07 0.1252E-06 0.1327E-05 0.1356E-06 0.3351E-06 -.2248E-06 0.4995E-07 0.6994E-08 -.4227E-06 0.0000E+00
0.0000E+00 -.6900E-07 0.9177E-07 -.1658E-07 0.2007E-05 0.8853E-07 0.4546E-06 -.2916E-06 -.1342E-06 0.6615E-06 0.4554E-07 0.1818E-06 0.2578E-06 -.4597E-06 0.2192E-06 -.5494E-06 0.2412E-06 -.2734E-06 0.1202E-06 0.1343E-06 0.9396E-07 0.0000E+00
0.0000E+00 0.1084E-07 0.1617E-06 0.7326E-08 -.3115E-07 -.1482E-06 0.2199E-06 0.2743E-06 0.3716E-06 0.1100E-06 0.5383E-07 -.3460E-06 0.2450E-06 -.3767E-07 0.5340E-07 0.2709E-06 0.7540E-06 0.4580E-06 -.2364E-06 0.1879E-05 0.4621E-06 0.0000E+00
0.0000E+00 0.1202E-06 -.2262E-06 0.3001E-06 0.1631E-05 -.1911E-07 0.7662E-07 -.5084E-06 0.3519E-06 -.1087E-06 -.7650E-07 0.3471E-06 -.3698E-06 0.2264E-06 -.8746E-07 0.3484E-06 0.1460E-06 -.1624E-06 0.5106E-05 -.4844E-06 0.8421E-08 0.0000E+00
0.0000E+00 -.1163E-06 0.4755E-06 -.3133E-06 0.9363E-06 0.4625E-06 0.3486E-05 0.3973E-08 0.6632E-07 0.9910E-07 -.7202E-07 -.3024E-07 0.2250E-06 0.2714E-06 0.3146E-06 -.8230E-07 -.1060E-06 -.6224E-07 0.2641E-06 -.9841E-07 -.7110E-07 0.0000E+00
0.0000E+00 -.6526E-08 -.8716E-07 -.9795E-07 0.6982E-06 0.3913E-06 -.2924E-06 0.3643E-07 0.2561E-06 -.2412E-06 0.3440E-06 0.1265E-05 0.2343E-06 -.3495E-06 0.1694E-07 0.4478E-06 -.2150E-06 0.7565E-06 0.2928E-06 0.8828E-07 0.1206E-06 0.0000E+00
0.0000E+00 -.4720E-08 -.5924E-07 0.4201E-07 0.2665E-06 -.2173E-06 0.3693E-06 -.1164E-06 0.6418E-07 0.1930E-06 -.1587E-06 0.4457E-07 -.3563E-07 -.1708E-06 0.1918E-06 -.1867E-06 0.8195E-06 0.3772E-06 -.1945E-06 0.1037E-05 -.4294E-06 0.0000E+00
0.0000E+00 -.1632E-06 0.4722E-06 -.1256E-06 -.1500E-06 -.2771E-07 0.3629E-05 0.1211E-07 -.2030E-06 0.2854E-07 0.3449E-06 -.2771E-06 -.2040E-06 0.1035E-07 0.5458E-06 -.4474E-07 -.3416E-06 0.3521E-04 0.2684E-06 0.1193E-06 0.1533E-06 0.0000E+00
0.0000E+00 0.1122E-06 0.1170E-06 -.2437E-06 -.2225E-06 0.4557E-06 -.5517E-07 0.4679E-07 0.1668E-06 0.9119E-07 -.1656E-06 -.2180E-06 0.7774E-06 -.2094E-06 0.1240E-06 -.2477E-06 0.3214E-06 -.4570E-06 0.3501E-06 -.9880E-07 -.1433E-06 0.0000E+00
0.0000E+00 0.8128E-04 -.4995E-06 0.7255E-06 0.2080E-06 -.3022E-07 -.2149E-07 0.1632E-04 -.8296E-07 0.2467E-06 0.4706E-06 0.1589E-05 -.3623E-06 0.2021E-06 -.1148E-06 0.3787E-06 0.8343E-07 0.5296E-06 -.3541E-06 0.9456E-06 -.2318E-06 0.0000E+00
0.0000E+00 -.4528E-07 0.5399E-05 -.5933E-06 0.3159E-06 -.1546E-06 -.1941E-06 0.2662E-04 0.1021E-06 -.1978E-06 0.2749E-06 0.4222E-06 -.1154E-06 -.2303E-06 0.6510E-07 -.5364E-07 0.4799E-06 0.3190E-08 0.2334E-06 -.3240E-06 0.3078E-06 0.0000E+00
0.0000E+00 -.3947E-07 -.8923E-07 0.5575E-05 -.2703E-07 -.7916E-07 0.6710E-06 -.2380E-06 -.2030E-06 0.5486E-04 -.3932E-06 0.4184E-05 0.7339E-05 0.6955E-06 0.4481E-06 -.2655E-06 0.2663E-05 0.1410E-04 0.1223E-05 0.2900E-06 0.9647E-05 0.0000E+00
0.0000E+00 0.2340E-06 -.9372E-07 0.8184E-06 -.2163E-06 -.3708E-07 0.2569E-06 0.5456E-07 -.3108E-06 0.2880E-04 -.1769E-07 -.2048E-06 0.7394E-06 0.1613E-04 0.1571E-05 0.1032E-04 0.6760E-06 0.3760E-06 -.1447E-06 0.5011E-07 0.1573E-06 0.0000E+00
0.0000E+00 -.2316E-07 0.1296E-06 0.5157E-05 -.1598E-06 0.3319E-06 0.7289E-06 0.2168E-07 0.2598E-06 0.1306E-05 0.3009E-06 0.3027E-05 -.2328E-06 0.2292E-06 0.1079E-06 -.2211E-06 0.6909E-07 -.2668E-07 0.3453E-06 0.1122E-06 -.6358E-07 0.0000E+00
0.0000E+00 -.9425E-07 0.2394E-06 0.4026E-06 0.2298E-06 0.1654E-04 0.3034E-06 0.6717E-06 -.3259E-06 0.5584E-04 0.1825E-05 0.7185E-05 0.2735E-06 -.1711E-06 -.3749E-06 0.3554E-06 -.3669E-06 0.1134E-06 -.2512E-06 0.2066E-04 0.1360E-06 0.0000E+00
0.0000E+00 0.3273E-06 -.2104E-06 0.3281E-04 -.2532E-07 0.7274E-04 -.2321E-06 0.2606E-06 -.8366E-07 -.3914E-06 0.7242E-05 0.1266E-06 0.2710E-05 -.4112E-08 0.5210E-06 0.2582E-07 0.1776E-04 0.1133E-05 0.7308E-07 -.2052E-07 -.8417E-07 0.0000E+00
0.0000E+00 0.2173E-07 -.7980E-07 0.4769E-05 -.1228E-06 0.1479E-04 -.1759E-07 -.2120E-06 -.1928E-06 0.2711E-06 0.1102E-06 -.1887E-06 -.2184E-06 0.1573E-04 -.1643E-06 0.1840E-06 0.2515E-06 -.3307E-06 0.1268E-06 -.2972E-06 0.1163E-05 0.0000E+00
0.0000E+00 0.4095E-06 -.3017E-06 0.1743E-06 -.2608E-06 0.1448E-05 0.1171E-06 0.4419E-06 0.5873E-06 -.1038E-06 -.2999E-06 0.1744E-05 -.1632E-06 0.3880E-07 0.2029E-06 -.1971E-06 0.2903E-07 -.3023E-07 0.2598E-07 0.1897E-06 0.2665E-06 0.0000E+00
0.0000E+00 -.3139E-06 -.2950E-07 0.2916E-06 0.8740E-04 0.2874E-05 -.2130E-06 0.4572E-06 -.4989E-06 0.2705E-06 0.3374E-06 -.3163E-06 0.7435E-07 0.1302E-05 0.5456E-06 0.6541E-06 0.9451E-07 -.1324E-07 -.1010E-06 0.2132E-06 0.1419E-04 0.0000E+00
0.0000E+00 0.1524E-06 0.2775E-06 0.2440E-03 0.6975E-05 -.7206E-07 -.7717E-07 0.4728E-06 0.1421E-07 0.2514E-04 -.3596E-06 0.1014E-04 0.5770E-05 0.2906E-04 0.1583E-04 0.6154E-06 -.7659E-07 0.2164E-05 -.2418E-06 0.2465E-05 0.6129E-05 0.0000E+00
0.0000E+00 0.1683E-05 -.1872E-06 0.1528E-03 0.1304E-05 0.3714E-04 0.8596E-05 0.5041E-05 0.4372E-05 0.8958E-04 0.6950E-06 0.1219E-03 -.2015E-06 0.1220E-05 0.1990E-05 0.2326E-04 -.1398E-06 0.1100E-04 0.1363E-03 0.1044E-03 0.2416E-06 0.0000E+00
0.0000E+00 0.8792E-06 -.1501E-07 0.4633E-04 0.8032E-07 0.6097E-07 0.1311E-05 -.1851E-07 0.6043E-07 -.1890E-06 0.1212E-03 -.3580E-07 0.2807E-03 0.1668E-05 0.2809E-04 0.5151E-05 0.4740E-06 0.1069E-06 0.1148E-04 0.4035E-04 -.1371E-08 0.0000E+00
0.0000E+00 0.4599E-06 -.9678E-07 -.1298E-07 -.1539E-06 0.4661E-06 0.1789E-05 0.2425E-08 0.9492E-07 0.1063E-07 0.1121E-06 0.4626E-08 -.6166E-09 0.7531E-06 0.2020E-04 0.4249E-06 0.1003E-04 0.2118E-05 0.4442E-04 0.1173E-03 -.4704E-07 0.0000E+00
0.0000E+00 -.2371E-06 0.4568E-03 0.2996E-07 0.1314E-06 0.3055E-05 0.6816E-04 -.9914E-07 0.3357E-07 0.1929E-07 -.1044E-07 0.1424E-03 0.2163E-03 0.4385E-03 0.7178E-06 0.2445E-05 0.1151E-04 0.2676E-03 0.2012E-03 0.1842E-03 0.1109E-06 0.0000E+00
0.0000E+00 0.5102E-06 0.2220E-03 0.1231E-03 -.8390E-07 0.2876E-04 -.1993E-06 0.8619E-04 -.2987E-07 -.7066E-07 0.7767E-06 -.2733E-09 0.1664E-03 0.1248E-04 -.2082E-07 -.2341E-06 0.6031E-04 0.2757E-04 0.4930E-04 0.2105E-04 -.1127E-06 0.0000E+00
0.0000E+00 -.5014E-08 0.2802E-04 0.6218E-04 0.3697E-05 0.5325E-04 0.2265E-04 0.3777E-03 0.6025E-04 0.7132E-06 0.5171E-06 0.2012E-04 0.3564E-03 0.4677E-04 0.6459E-05 0.2749E-06 0.2295E-04 0.9081E-04 0.1756E-04 0.4874E-06 0.5899E-10 0.0000E+00
0.0000E+00 -.1168E-06 0.2074E-07 0.1263E-03 0.2708E-06 0.5070E-03 0.4091E-05 0.6742E-03 0.1223E-02 -.7214E-07 -.3192E-07 0.1846E-04 0.1280E-03 0.4138E-05 0.1281E-04 -.3813E-06 -.1560E-06 0.8583E-05 0.1207E-03 0.2581E-06 0.4950E-07 0.0000E+00
0.0000E+00 0.2116E-05 0.4320E-04 0.3972E-04 0.5242E-03 0.9670E-03 0.8997E-08 0.2745E-03 0.8977E-03 0.2549E-03 0.9484E-05 -.1352E-06 0.3334E-03 -.1522E-06 0.4405E-05 0.6484E-06 0.4113E-04 0.2511E-04 0.9005E-05 -.3924E-06 0.2899E-06 0.0000E+00
0.0000E+00 -.1680E-06 0.5322E-03 0.1268E-04 0.2269E-03 0.4015E-03 -.8498E-07 0.8823E-04 0.4796E-03 0.8376E-04 0.1696E-02 0.5143E-06 0.4757E-03 0.2084E-05 0.1077E-04 0.2651E-03 0.1255E-02 -.3932E-06 0.4536E-06 0.9428E-04 -.3764E-07 0.0000E+00
0.0000E+00 0.1771E-04 0.2146E-03 -.2103E-07 0.4932E-04 0.9887E-03 0.6364E-05 0.2316E-04 0.3206E-03 0.8350E-03 0.2146E-02 0.7583E-06 0.2806E-03 -.1400E-06 0.4745E-04 0.1075E-04 0.4137E-03 0.7541E-04 -.3212E-06 0.1371E-04 0.4501E-06 0.0000E+00
0.0000E+00 0.9551E-03 0.2215E-04 0.7226E-06 0.4181E-03 0.7626E-03 0.8505E-03 0.7532E-05 0.1845E-03 0.1093E-02 0.1535E-02 -.1378E-06 0.1594E-03 0.4763E-04 0.2851E-04 0.1049E-03 0.3065E-03 0.1483E-04 0.3896E-04 0.1754E-05 0.3839E-07 0.0000E+00
0.0000E+00 0.3498E-03 0.1911E-05 0.7824E-04 0.1155E-03 0.4968E-03 0.6982E-03 0.8794E-06 0.1882E-03 0.4960E-03 0.9612E-03 0.2773E-04 0.3142E-05 0.2390E-05 0.2963E-05 0.2062E-04 0.4319E-03 0.5265E-05 0.5001E-04 -.1919E-07 -.7582E-07 0.0000E+00
0.0000E+00 0.5758E-04 -.5575E-07 0.3500E-04 0.2658E-04 0.3544E-03 0.9508E-03 -.1059E-06 0.2646E-04 0.7510E-03 0.6949E-03 0.4795E-06 0.4208E-06 -.2023E-06 0.2553E-06 0.2856E-05 0.1190E-03 -.3413E-07 -.1669E-06 -.1292E-06 0.3320E-06 0.0000E+00
0.0000E+00 0.1474E-05 0.1903E-06 0.1139E-04 0.7242E-03 0.7145E-03 0.6460E-03 0.5264E-06 0.3844E-07 0.6434E-03 0.4130E-03 -.1420E-06 -.2700E-06 0.5152E-05 -.3209E-07 0.1801E-04 0.4041E-04 -.6206E-07 0.5927E-07 0.1434E-07 0.1175E-07 0.0000E+00
0.0000E+00 0.8279E-07 -.1174E-06 -.8245E-07 0.6525E-03 0.1453E-02 -.6446E-07 0.5627E-06 0.1785E-05 0.4959E-03 -.2517E-06 0.1379E-06 0.5802E-06 0.6128E-04 0.4763E-06 -.4100E-06 -.1239E-06 -.5275E-07 0.3540E-08 0.6225E-07 0.2019E-05 0.0000E+00
0.0000E+00 -.2135E-07 0.2011E-04 0.2956E-07 0.7357E-03 0.8940E-03 -.1394E-06 -.1094E-06 0.9743E-07 0.4812E-03 0.6653E-06 0.1598E-05 -.7106E-06 0.6432E-05 0.2396E-05 0.1706E-04 0.1000E-03 0.3811E-05 -.9930E-07 0.6985E-08 -.9791E-07 0.0000E+00
0.0000E+00 -.1171E-07 0.2224E-06 0.3768E-06 0.6067E-03 0.6060E-03 -.6365E-07 0.2466E-06 -.2158E-06 0.2870E-03 -.2430E-06 0.7801E-06 0.1969E-04 0.7367E-05 0.8473E-05 0.1449E-06 0.4028E-05 0.4348E-06 0.2172E-06 0.1833E-06 0.5854E-04 0.0000E+00
0.0000E+00 0.3639E-04 0.5471E-06 0.4187E-03 0.1143E-02 0.5576E-03 0.5644E-07 -.1606E-07 0.7070E-07 0.2120E-03 -.2760E-06 0.2262E-06 0.2936E-03 0.1565E-05 -.1603E-06 0.5731E-06 0.2976E-05 -.1223E-06 0.6150E-06 -.3942E-06 0.4247E-06 0.0000E+00
0.0000E+00 0.3850E-05 0.6348E-07 0.4776E-04 0.4778E-03 0.3229E-03 0.2732E-03 0.4892E-06 0.3160E-03 0.1276E-03 0.1693E-06 0.5907E-05 0.3246E-04 0.1644E-04 -.1077E-06 0.1395E-06 0.4896E-08 0.4657E-04 0.3323E-06 0.3763E-06 -.1054E-06 0.0000E+00
0.0000E+00 0.3703E-04 0.6130E-07 0.5995E-05 0.3145E-03 0.3918E-03 0.9989E-03 0.1777E-04 0.2354E-03 0.3157E-04 0.2365E-06 0.6105E-05 0.2432E-05 0.2548E-05 -.2264E-06 0.1451E-06 0.1989E-04 0.4415E-05 0.3843E-04 0.3708E-06 0.1682E-05 0.0000E+00
0.0000E+00 0.3285E-05 0.1660E-03 0.5984E-06 0.1790E-03 0.1416E-03 0.6256E-03 0.5606E-04 0.7070E-03 0.2180E-06 0.6993E-04 0.3466E-04 0.5502E-06 0.8654E-05 0.5475E-06 -.3747E-06 0.3982E-04 0.3011E-04 0.9047E-06 -.2611E-07 0.1664E-04 0.0000E+00
0.0000E+00 0.1538E-06 0.2547E-04 0.3557E-04 0.9380E-04 0.1189E-03 0.3575E-03 0.2255E-04 0.1138E-02 0.7796E-04 0.3079E-05 0.5021E-05 -.2021E-06 0.9887E-06 -.1396E-06 0.9409E-06 0.3490E-07 0.1960E-05 0.7785E-07 -.2941E-06 -.6007E-07 0.0000E+00
0.0000E+00 -.4455E-07 0.1691E-05 0.5062E-06 0.6870E-04 0.3171E-03 0.1651E-03 0.5229E-05 0.1209E-02 0.1201E-04 0.2456E-06 0.7116E-04 0.1544E-05 0.5165E-07 0.1451E-05 0.1529E-05 0.1298E-06 0.3465E-07 -.1611E-06 0.2175E-05 -.2602E-06 0.0000E+00
0.0000E+00 0.1310E-04 -.1315E-06 -.2264E-06 0.1699E-04 0.4375E-04 0.3557E-04 0.4326E-06 0.5335E-03 0.1700E-06 0.6535E-06 0.5072E-05 -.4490E-06 0.2785E-05 0.9133E-07 -.4412E-06 0.1535E-06 0.5175E-06 -.9232E-07 0.1833E-06 0.6640E-06 0.0000E+00
0.0000E+00 0.7171E-05 -.3381E-06 0.3870E-06 -.2192E-06 0.1320E-04 0.3943E-05 0.1049E-04 0.3006E-03 0.6737E-05 -.1860E-06 -.8103E-07 0.6413E-06 0.3246E-05 -.4046E-06 0.5450E-06 0.4926E-05 -.1217E-06 0.3290E-06 -.3496E-06 -.1597E-06 0.0000E+00
0.0000E+00 0.6515E-07 0.7459E-07 -.1289E-07 -.3159E-07 0.1168E-05 -.1391E-06 0.7801E-06 0.5653E-04 -.1374E-06 0.2475E-06 -.1758E-06 -.1059E-06 0.1080E-07 0.1909E-06 -.1371E-06 0.1856E-06 0.2328E-07 -.1624E-06 0.1905E-06 -.7214E-07 0.0000E+00
0.0000E+00 0.0000E+00 0.0000E+00 0.0000E+00 0.0000E+00 0.0000E+00 0.0000E+00 0.0000E+00 0.0000E+00 0.0000E+00 0.0000E+00 0.0000E+00 0.0000E+00 0.0000E+00 0.0000E+00 0.0000E+00 0.0000E+00 0.0000E+00 0.0000E+00 0.0000E+00 0.0000E+00 0.0000E+00
