p2_rainD_highsm_dschg.asc
ncols     22
nrows     62
xllcorner      0.00000000
yllcorner      0.00000000
cellsize      0.50000000
nodata_value -9999
0.0000E+00 0.0000E+00 0.0000E+00 0.0000E+00 0.0000E+00 0.0000E+00 0.0000E+00 0.0000E+00 0.0000E+00 0.0000E+00 0.0000E+00 0.0000E+00 0.0000E+00 0.0000E+00 0.0000E+00 0.0000E+00 0.0000E+00 0.0000E+00 0.0000E+00 0.0000E+00 0.0000E+00 0.0000E+00
0.0000E+00 0.3799E-03 0.4468E-03 0.3857E-03 0.3234E-03 0.6259E-03 0.1516E-02 0.7968E-03 0.3188E-03 0.3306E-03 0.3191E-03 0.3191E-03 0.3535E-03 0.3116E-03 0.6125E-03 0.3218E-03 0.3825E-03 0.3388E-03 0.3211E-03 0.3312E-03 0.3400E-03 0.0000E+00
0.0000E+00 0.6803E-03 0.8498E-03 0.6892E-03 0.4212E-03 0.1872E-02 0.1976E-02 0.3215E-03 0.3216E-03 0.9546E-03 0.6514E-03 0.6286E-03 0.7070E-03 0.3201E-03 0.1347E-02 0.1015E-02 0.7013E-03 0.6332E-03 0.6264E-03 0.1063E-02 0.8418E-03 0.0000E+00
0.0000E+00 0.1076E-02 0.1502E-02 0.1313E-02 0.7176E-03 0.2510E-02 0.2443E-02 0.4217E-03 0.3644E-03 0.1581E-02 0.9619E-03 0.2018E-02 0.2304E-02 0.1120E-02 0.2873E-02 0.1533E-02 0.9593E-03 0.9669E-03 0.9419E-03 0.2416E-02 0.3434E-02 0.0000E+00
0.0000E+00 0.1346E-02 0.3026E-02 0.7906E-02 0.4015E-02 0.3626E-02 0.3098E-02 0.1844E-02 0.3216E-03 0.1877E-02 0.4874E-03 0.3122E-02 0.3204E-02 0.3122E-03 0.5350E-02 0.1762E-02 0.1394E-02 0.3069E-02 0.3133E-03 0.4979E-03 0.3677E-02 0.0000E+00
0.0000E+00 0.2106E-02 0.2269E-02 0.9951E-02 0.8403E-03 0.3024E-03 0.6605E-02 0.2277E-02 0.3279E-03 0.2128E-02 0.3136E-03 0.3806E-02 0.6703E-02 0.1043E-02 0.6030E-02 0.3448E-03 0.3902E-03 0.3582E-02 0.6443E-03 0.1141E-02 0.4053E-02 0.0000E+00
0.0000E+00 0.4454E-03 0.3042E-03 0.1151E-01 0.9577E-03 0.3256E-03 0.6901E-02 0.3184E-03 0.9551E-03 0.2359E-02 0.3583E-03 0.4971E-03 0.7379E-02 0.1503E-02 0.5864E-02 0.6255E-02 0.6836E-02 0.1035E-01 0.1131E-01 0.1743E-02 0.4399E-02 0.0000E+00
0.0000E+00 0.8295E-03 0.5996E-03 0.1208E-01 0.4867E-03 0.3262E-03 0.6717E-02 0.3175E-03 0.1224E-02 0.2675E-02 0.7058E-03 0.3595E-03 0.7455E-02 0.2189E-02 0.3263E-03 0.3174E-03 0.6726E-03 0.1217E-02 0.1310E-01 0.1505E-01 0.1942E-01 0.0000E+00
0.0000E+00 0.1115E-02 0.1238E-01 0.1209E-01 0.3571E-03 0.6417E-03 0.6583E-02 0.6126E-03 0.1480E-02 0.4476E-02 0.1005E-02 0.1083E-02 0.1011E-01 0.2416E-02 0.3148E-03 0.3081E-03 0.4481E-03 0.7369E-03 0.1088E-02 0.5008E-03 0.1985E-01 0.0000E+00
0.0000E+00 0.1518E-02 0.1211E-01 0.3195E-03 0.3191E-03 0.9164E-03 0.7414E-02 0.7910E-02 0.7791E-02 0.1253E-01 0.1382E-01 0.1795E-02 0.1232E-01 0.1769E-02 0.5973E-03 0.9155E-03 0.1183E-02 0.1651E-02 0.1426E-02 0.4254E-03 0.2032E-01 0.0000E+00
0.0000E+00 0.1694E-02 0.1185E-01 0.7216E-03 0.6266E-03 0.3359E-03 0.3183E-03 0.3065E-03 0.3149E-03 0.6127E-03 0.1476E-01 0.1703E-01 0.1204E-01 0.3180E-03 0.3141E-03 0.3183E-03 0.6451E-03 0.2720E-02 0.1912E-02 0.3125E-03 0.1975E-01 0.0000E+00
0.0000E+00 0.1886E-02 0.1360E-01 0.1405E-01 0.9203E-03 0.6443E-03 0.6314E-03 0.6150E-03 0.3209E-03 0.4603E-03 0.8547E-03 0.3096E-01 0.1332E-01 0.1041E-02 0.6331E-03 0.3278E-03 0.6270E-03 0.5505E-02 0.2085E-02 0.3133E-03 0.1928E-01 0.0000E+00
0.0000E+00 0.3226E-03 0.3194E-03 0.1410E-01 0.1466E-01 0.1526E-01 0.9652E-03 0.1121E-02 0.7165E-03 0.3233E-03 0.3393E-03 0.3189E-01 0.7385E-03 0.4617E-03 0.9194E-03 0.3190E-03 0.3262E-03 0.5604E-02 0.3141E-03 0.6073E-03 0.1877E-01 0.0000E+00
0.0000E+00 0.7630E-03 0.7174E-03 0.5053E-03 0.3843E-03 0.1498E-01 0.1882E-01 0.3144E-02 0.1654E-02 0.7702E-03 0.3189E-03 0.3163E-01 0.3232E-03 0.3140E-03 0.1166E-02 0.6074E-03 0.1209E-02 0.5585E-02 0.6095E-03 0.8844E-03 0.1826E-01 0.0000E+00
0.0000E+00 0.1226E-02 0.9925E-03 0.1750E-02 0.6814E-03 0.3116E-03 0.1847E-01 0.3353E-03 0.3262E-03 0.3248E-03 0.3505E-03 0.3111E-01 0.6508E-03 0.6193E-03 0.1407E-02 0.3335E-03 0.1771E-02 0.7266E-02 0.8911E-03 0.1155E-02 0.1778E-01 0.0000E+00
0.0000E+00 0.1443E-02 0.3658E-03 0.2638E-02 0.1032E-02 0.6032E-03 0.1864E-01 0.6747E-03 0.6421E-03 0.6206E-03 0.6558E-03 0.3058E-01 0.1021E-02 0.9914E-03 0.1666E-02 0.3198E-03 0.3165E-03 0.7209E-02 0.1160E-02 0.1425E-02 0.1722E-01 0.0000E+00
0.0000E+00 0.1657E-02 0.3533E-03 0.3110E-02 0.1585E-02 0.3179E-03 0.1823E-01 0.1684E-02 0.8894E-03 0.9129E-03 0.1916E-02 0.3002E-01 0.1368E-02 0.3042E-02 0.1907E-02 0.6257E-03 0.6198E-03 0.7154E-02 0.1423E-02 0.1664E-02 0.1671E-01 0.0000E+00
0.0000E+00 0.1873E-02 0.2525E-02 0.5707E-02 0.7467E-02 0.6243E-03 0.1843E-01 0.1862E-02 0.3171E-03 0.3587E-03 0.2524E-02 0.2945E-01 0.1643E-02 0.3429E-02 0.3198E-03 0.9499E-03 0.1017E-02 0.7154E-02 0.8589E-02 0.1954E-02 0.1622E-01 0.0000E+00
0.0000E+00 0.3786E-03 0.3160E-03 0.3458E-03 0.7842E-02 0.3645E-03 0.1841E-01 0.2059E-02 0.6346E-03 0.3154E-03 0.2780E-02 0.3170E-01 0.5384E-02 0.3678E-02 0.3214E-03 0.1583E-02 0.1301E-02 0.3147E-03 0.8611E-02 0.1033E-01 0.1569E-01 0.0000E+00
0.0000E+00 0.6711E-03 0.6557E-03 0.1246E-02 0.7892E-02 0.3492E-03 0.1799E-01 0.2332E-02 0.9222E-03 0.6055E-03 0.3268E-03 0.3140E-01 0.5418E-02 0.3448E-03 0.3222E-03 0.1866E-02 0.2322E-02 0.6368E-03 0.3453E-03 0.1050E-01 0.2574E-01 0.0000E+00
0.0000E+00 0.9479E-03 0.3160E-03 0.1485E-02 0.7916E-02 0.7087E-03 0.1737E-01 0.1918E-01 0.2249E-02 0.8907E-03 0.3619E-03 0.3117E-01 0.5457E-02 0.6490E-03 0.6422E-03 0.2169E-02 0.2616E-02 0.3388E-03 0.3341E-03 0.3175E-03 0.2556E-01 0.0000E+00
0.0000E+00 0.1211E-02 0.6191E-03 0.1741E-02 0.7929E-02 0.9256E-03 0.3381E-03 0.1856E-01 0.2951E-02 0.3175E-03 0.3198E-03 0.3050E-01 0.5461E-02 0.6096E-02 0.6748E-02 0.2418E-02 0.2781E-02 0.1457E-02 0.6413E-03 0.3365E-03 0.2498E-01 0.0000E+00
0.0000E+00 0.1456E-02 0.9077E-03 0.1959E-02 0.7854E-02 0.1166E-02 0.6585E-03 0.1798E-01 0.3042E-02 0.3179E-03 0.6153E-03 0.2982E-01 0.3166E-03 0.3178E-03 0.6791E-02 0.2633E-02 0.2924E-02 0.1923E-02 0.3753E-03 0.6441E-03 0.2467E-01 0.0000E+00
0.0000E+00 0.1753E-02 0.2861E-02 0.2132E-02 0.9888E-02 0.1139E-01 0.9889E-03 0.2077E-01 0.3153E-02 0.6202E-03 0.8860E-03 0.2916E-01 0.6243E-03 0.6186E-03 0.6827E-02 0.2701E-02 0.3154E-02 0.5184E-02 0.7651E-03 0.9261E-03 0.2407E-01 0.0000E+00
0.0000E+00 0.4194E-03 0.3051E-02 0.3516E-03 0.3575E-03 0.1162E-01 0.1289E-01 0.2050E-01 0.3233E-03 0.9369E-03 0.1191E-02 0.2854E-01 0.2844E-01 0.9210E-03 0.6657E-02 0.2784E-02 0.3330E-03 0.5729E-02 0.1043E-02 0.1234E-02 0.2338E-01 0.0000E+00
0.0000E+00 0.7116E-03 0.3403E-02 0.6549E-03 0.7308E-03 0.3226E-03 0.1253E-01 0.1991E-01 0.8825E-03 0.1318E-02 0.1451E-02 0.3240E-03 0.2746E-01 0.2740E-01 0.6456E-02 0.9055E-02 0.3375E-03 0.5882E-02 0.1431E-02 0.1491E-02 0.2292E-01 0.0000E+00
0.0000E+00 0.9916E-03 0.4953E-02 0.1155E-02 0.1945E-02 0.8644E-03 0.1232E-01 0.1936E-01 0.1175E-02 0.1878E-02 0.1703E-02 0.8894E-03 0.4552E-03 0.2654E-01 0.3207E-03 0.8931E-02 0.7813E-03 0.6285E-02 0.1888E-02 0.1941E-02 0.2286E-01 0.0000E+00
0.0000E+00 0.4406E-03 0.5522E-02 0.6829E-02 0.2151E-02 0.3195E-03 0.1218E-01 0.1916E-01 0.1408E-02 0.2333E-02 0.1933E-02 0.1203E-02 0.7720E-03 0.2585E-01 0.6276E-03 0.8997E-02 0.1199E-02 0.6305E-02 0.2079E-02 0.2296E-02 0.2463E-01 0.0000E+00
0.0000E+00 0.3212E-03 0.3424E-03 0.6926E-02 0.2366E-02 0.7059E-03 0.1204E-01 0.1853E-01 0.1667E-02 0.2557E-02 0.2147E-02 0.1635E-02 0.1033E-02 0.2515E-01 0.9574E-03 0.9631E-02 0.1535E-02 0.6271E-02 0.2291E-02 0.3116E-03 0.2382E-01 0.0000E+00
0.0000E+00 0.6274E-03 0.6573E-03 0.1074E-01 0.2642E-02 0.1279E-02 0.1186E-01 0.1790E-01 0.1879E-02 0.3007E-02 0.2431E-02 0.1877E-02 0.1338E-02 0.2429E-01 0.3169E-03 0.9385E-02 0.1725E-02 0.6180E-02 0.2451E-02 0.7626E-03 0.2301E-01 0.0000E+00
0.0000E+00 0.9403E-03 0.1190E-02 0.1092E-01 0.3188E-03 0.2037E-02 0.1155E-01 0.1724E-01 0.2087E-02 0.5196E-02 0.2942E-02 0.2190E-02 0.1698E-02 0.2345E-01 0.6196E-03 0.9090E-02 0.1958E-02 0.6165E-02 0.2612E-02 0.1054E-02 0.2243E-01 0.0000E+00
0.0000E+00 0.3420E-03 0.1443E-02 0.1123E-01 0.6198E-03 0.2423E-02 0.1124E-01 0.1661E-01 0.3153E-03 0.5336E-02 0.8336E-02 0.2357E-02 0.4217E-02 0.2383E-01 0.9186E-03 0.8864E-02 0.2202E-02 0.8221E-02 0.2821E-02 0.1294E-02 0.2228E-01 0.0000E+00
0.0000E+00 0.6801E-03 0.1665E-02 0.1126E-01 0.8908E-03 0.2666E-02 0.1089E-01 0.1598E-01 0.6238E-03 0.3204E-03 0.8311E-02 0.3254E-03 0.4354E-02 0.2348E-01 0.3357E-03 0.8541E-02 0.8304E-02 0.8103E-02 0.3024E-02 0.1565E-02 0.2146E-01 0.0000E+00
0.0000E+00 0.9747E-03 0.1938E-02 0.1126E-01 0.1624E-02 0.3084E-02 0.1057E-01 0.1563E-01 0.9354E-03 0.7531E-03 0.8279E-02 0.6150E-03 0.4688E-02 0.2320E-01 0.3296E-03 0.3370E-03 0.8121E-02 0.8113E-02 0.3122E-02 0.1814E-02 0.2082E-01 0.0000E+00
0.0000E+00 0.1385E-02 0.2201E-02 0.1314E-01 0.2002E-02 0.3415E-02 0.1027E-01 0.1508E-01 0.1312E-02 0.1343E-02 0.8271E-02 0.9847E-03 0.4803E-02 0.2241E-01 0.3220E-03 0.7468E-03 0.7996E-02 0.8365E-02 0.1127E-01 0.2402E-02 0.2037E-01 0.0000E+00
0.0000E+00 0.4404E-02 0.2380E-02 0.1275E-01 0.2212E-02 0.4158E-02 0.1550E-01 0.1463E-01 0.1590E-02 0.1789E-02 0.8321E-02 0.1441E-02 0.4879E-02 0.2141E-01 0.9672E-03 0.1568E-02 0.7661E-02 0.5416E-03 0.1235E-01 0.2403E-01 0.2010E-01 0.0000E+00
0.0000E+00 0.4672E-02 0.3410E-03 0.1254E-01 0.2506E-02 0.3747E-03 0.1524E-01 0.1582E-01 0.1815E-02 0.1910E-02 0.9318E-02 0.1823E-02 0.2677E-01 0.2079E-01 0.1761E-02 0.2106E-02 0.7412E-02 0.1073E-02 0.1401E-01 0.2353E-01 0.3614E-03 0.0000E+00
0.0000E+00 0.4839E-02 0.6696E-03 0.1236E-01 0.2711E-02 0.4207E-03 0.1482E-01 0.1550E-01 0.3175E-03 0.2078E-02 0.1131E-01 0.1465E-01 0.2579E-01 0.4662E-03 0.2330E-02 0.2427E-02 0.7982E-02 0.5871E-03 0.1390E-01 0.2333E-01 0.7707E-03 0.0000E+00
0.0000E+00 0.0000E+00 0.2080E-02 0.1215E-01 0.3124E-02 0.9799E-03 0.1512E-01 0.1484E-01 0.3198E-03 0.3180E-03 0.3065E-03 0.1653E-01 0.3074E-01 0.2563E-02 0.2453E-02 0.2650E-02 0.7924E-02 0.1406E-02 0.1416E-01 0.2295E-01 0.1062E-02 0.0000E+00
0.0000E+00 0.3335E-03 0.3688E-02 0.1355E-01 0.3257E-02 0.1256E-02 0.1466E-01 0.1566E-01 0.6237E-03 0.6263E-03 0.3383E-03 0.1575E-01 0.2900E-01 0.3686E-03 0.2698E-02 0.2795E-02 0.8619E-02 0.1882E-02 0.1397E-01 0.2186E-01 0.1323E-02 0.0000E+00
0.0000E+00 0.3204E-03 0.3389E-02 0.1758E-01 0.3416E-02 0.1860E-02 0.1532E-01 0.1724E-01 0.1490E-02 0.1575E-02 0.1098E-02 0.1584E-01 0.2843E-01 0.8848E-03 0.2992E-02 0.3009E-02 0.8509E-02 0.2259E-02 0.1374E-01 0.2087E-01 0.1635E-02 0.0000E+00
0.0000E+00 0.6020E-03 0.3201E-03 0.1706E-01 0.3567E-02 0.3611E-02 0.1480E-01 0.1774E-01 0.3481E-02 0.1731E-02 0.1418E-02 0.1615E-01 0.3005E-01 0.1184E-02 0.3239E-02 0.3164E-02 0.8109E-02 0.2514E-02 0.1406E-01 0.1993E-01 0.2002E-02 0.0000E+00
0.0000E+00 0.9009E-03 0.8671E-03 0.1674E-01 0.4804E-02 0.4496E-02 0.1436E-01 0.1668E-01 0.4401E-02 0.2925E-02 0.1663E-02 0.1575E-01 0.3035E-01 0.3331E-03 0.3550E-02 0.3446E-02 0.8200E-02 0.2888E-02 0.1407E-01 0.2118E-01 0.2213E-02 0.0000E+00
0.0000E+00 0.1181E-02 0.2020E-02 0.1722E-01 0.6224E-02 0.5196E-02 0.1393E-01 0.1634E-01 0.4975E-02 0.3375E-02 0.3948E-02 0.1549E-01 0.3024E-01 0.6376E-03 0.3908E-02 0.4107E-02 0.9050E-02 0.3078E-02 0.1379E-01 0.2100E-01 0.3470E-03 0.0000E+00
0.0000E+00 0.1653E-02 0.3058E-02 0.1684E-01 0.5839E-02 0.7107E-02 0.1420E-01 0.1562E-01 0.4691E-02 0.5126E-02 0.5475E-02 0.1531E-01 0.2904E-01 0.9403E-03 0.4507E-02 0.4231E-02 0.9734E-02 0.3755E-02 0.1349E-01 0.2072E-01 0.4136E-03 0.0000E+00
0.0000E+00 0.2853E-02 0.2957E-02 0.1651E-01 0.7371E-02 0.8648E-02 0.1584E-01 0.1555E-01 0.4628E-02 0.7217E-02 0.7556E-02 0.1506E-01 0.2780E-01 0.1482E-02 0.4605E-02 0.4754E-02 0.1070E-01 0.3844E-02 0.1362E-01 0.2006E-01 0.3479E-03 0.0000E+00
0.0000E+00 0.6506E-02 0.3366E-02 0.1710E-01 0.7662E-02 0.8701E-02 0.1768E-01 0.1608E-01 0.5494E-02 0.7564E-02 0.7738E-02 0.1521E-01 0.2669E-01 0.1827E-02 0.4707E-02 0.4809E-02 0.1022E-01 0.4055E-02 0.1373E-01 0.1921E-01 0.6549E-03 0.0000E+00
0.0000E+00 0.6496E-02 0.3208E-03 0.1679E-01 0.7374E-02 0.8152E-02 0.1944E-01 0.1521E-01 0.5579E-02 0.9124E-02 0.7116E-02 0.1483E-01 0.2567E-01 0.2051E-02 0.4804E-02 0.4897E-02 0.9776E-02 0.4191E-02 0.1329E-01 0.1811E-01 0.9426E-03 0.0000E+00
0.0000E+00 0.7355E-02 0.7423E-03 0.1665E-01 0.9453E-02 0.2738E-01 0.1972E-01 0.1449E-01 0.5635E-02 0.1579E-01 0.6977E-02 0.1437E-01 0.2450E-01 0.2279E-02 0.4912E-02 0.5235E-02 0.9652E-02 0.4305E-02 0.1289E-01 0.1706E-01 0.1225E-02 0.0000E+00
0.0000E+00 0.7489E-02 0.3229E-03 0.1638E-01 0.9235E-02 0.2655E-01 0.3212E-03 0.1381E-01 0.5691E-02 0.1532E-01 0.3118E-03 0.1403E-01 0.2361E-01 0.2616E-02 0.4998E-02 0.5278E-02 0.9257E-02 0.4413E-02 0.1249E-01 0.1603E-01 0.1499E-02 0.0000E+00
0.0000E+00 0.7580E-02 0.9765E-03 0.1641E-01 0.1055E-01 0.2593E-01 0.6218E-03 0.1325E-01 0.5855E-02 0.1487E-01 0.6397E-03 0.1366E-01 0.3602E-01 0.2977E-02 0.5130E-02 0.5394E-02 0.9183E-02 0.4562E-02 0.1209E-01 0.1504E-01 0.1769E-02 0.0000E+00
0.0000E+00 0.7640E-02 0.1227E-02 0.1651E-01 0.1175E-01 0.2516E-01 0.9136E-03 0.1254E-01 0.5895E-02 0.1471E-01 0.9393E-03 0.3220E-03 0.3528E-01 0.3570E-02 0.5536E-02 0.5431E-02 0.8872E-02 0.4855E-02 0.1174E-01 0.1410E-01 0.2254E-02 0.0000E+00
0.0000E+00 0.8255E-02 0.1779E-02 0.1752E-01 0.1268E-01 0.2470E-01 0.1204E-02 0.1194E-01 0.6018E-02 0.1465E-01 0.1215E-02 0.7717E-03 0.3498E-01 0.3787E-02 0.5579E-02 0.5479E-02 0.8660E-02 0.4955E-02 0.1148E-01 0.1311E-01 0.2548E-02 0.0000E+00
0.0000E+00 0.8455E-02 0.2204E-02 0.1764E-01 0.1400E-01 0.2454E-01 0.2405E-02 0.1155E-01 0.7112E-02 0.1454E-01 0.1501E-02 0.1060E-02 0.3382E-01 0.3981E-02 0.5645E-02 0.5543E-02 0.8575E-02 0.5320E-02 0.1112E-01 0.1235E-01 0.2881E-02 0.0000E+00
0.0000E+00 0.9454E-02 0.2392E-02 0.1701E-01 0.1322E-01 0.2452E-01 0.3359E-02 0.1152E-01 0.7957E-02 0.1451E-01 0.1878E-02 0.1340E-02 0.3265E-01 0.4124E-02 0.5663E-02 0.5542E-02 0.1421E-01 0.5783E-02 0.1105E-01 0.1145E-01 0.3324E-02 0.0000E+00
0.0000E+00 0.9274E-02 0.4024E-02 0.1651E-01 0.1258E-01 0.2385E-01 0.4154E-02 0.1129E-01 0.9589E-02 0.1445E-01 0.2596E-02 0.1717E-02 0.3161E-01 0.4257E-02 0.5953E-02 0.3244E-03 0.1414E-01 0.2034E-01 0.1070E-01 0.1102E-01 0.3583E-02 0.0000E+00
0.0000E+00 0.9291E-02 0.3789E-02 0.1618E-01 0.1227E-01 0.2399E-01 0.4804E-02 0.1132E-01 0.1125E-01 0.1454E-01 0.2862E-02 0.2117E-02 0.3047E-01 0.4543E-02 0.6074E-02 0.6734E-03 0.3495E-03 0.2044E-01 0.1033E-01 0.1070E-01 0.3714E-02 0.0000E+00
0.0000E+00 0.9308E-02 0.3887E-02 0.1572E-01 0.1224E-01 0.2458E-01 0.4655E-02 0.1069E-01 0.1070E-01 0.1456E-01 0.3060E-02 0.2430E-02 0.2942E-01 0.4657E-02 0.6066E-02 0.1021E-02 0.3461E-03 0.2016E-01 0.3002E-01 0.1042E-01 0.3829E-02 0.0000E+00
0.0000E+00 0.9332E-02 0.4020E-02 0.1522E-01 0.1218E-01 0.2395E-01 0.4700E-02 0.1015E-01 0.1019E-01 0.1455E-01 0.3356E-02 0.2650E-02 0.2835E-01 0.4769E-02 0.6064E-02 0.1294E-02 0.6694E-03 0.3350E-03 0.2963E-01 0.1017E-01 0.4076E-02 0.0000E+00
0.0000E+00 0.9285E-02 0.3938E-02 0.1866E-01 0.1190E-01 0.3571E-01 0.4792E-02 0.9738E-02 0.9943E-02 0.1483E-01 0.3548E-02 0.2858E-02 0.2762E-01 0.4862E-02 0.6026E-02 0.1575E-02 0.9624E-03 0.6466E-03 0.2923E-01 0.1397E-01 0.4143E-02 0.0000E+00
0.0000E+00 0.9444E-02 0.3204E-03 0.1810E-01 0.3169E-03 0.3565E-01 0.4861E-02 0.1424E-01 0.2383E-01 0.1455E-01 0.3734E-02 0.3020E-02 0.2694E-01 0.1085E-01 0.6107E-02 0.1811E-02 0.2990E-02 0.9197E-03 0.2872E-01 0.1395E-01 0.3134E-03 0.0000E+00
0.0000E+00 0.0000E+00 0.0000E+00 0.0000E+00 0.0000E+00 0.0000E+00 0.0000E+00 0.0000E+00 0.0000E+00 0.0000E+00 0.0000E+00 0.0000E+00 0.0000E+00 0.0000E+00 0.0000E+00 0.0000E+00 0.0000E+00 0.0000E+00 0.0000E+00 0.0000E+00 0.0000E+00 0.0000E+00
