p2_rainB_lowsm_dschg.asc
ncols     22
nrows     62
xllcorner      0.00000000
yllcorner      0.00000000
cellsize      0.50000000
nodata_value -9999
0.0000E+00 0.0000E+00 0.0000E+00 0.0000E+00 0.0000E+00 0.0000E+00 0.0000E+00 0.0000E+00 0.0000E+00 0.0000E+00 0.0000E+00 0.0000E+00 0.0000E+00 0.0000E+00 0.0000E+00 0.0000E+00 0.0000E+00 0.0000E+00 0.0000E+00 0.0000E+00 0.0000E+00 0.0000E+00
0.0000E+00 0.1692E-02 0.1223E-02 0.1419E-02 0.1098E-02 0.2435E-02 0.5178E-02 0.2840E-02 0.1023E-02 0.1276E-02 0.1539E-02 0.1388E-02 0.1491E-02 0.1319E-02 0.2880E-02 0.1175E-02 0.1430E-02 0.1531E-02 0.5952E-03 0.6019E-03 0.1303E-02 0.0000E+00
0.0000E+00 0.3124E-02 0.2835E-02 0.2299E-02 0.1568E-02 0.5963E-02 0.7200E-02 0.1610E-02 0.1253E-02 0.3888E-02 0.2986E-02 0.2475E-02 0.2940E-02 0.7188E-03 0.5126E-02 0.3717E-02 0.2929E-02 0.3068E-02 0.2104E-02 0.2662E-02 0.3198E-02 0.0000E+00
0.0000E+00 0.4749E-02 0.4967E-02 0.3965E-02 0.2113E-02 0.7812E-02 0.8991E-02 0.1160E-02 0.1490E-02 0.6597E-02 0.4539E-02 0.8895E-02 0.6934E-02 0.3325E-02 0.1022E-01 0.5836E-02 0.4078E-02 0.4533E-02 0.3099E-02 0.7415E-02 0.1149E-01 0.0000E+00
0.0000E+00 0.6318E-02 0.9113E-02 0.2690E-01 0.1355E-01 0.1126E-01 0.1157E-01 0.6041E-02 0.1370E-02 0.8155E-02 0.2121E-02 0.1358E-01 0.9910E-02 0.8854E-03 0.1897E-01 0.6107E-02 0.5643E-02 0.1233E-01 0.9545E-03 0.1975E-02 0.1299E-01 0.0000E+00
0.0000E+00 0.8797E-02 0.8830E-02 0.3595E-01 0.2359E-02 0.9684E-03 0.2354E-01 0.8083E-02 0.1391E-02 0.9501E-02 0.8114E-03 0.1578E-01 0.2622E-01 0.3247E-02 0.2126E-01 0.1421E-02 0.1558E-02 0.1447E-01 0.2545E-02 0.4306E-02 0.1491E-01 0.0000E+00
0.0000E+00 0.1552E-02 0.1490E-02 0.4070E-01 0.3229E-02 0.1451E-02 0.2600E-01 0.1278E-02 0.4177E-02 0.1077E-01 0.1502E-02 0.1977E-02 0.2954E-01 0.5255E-02 0.2161E-01 0.2412E-01 0.2700E-01 0.4232E-01 0.4556E-01 0.6444E-02 0.1661E-01 0.0000E+00
0.0000E+00 0.2622E-02 0.3162E-02 0.4358E-01 0.1411E-02 0.1480E-02 0.2555E-01 0.1461E-02 0.5454E-02 0.1223E-01 0.2647E-02 0.1286E-02 0.3006E-01 0.8458E-02 0.1510E-02 0.1567E-02 0.2944E-02 0.4661E-02 0.5248E-01 0.6052E-01 0.7783E-01 0.0000E+00
0.0000E+00 0.3765E-02 0.4836E-01 0.4525E-01 0.1772E-02 0.2961E-02 0.2587E-01 0.2909E-02 0.6465E-02 0.2047E-01 0.4102E-02 0.3928E-02 0.4058E-01 0.9146E-02 0.1292E-02 0.1612E-02 0.1963E-02 0.3187E-02 0.4721E-02 0.1710E-02 0.8034E-01 0.0000E+00
0.0000E+00 0.5302E-02 0.4892E-01 0.1010E-02 0.1473E-02 0.3731E-02 0.3016E-01 0.3385E-01 0.3394E-01 0.5610E-01 0.6189E-01 0.6352E-02 0.4826E-01 0.5895E-02 0.2768E-02 0.3728E-02 0.5100E-02 0.6939E-02 0.6349E-02 0.1813E-02 0.8333E-01 0.0000E+00
0.0000E+00 0.6547E-02 0.4949E-01 0.2625E-02 0.2314E-02 0.1504E-02 0.1642E-02 0.1265E-02 0.1207E-02 0.2221E-02 0.6581E-01 0.7424E-01 0.4867E-01 0.1135E-02 0.9733E-03 0.1550E-02 0.2706E-02 0.1121E-01 0.8492E-02 0.1312E-02 0.8337E-01 0.0000E+00
0.0000E+00 0.7799E-02 0.5799E-01 0.6119E-01 0.3879E-02 0.2797E-02 0.2971E-02 0.2551E-02 0.1341E-02 0.1639E-02 0.2991E-02 0.1305E+00 0.5291E-01 0.3357E-02 0.2269E-02 0.1650E-02 0.3045E-02 0.2485E-01 0.9682E-02 0.1558E-02 0.8359E-01 0.0000E+00
0.0000E+00 0.1640E-02 0.1522E-02 0.6257E-01 0.6614E-01 0.7009E-01 0.3994E-02 0.4408E-02 0.3216E-02 0.9313E-03 0.1407E-02 0.1355E+00 0.3284E-02 0.1917E-02 0.3676E-02 0.1508E-02 0.1574E-02 0.2608E-01 0.1079E-02 0.2848E-02 0.8320E-01 0.0000E+00
0.0000E+00 0.3393E-02 0.3089E-02 0.1887E-02 0.1563E-02 0.7078E-01 0.8734E-01 0.1240E-01 0.6796E-02 0.2806E-02 0.1661E-02 0.1357E+00 0.1509E-02 0.1633E-02 0.4574E-02 0.2985E-02 0.5831E-02 0.2665E-01 0.2461E-02 0.4075E-02 0.8277E-01 0.0000E+00
0.0000E+00 0.5103E-02 0.4354E-02 0.7504E-02 0.2991E-02 0.1374E-02 0.8785E-01 0.1423E-02 0.1475E-02 0.1220E-02 0.1541E-02 0.1352E+00 0.3080E-02 0.3141E-02 0.5840E-02 0.1604E-02 0.8451E-02 0.3580E-01 0.3921E-02 0.5490E-02 0.8292E-01 0.0000E+00
0.0000E+00 0.6218E-02 0.9978E-03 0.1054E-01 0.4513E-02 0.2548E-02 0.9021E-01 0.3038E-02 0.3011E-02 0.2851E-02 0.3037E-02 0.1348E+00 0.4568E-02 0.4407E-02 0.7276E-02 0.5887E-03 0.1307E-02 0.3674E-01 0.5284E-02 0.6914E-02 0.8168E-01 0.0000E+00
0.0000E+00 0.7589E-02 0.1374E-02 0.1246E-01 0.6337E-02 0.1191E-02 0.9057E-01 0.8438E-02 0.4538E-02 0.4131E-02 0.8726E-02 0.1339E+00 0.6411E-02 0.1388E-01 0.8264E-02 0.1701E-02 0.2614E-02 0.3677E-01 0.6550E-02 0.7967E-02 0.8210E-01 0.0000E+00
0.0000E+00 0.8570E-02 0.1166E-01 0.2446E-01 0.3203E-01 0.2467E-02 0.9361E-01 0.9205E-02 0.1030E-02 0.1557E-02 0.1161E-01 0.1335E+00 0.7606E-02 0.1652E-01 0.1542E-02 0.3281E-02 0.4285E-02 0.3795E-01 0.4533E-01 0.9459E-02 0.8240E-01 0.0000E+00
0.0000E+00 0.1425E-02 0.1241E-02 0.1500E-02 0.3369E-01 0.1557E-02 0.9562E-01 0.1001E-01 0.2507E-02 0.1504E-02 0.1268E-01 0.1461E+00 0.2617E-01 0.1802E-01 0.1495E-02 0.6279E-02 0.5517E-02 0.1685E-02 0.4647E-01 0.5511E-01 0.8281E-01 0.0000E+00
0.0000E+00 0.2851E-02 0.2777E-02 0.4462E-02 0.3496E-01 0.1405E-02 0.9624E-01 0.1136E-01 0.3861E-02 0.2562E-02 0.1363E-02 0.1476E+00 0.2676E-01 0.1535E-02 0.1464E-02 0.7219E-02 0.9685E-02 0.3095E-02 0.1497E-02 0.5733E-01 0.1406E+00 0.0000E+00
0.0000E+00 0.3175E-02 0.5726E-03 0.5635E-02 0.3586E-01 0.2882E-02 0.9620E-01 0.1079E+00 0.9171E-02 0.3823E-02 0.1623E-02 0.1497E+00 0.2778E-01 0.2769E-02 0.2773E-02 0.8567E-02 0.1108E-01 0.1444E-02 0.1298E-02 0.1470E-02 0.1419E+00 0.0000E+00
0.0000E+00 0.3769E-02 0.1583E-02 0.7139E-02 0.3666E-01 0.4112E-02 0.1652E-02 0.1077E+00 0.1201E-01 0.1307E-02 0.1539E-02 0.1493E+00 0.2847E-01 0.3246E-01 0.3547E-01 0.9882E-02 0.1247E-01 0.5808E-02 0.2490E-02 0.1595E-02 0.1414E+00 0.0000E+00
0.0000E+00 0.4507E-02 0.3111E-02 0.8203E-02 0.3630E-01 0.5373E-02 0.3222E-02 0.1080E+00 0.1269E-01 0.1337E-02 0.3059E-02 0.1486E+00 0.7498E-03 0.8512E-03 0.3662E-01 0.1113E-01 0.1338E-01 0.7535E-02 0.1319E-02 0.3096E-02 0.1420E+00 0.0000E+00
0.0000E+00 0.5998E-02 0.1043E-01 0.9403E-02 0.4639E-01 0.5338E-01 0.4083E-02 0.1225E+00 0.1371E-01 0.2207E-02 0.4139E-02 0.1486E+00 0.1962E-02 0.2371E-02 0.3772E-01 0.1172E-01 0.1462E-01 0.2198E-01 0.2803E-02 0.4511E-02 0.1421E+00 0.0000E+00
0.0000E+00 0.1931E-02 0.1132E-01 0.1537E-02 0.1517E-02 0.5450E-01 0.6032E-01 0.1236E+00 0.1257E-02 0.3738E-02 0.5420E-02 0.1490E+00 0.1509E+00 0.3867E-02 0.3828E-01 0.1277E-01 0.1456E-02 0.2491E-01 0.4231E-02 0.6066E-02 0.1419E+00 0.0000E+00
0.0000E+00 0.3105E-02 0.1293E-01 0.2427E-02 0.2871E-02 0.9444E-03 0.5960E-01 0.1237E+00 0.3001E-02 0.5230E-02 0.6775E-02 0.1425E-02 0.1505E+00 0.1537E+00 0.3894E-01 0.5247E-01 0.1604E-02 0.2610E-01 0.5699E-02 0.7166E-02 0.1422E+00 0.0000E+00
0.0000E+00 0.3627E-02 0.1860E-01 0.4479E-02 0.7116E-02 0.2692E-02 0.6021E-01 0.1232E+00 0.3895E-02 0.7429E-02 0.8062E-02 0.3595E-02 0.1837E-02 0.1537E+00 0.1504E-02 0.5298E-01 0.3452E-02 0.2816E-01 0.7756E-02 0.9048E-02 0.1433E+00 0.0000E+00
0.0000E+00 0.1494E-02 0.2077E-01 0.2626E-01 0.7816E-02 0.1388E-02 0.6096E-01 0.1239E+00 0.5193E-02 0.9155E-02 0.9189E-02 0.4467E-02 0.3162E-02 0.1540E+00 0.3117E-02 0.5417E-01 0.4821E-02 0.2894E-01 0.8518E-02 0.1100E-01 0.1546E+00 0.0000E+00
0.0000E+00 0.1253E-02 0.1543E-02 0.2744E-01 0.8963E-02 0.2963E-02 0.6180E-01 0.1239E+00 0.6647E-02 0.1014E-01 0.1047E-01 0.6243E-02 0.4617E-02 0.1540E+00 0.4578E-02 0.5876E-01 0.6193E-02 0.2936E-01 0.9873E-02 0.1502E-02 0.1545E+00 0.0000E+00
0.0000E+00 0.2667E-02 0.3053E-02 0.4265E-01 0.9975E-02 0.5027E-02 0.6238E-01 0.1241E+00 0.7561E-02 0.1202E-01 0.1190E-01 0.7693E-02 0.6045E-02 0.1536E+00 0.1281E-02 0.5908E-01 0.7705E-02 0.2990E-01 0.1106E-01 0.3497E-02 0.1542E+00 0.0000E+00
0.0000E+00 0.3926E-02 0.5100E-02 0.4418E-01 0.1607E-02 0.7564E-02 0.6314E-01 0.1238E+00 0.8906E-02 0.2146E-01 0.1389E-01 0.9032E-02 0.7590E-02 0.1537E+00 0.2699E-02 0.5963E-01 0.9056E-02 0.3095E-01 0.1210E-01 0.4625E-02 0.1529E+00 0.0000E+00
0.0000E+00 0.8520E-03 0.5967E-02 0.4536E-01 0.3018E-02 0.9107E-02 0.6363E-01 0.1234E+00 0.1335E-02 0.2269E-01 0.3761E-01 0.9582E-02 0.1840E-01 0.1585E+00 0.4082E-02 0.6018E-01 0.1018E-01 0.4193E-01 0.1333E-01 0.5609E-02 0.1542E+00 0.0000E+00
0.0000E+00 0.2190E-02 0.7086E-02 0.4608E-01 0.4358E-02 0.1036E-01 0.6415E-01 0.1234E+00 0.2829E-02 0.1541E-02 0.3711E-01 0.1642E-02 0.1922E-01 0.1600E+00 0.1632E-02 0.6065E-01 0.6084E-01 0.4292E-01 0.1465E-01 0.6935E-02 0.1538E+00 0.0000E+00
0.0000E+00 0.3177E-02 0.8191E-02 0.4628E-01 0.6655E-02 0.1180E-01 0.6471E-01 0.1236E+00 0.4246E-02 0.3016E-02 0.3817E-01 0.2764E-02 0.2106E-01 0.1619E+00 0.1563E-02 0.1423E-02 0.6153E-01 0.4398E-01 0.1488E-01 0.7679E-02 0.1543E+00 0.0000E+00
0.0000E+00 0.4477E-02 0.9459E-02 0.5086E-01 0.8380E-02 0.1237E-01 0.6522E-01 0.1234E+00 0.5768E-02 0.5156E-02 0.3876E-01 0.4515E-02 0.2224E-01 0.1622E+00 0.1660E-02 0.3026E-02 0.6216E-01 0.4555E-01 0.6021E-01 0.9456E-02 0.1547E+00 0.0000E+00
0.0000E+00 0.1663E-01 0.9927E-02 0.5138E-01 0.9462E-02 0.1489E-01 0.8319E-01 0.1238E+00 0.7314E-02 0.7118E-02 0.3985E-01 0.6317E-02 0.2203E-01 0.1619E+00 0.3535E-02 0.5881E-02 0.6215E-01 0.1839E-02 0.6318E-01 0.1691E+00 0.1555E+00 0.0000E+00
0.0000E+00 0.1796E-01 0.1026E-02 0.5201E-01 0.1087E-01 0.9562E-03 0.8389E-01 0.1321E+00 0.8749E-02 0.7599E-02 0.4285E-01 0.6749E-02 0.1873E+00 0.1620E+00 0.5865E-02 0.7501E-02 0.6232E-01 0.3721E-02 0.6919E-01 0.1698E+00 0.1568E-02 0.0000E+00
0.0000E+00 0.1872E-01 0.1632E-02 0.5142E-01 0.1151E-01 0.1454E-02 0.8438E-01 0.1317E+00 0.7886E-03 0.8936E-02 0.5171E-01 0.6255E-01 0.1855E+00 0.1524E-02 0.8260E-02 0.9111E-02 0.6440E-01 0.1926E-02 0.7030E-01 0.1706E+00 0.3165E-02 0.0000E+00
0.0000E+00 0.0000E+00 0.5569E-02 0.5186E-01 0.1308E-01 0.3735E-02 0.8629E-01 0.1317E+00 0.1486E-02 0.1523E-02 0.1636E-02 0.6835E-01 0.1975E+00 0.6595E-02 0.8806E-02 0.1038E-01 0.6498E-01 0.4455E-02 0.7205E-01 0.1713E+00 0.4265E-02 0.0000E+00
0.0000E+00 0.1319E-02 0.1045E-01 0.5556E-01 0.1428E-01 0.5144E-02 0.8493E-01 0.1344E+00 0.2313E-02 0.2857E-02 0.1607E-02 0.6600E-01 0.1958E+00 0.1721E-02 0.9890E-02 0.1089E-01 0.6759E-01 0.6548E-02 0.7264E-01 0.1699E+00 0.5711E-02 0.0000E+00
0.0000E+00 0.1316E-02 0.1051E-01 0.6850E-01 0.1577E-01 0.7254E-02 0.8713E-01 0.1383E+00 0.5294E-02 0.4963E-02 0.3607E-02 0.6739E-01 0.1959E+00 0.3798E-02 0.1143E-01 0.1223E-01 0.6801E-01 0.8007E-02 0.7284E-01 0.1694E+00 0.7081E-02 0.0000E+00
0.0000E+00 0.2871E-02 0.1243E-02 0.6867E-01 0.1669E-01 0.1174E-01 0.8764E-01 0.1407E+00 0.1017E-01 0.5320E-02 0.5282E-02 0.6922E-01 0.2032E+00 0.5057E-02 0.1288E-01 0.1257E-01 0.6704E-01 0.9066E-02 0.7443E-01 0.1684E+00 0.8937E-02 0.0000E+00
0.0000E+00 0.4342E-02 0.3346E-02 0.6883E-01 0.2013E-01 0.1463E-01 0.8696E-01 0.1396E+00 0.1308E-01 0.8475E-02 0.6759E-02 0.6868E-01 0.2050E+00 0.1550E-02 0.1430E-01 0.1397E-01 0.6843E-01 0.1082E-01 0.7475E-01 0.1779E+00 0.9947E-02 0.0000E+00
0.0000E+00 0.5530E-02 0.6556E-02 0.7082E-01 0.2347E-01 0.1714E-01 0.8740E-01 0.1398E+00 0.1549E-01 0.1065E-01 0.1229E-01 0.6929E-01 0.2065E+00 0.3221E-02 0.1603E-01 0.1612E-01 0.7115E-01 0.1066E-01 0.7522E-01 0.1798E+00 0.1502E-02 0.0000E+00
0.0000E+00 0.7491E-02 0.9818E-02 0.6996E-01 0.2347E-01 0.2167E-01 0.8873E-01 0.1395E+00 0.1652E-01 0.1507E-01 0.1644E-01 0.7003E-01 0.2061E+00 0.4237E-02 0.1821E-01 0.1752E-01 0.7348E-01 0.1323E-01 0.7408E-01 0.1816E+00 0.1604E-02 0.0000E+00
0.0000E+00 0.1092E-01 0.9592E-02 0.7053E-01 0.2738E-01 0.2533E-01 0.9279E-01 0.1399E+00 0.1729E-01 0.2003E-01 0.2154E-01 0.7073E-01 0.2045E+00 0.6187E-02 0.1916E-01 0.1946E-01 0.7629E-01 0.1440E-01 0.7547E-01 0.1813E+00 0.1057E-02 0.0000E+00
0.0000E+00 0.2385E-01 0.1134E-01 0.7261E-01 0.2859E-01 0.2690E-01 0.9759E-01 0.1414E+00 0.1998E-01 0.2182E-01 0.2374E-01 0.7228E-01 0.2035E+00 0.7760E-02 0.2017E-01 0.2045E-01 0.7660E-01 0.1549E-01 0.7675E-01 0.1807E+00 0.2578E-02 0.0000E+00
0.0000E+00 0.2409E-01 0.9930E-03 0.7324E-01 0.2884E-01 0.2704E-01 0.1021E+00 0.1407E+00 0.1993E-01 0.2616E-01 0.2434E-01 0.7253E-01 0.2026E+00 0.9042E-02 0.2128E-01 0.2151E-01 0.7632E-01 0.1679E-01 0.7632E-01 0.1785E+00 0.4182E-02 0.0000E+00
0.0000E+00 0.2748E-01 0.2545E-02 0.7439E-01 0.3374E-01 0.1312E+00 0.1039E+00 0.1399E+00 0.2057E-01 0.5199E-01 0.2544E-01 0.7252E-01 0.2017E+00 0.1056E-01 0.2226E-01 0.2326E-01 0.7711E-01 0.1788E-01 0.7632E-01 0.1775E+00 0.4614E-02 0.0000E+00
0.0000E+00 0.2862E-01 0.9574E-03 0.7339E-01 0.3447E-01 0.1315E+00 0.9546E-03 0.1396E+00 0.2165E-01 0.5252E-01 0.1237E-02 0.7299E-01 0.2009E+00 0.1203E-01 0.2321E-01 0.2332E-01 0.7606E-01 0.1911E-01 0.7605E-01 0.1764E+00 0.6219E-02 0.0000E+00
0.0000E+00 0.2960E-01 0.3016E-02 0.7423E-01 0.3817E-01 0.1317E+00 0.1916E-02 0.1390E+00 0.2195E-01 0.5260E-01 0.2612E-02 0.7357E-01 0.2734E+00 0.1356E-01 0.2443E-01 0.2464E-01 0.7690E-01 0.2033E-01 0.7611E-01 0.1756E+00 0.6957E-02 0.0000E+00
0.0000E+00 0.2990E-01 0.4357E-02 0.7515E-01 0.4139E-01 0.1313E+00 0.3330E-02 0.1387E+00 0.2250E-01 0.5319E-01 0.4018E-02 0.1325E-02 0.2735E+00 0.1574E-01 0.2607E-01 0.2580E-01 0.7696E-01 0.2151E-01 0.7647E-01 0.1753E+00 0.8941E-02 0.0000E+00
0.0000E+00 0.3209E-01 0.6099E-02 0.7834E-01 0.4416E-01 0.1313E+00 0.4657E-02 0.1382E+00 0.2328E-01 0.5368E-01 0.4691E-02 0.2974E-02 0.2745E+00 0.1703E-01 0.2661E-01 0.2670E-01 0.7704E-01 0.2251E-01 0.7684E-01 0.1735E+00 0.1005E-01 0.0000E+00
0.0000E+00 0.3306E-01 0.7949E-02 0.7985E-01 0.4785E-01 0.1320E+00 0.8331E-02 0.1382E+00 0.2653E-01 0.5364E-01 0.5814E-02 0.4635E-02 0.2738E+00 0.1836E-01 0.2727E-01 0.2783E-01 0.7730E-01 0.2411E-01 0.7742E-01 0.1733E+00 0.1144E-01 0.0000E+00
0.0000E+00 0.3577E-01 0.8559E-02 0.7932E-01 0.4818E-01 0.1329E+00 0.1111E-01 0.1389E+00 0.2929E-01 0.5436E-01 0.6969E-02 0.6203E-02 0.2728E+00 0.1967E-01 0.2830E-01 0.2886E-01 0.1070E+00 0.2552E-01 0.7839E-01 0.1731E+00 0.1313E-01 0.0000E+00
0.0000E+00 0.3627E-01 0.1278E-01 0.7984E-01 0.4830E-01 0.1319E+00 0.1381E-01 0.1395E+00 0.3357E-01 0.5474E-01 0.9432E-02 0.7953E-02 0.2719E+00 0.2077E-01 0.2952E-01 0.1263E-02 0.1073E+00 0.1342E+00 0.7862E-01 0.1712E+00 0.1452E-01 0.0000E+00
0.0000E+00 0.3660E-01 0.1357E-01 0.8069E-01 0.4827E-01 0.1330E+00 0.1644E-01 0.1402E+00 0.3762E-01 0.5601E-01 0.1064E-01 0.9699E-02 0.2710E+00 0.2231E-01 0.3077E-01 0.2490E-02 0.1491E-02 0.1356E+00 0.7890E-01 0.1701E+00 0.1567E-01 0.0000E+00
0.0000E+00 0.3772E-01 0.1386E-01 0.8050E-01 0.4907E-01 0.1355E+00 0.1727E-01 0.1400E+00 0.3828E-01 0.5661E-01 0.1177E-01 0.1125E-01 0.2706E+00 0.2325E-01 0.3175E-01 0.4135E-02 0.1479E-02 0.1356E+00 0.2139E+00 0.1699E+00 0.1648E-01 0.0000E+00
0.0000E+00 0.3886E-01 0.1471E-01 0.7972E-01 0.4981E-01 0.1345E+00 0.1795E-01 0.1395E+00 0.3889E-01 0.5668E-01 0.1336E-01 0.1226E-01 0.2696E+00 0.2430E-01 0.3242E-01 0.5077E-02 0.2901E-02 0.1456E-02 0.2132E+00 0.1693E+00 0.1759E-01 0.0000E+00
0.0000E+00 0.4002E-01 0.1557E-01 0.9561E-01 0.4953E-01 0.1850E+00 0.1890E-01 0.1395E+00 0.3890E-01 0.5785E-01 0.1386E-01 0.1228E-01 0.2689E+00 0.2543E-01 0.3264E-01 0.6630E-02 0.4596E-02 0.2429E-02 0.2130E+00 0.1863E+00 0.1761E-01 0.0000E+00
0.0000E+00 0.4139E-01 0.6650E-03 0.9536E-01 0.8287E-03 0.1853E+00 0.1970E-01 0.1587E+00 0.1965E+00 0.5847E-01 0.1515E-01 0.1353E-01 0.2682E+00 0.5949E-01 0.3379E-01 0.7719E-02 0.1352E-01 0.3829E-02 0.2124E+00 0.1863E+00 0.9935E-03 0.0000E+00
0.0000E+00 0.0000E+00 0.0000E+00 0.0000E+00 0.0000E+00 0.0000E+00 0.0000E+00 0.0000E+00 0.0000E+00 0.0000E+00 0.0000E+00 0.0000E+00 0.0000E+00 0.0000E+00 0.0000E+00 0.0000E+00 0.0000E+00 0.0000E+00 0.0000E+00 0.0000E+00 0.0000E+00 0.0000E+00
