p2_rainE_medsm_dschg.asc
ncols     22
nrows     62
xllcorner      0.00000000
yllcorner      0.00000000
cellsize      0.50000000
nodata_value -9999
0.0000E+00 0.0000E+00 0.0000E+00 0.0000E+00 0.0000E+00 0.0000E+00 0.0000E+00 0.0000E+00 0.0000E+00 0.0000E+00 0.0000E+00 0.0000E+00 0.0000E+00 0.0000E+00 0.0000E+00 0.0000E+00 0.0000E+00 0.0000E+00 0.0000E+00 0.0000E+00 0.0000E+00 0.0000E+00
0.0000E+00 0.8698E-04 0.1122E-03 0.9333E-04 0.7644E-04 0.1314E-03 0.4142E-03 0.1867E-03 0.7043E-04 0.7828E-04 0.7052E-04 0.7283E-04 0.8427E-04 0.6964E-04 0.1204E-03 0.7949E-04 0.9514E-04 0.7946E-04 0.6852E-04 0.7976E-04 0.8250E-04 0.0000E+00
0.0000E+00 0.1467E-03 0.2067E-03 0.1401E-03 0.1131E-03 0.6921E-03 0.4002E-03 0.7778E-04 0.7642E-04 0.2063E-03 0.1373E-03 0.1191E-03 0.1543E-03 0.6398E-04 0.3446E-03 0.2952E-03 0.1370E-03 0.1230E-03 0.1121E-03 0.2935E-03 0.2142E-03 0.0000E+00
0.0000E+00 0.2250E-03 0.4016E-03 0.3234E-03 0.1471E-03 0.8275E-03 0.4668E-03 0.1111E-03 0.8458E-04 0.2844E-03 0.1726E-03 0.3766E-03 0.9401E-03 0.3274E-03 0.7494E-03 0.4186E-03 0.1478E-03 0.1827E-03 0.1559E-03 0.5256E-03 0.6748E-03 0.0000E+00
0.0000E+00 0.2279E-03 0.1129E-02 0.2109E-02 0.1117E-02 0.1318E-02 0.6531E-03 0.6443E-03 0.6806E-04 0.3072E-03 0.1341E-03 0.6920E-03 0.1283E-02 0.6774E-04 0.1362E-02 0.3830E-03 0.2459E-03 0.6593E-03 0.6182E-04 0.1343E-03 0.6530E-03 0.0000E+00
0.0000E+00 0.4812E-03 0.4210E-03 0.2003E-02 0.2721E-03 0.5182E-04 0.1768E-02 0.7125E-03 0.7831E-04 0.2969E-03 0.7250E-04 0.8016E-03 0.1749E-02 0.2947E-03 0.1577E-02 0.6920E-04 0.9292E-04 0.7968E-03 0.1282E-03 0.3105E-03 0.7012E-03 0.0000E+00
0.0000E+00 0.1025E-03 0.6276E-04 0.2333E-02 0.1831E-03 0.4587E-04 0.1622E-02 0.6930E-04 0.1855E-03 0.2826E-03 0.8104E-04 0.1289E-03 0.1779E-02 0.3926E-03 0.1289E-02 0.1164E-02 0.1166E-02 0.1722E-02 0.1851E-02 0.4905E-03 0.7415E-03 0.0000E+00
0.0000E+00 0.1867E-03 0.1055E-03 0.2301E-02 0.1219E-03 0.7163E-04 0.1235E-02 0.6974E-04 0.2050E-03 0.3289E-03 0.1426E-03 0.8481E-04 0.1609E-02 0.4807E-03 0.6645E-04 0.1880E-04 0.9490E-04 0.2450E-03 0.2228E-02 0.2676E-02 0.3201E-02 0.0000E+00
0.0000E+00 0.2102E-03 0.1523E-02 0.1869E-02 0.6561E-04 0.1314E-03 0.9529E-03 0.1115E-03 0.2141E-03 0.5978E-03 0.1792E-03 0.3075E-03 0.1972E-02 0.4360E-03 0.6745E-04 0.6762E-04 0.1153E-03 0.1590E-03 0.2065E-03 0.1216E-03 0.3069E-02 0.0000E+00
0.0000E+00 0.2868E-03 0.1157E-02 0.7510E-04 0.7290E-04 0.1651E-03 0.8721E-03 0.7405E-03 0.5060E-03 0.1156E-02 0.1387E-02 0.5351E-03 0.2657E-02 0.6093E-03 0.9666E-04 0.2390E-03 0.2292E-03 0.3410E-03 0.2429E-03 0.8953E-04 0.2969E-02 0.0000E+00
0.0000E+00 0.2508E-03 0.8303E-03 0.1700E-03 0.1118E-03 0.7094E-04 0.7516E-04 0.5850E-04 0.7071E-04 0.9338E-04 0.1576E-02 0.2268E-02 0.2314E-02 0.6330E-04 0.4928E-04 0.5932E-04 0.1262E-03 0.5490E-03 0.2091E-03 0.3158E-04 0.2363E-02 0.0000E+00
0.0000E+00 0.2090E-03 0.8253E-03 0.7507E-03 0.1547E-03 0.1198E-03 0.1144E-03 0.1243E-03 0.7699E-04 0.1207E-03 0.2050E-03 0.4714E-02 0.2531E-02 0.2904E-03 0.1161E-03 0.6829E-04 0.1265E-03 0.7575E-03 0.1779E-03 0.5158E-04 0.1834E-02 0.0000E+00
0.0000E+00 0.7160E-04 0.6943E-04 0.7295E-03 0.7113E-03 0.8483E-03 0.1815E-03 0.2491E-03 0.1685E-03 0.7678E-04 0.7666E-04 0.4636E-02 0.1349E-03 0.1146E-03 0.1625E-03 0.7216E-04 0.6408E-04 0.6911E-03 0.6930E-04 0.1036E-03 0.1317E-02 0.0000E+00
0.0000E+00 0.1761E-03 0.1574E-03 0.1420E-03 0.9705E-04 0.7549E-03 0.1423E-02 0.5743E-03 0.2609E-03 0.1827E-03 0.7166E-04 0.4072E-02 0.6948E-04 0.3996E-05 0.1563E-03 0.1171E-03 0.2115E-03 0.5265E-03 0.1065E-03 0.1370E-03 0.8291E-03 0.0000E+00
0.0000E+00 0.2795E-03 0.1917E-03 0.3409E-03 0.1400E-03 0.6727E-04 0.1237E-02 0.7417E-04 0.7606E-04 0.6599E-04 0.8952E-04 0.3530E-02 0.1398E-03 0.8024E-04 0.1590E-03 0.7489E-04 0.2782E-03 0.6366E-03 0.1506E-03 0.1674E-03 0.3973E-03 0.0000E+00
0.0000E+00 0.2583E-03 0.9119E-04 0.5636E-03 0.1981E-03 0.1112E-03 0.1121E-02 0.1456E-03 0.1227E-03 0.1189E-03 0.1320E-03 0.2997E-02 0.2093E-03 0.1474E-03 0.1698E-03 0.7066E-04 0.7065E-04 0.4987E-03 0.1828E-03 0.1954E-03 0.1826E-03 0.0000E+00
0.0000E+00 0.2440E-03 0.7168E-04 0.6683E-03 0.3512E-03 0.7515E-04 0.9200E-03 0.1969E-03 0.1299E-03 0.1637E-03 0.3146E-03 0.2449E-02 0.2603E-03 0.3176E-03 0.1996E-03 0.1302E-03 0.1302E-03 0.3639E-03 0.2026E-03 0.2136E-03 0.1720E-03 0.0000E+00
0.0000E+00 0.2340E-03 0.3458E-03 0.8841E-03 0.1190E-02 0.1121E-03 0.8612E-03 0.1654E-03 0.6894E-04 0.8663E-04 0.3664E-03 0.1927E-02 0.2674E-03 0.3136E-03 0.6619E-04 0.1809E-03 0.2169E-03 0.3095E-03 0.4683E-03 0.2451E-03 0.1998E-03 0.0000E+00
0.0000E+00 0.7770E-04 0.5782E-04 0.8114E-04 0.1264E-02 0.8330E-04 0.7971E-03 0.1847E-03 0.1371E-03 0.6770E-04 0.3692E-03 0.1806E-02 0.5298E-03 0.3468E-03 0.6583E-04 0.2759E-03 0.2471E-03 0.7185E-04 0.4631E-03 0.5741E-03 0.2053E-03 0.0000E+00
0.0000E+00 0.1334E-03 0.1268E-03 0.2098E-03 0.1109E-02 0.8910E-04 0.6468E-03 0.2302E-03 0.1803E-03 0.1104E-03 0.7108E-04 0.1350E-02 0.4433E-03 0.7696E-04 0.7159E-04 0.2910E-03 0.4316E-03 0.1339E-03 0.8255E-04 0.5542E-03 0.6969E-03 0.0000E+00
0.0000E+00 0.1720E-03 0.5593E-04 0.2093E-03 0.9436E-03 0.1647E-03 0.4240E-03 0.5143E-03 0.4124E-03 0.1403E-03 0.7876E-04 0.9043E-03 0.3702E-03 0.1365E-03 0.1430E-03 0.3168E-03 0.4423E-03 0.7326E-04 0.8003E-04 0.7493E-04 0.6860E-03 0.0000E+00
0.0000E+00 0.1824E-03 0.1178E-03 0.2200E-03 0.7874E-03 0.1430E-03 0.7270E-04 0.3793E-03 0.5259E-03 0.7351E-04 0.6176E-04 0.4508E-03 0.2809E-03 0.3047E-03 0.4285E-03 0.3185E-03 0.3590E-03 0.3099E-03 0.1294E-03 0.7732E-04 0.5087E-03 0.0000E+00
0.0000E+00 0.1998E-03 0.1615E-03 0.2143E-03 0.6008E-03 0.1552E-03 0.1358E-03 0.2940E-03 0.3607E-03 0.6636E-04 0.1117E-03 0.3169E-03 0.7161E-04 0.7581E-04 0.4167E-03 0.3012E-03 0.2759E-03 0.4206E-03 0.8521E-04 0.1274E-03 0.5072E-03 0.0000E+00
0.0000E+00 0.2366E-03 0.3721E-03 0.1872E-03 0.6177E-03 0.8098E-03 0.1839E-03 0.5409E-03 0.2522E-03 0.1258E-03 0.1348E-03 0.2535E-03 0.1312E-03 0.1282E-03 0.4013E-03 0.2324E-03 0.2751E-03 0.6300E-03 0.1664E-03 0.1582E-03 0.4073E-03 0.0000E+00
0.0000E+00 0.1034E-03 0.3183E-03 0.8603E-04 0.8947E-04 0.8213E-03 0.1071E-02 0.5728E-03 0.8228E-04 0.1784E-03 0.1809E-03 0.2381E-03 0.3499E-03 0.1501E-03 0.2922E-03 0.1816E-03 0.7802E-04 0.7143E-03 0.2016E-03 0.1953E-03 0.2909E-03 0.0000E+00
0.0000E+00 0.1509E-03 0.3849E-03 0.1281E-03 0.1764E-03 0.7301E-04 0.7954E-03 0.4891E-03 0.2321E-03 0.2530E-03 0.2082E-03 0.7384E-04 0.2434E-03 0.2774E-03 0.2052E-03 0.3088E-03 0.8229E-04 0.6698E-03 0.2518E-03 0.2109E-03 0.2752E-03 0.0000E+00
0.0000E+00 0.1835E-03 0.7363E-03 0.2433E-03 0.4368E-03 0.2172E-03 0.6266E-03 0.3792E-03 0.2573E-03 0.4022E-03 0.2048E-03 0.2226E-03 0.1215E-03 0.2245E-03 0.7667E-04 0.2820E-03 0.1831E-03 0.7671E-03 0.3594E-03 0.3168E-03 0.4145E-03 0.0000E+00
0.0000E+00 0.8935E-04 0.7431E-03 0.9278E-03 0.3990E-03 0.5560E-04 0.5183E-03 0.4562E-03 0.2444E-03 0.5067E-03 0.2106E-03 0.2430E-03 0.1728E-03 0.2487E-03 0.1121E-03 0.3522E-03 0.2664E-03 0.6335E-03 0.3131E-03 0.3785E-03 0.7543E-03 0.0000E+00
0.0000E+00 0.6487E-04 0.8207E-04 0.7854E-03 0.3195E-03 0.1524E-03 0.4233E-03 0.3872E-03 0.2501E-03 0.4740E-03 0.2174E-03 0.3296E-03 0.1810E-03 0.2778E-03 0.1681E-03 0.4269E-03 0.3040E-03 0.4967E-03 0.2888E-03 0.4872E-04 0.5764E-03 0.0000E+00
0.0000E+00 0.1190E-03 0.1482E-03 0.1414E-02 0.3190E-03 0.3033E-03 0.3820E-03 0.3206E-03 0.1970E-03 0.5724E-03 0.2656E-03 0.3220E-03 0.2170E-03 0.2471E-03 0.5236E-04 0.3655E-03 0.2673E-03 0.3370E-03 0.2210E-03 0.1661E-03 0.4227E-03 0.0000E+00
0.0000E+00 0.1689E-03 0.1730E-03 0.1392E-02 0.3789E-04 0.5458E-03 0.3114E-03 0.2794E-03 0.1974E-03 0.6782E-03 0.4113E-03 0.3445E-03 0.2658E-03 0.2594E-03 0.1141E-03 0.2937E-03 0.2535E-03 0.2590E-03 0.2188E-03 0.1857E-03 0.3996E-03 0.0000E+00
0.0000E+00 0.8665E-04 0.1933E-03 0.1448E-02 0.9391E-04 0.6199E-03 0.2854E-03 0.2577E-03 0.5665E-04 0.6122E-03 0.9325E-03 0.2989E-03 0.5083E-03 0.4840E-03 0.1589E-03 0.2599E-03 0.2655E-03 0.4184E-03 0.2444E-03 0.1659E-03 0.5324E-03 0.0000E+00
0.0000E+00 0.1557E-03 0.1785E-03 0.1347E-02 0.1061E-03 0.5877E-03 0.2441E-03 0.2286E-03 0.1155E-03 0.7463E-04 0.7916E-03 0.7356E-04 0.4567E-03 0.5626E-03 0.7808E-04 0.2178E-03 0.2298E-03 0.3589E-03 0.2728E-03 0.1923E-03 0.4311E-03 0.0000E+00
0.0000E+00 0.1995E-03 0.1865E-03 0.1213E-02 0.3328E-03 0.6471E-03 0.2169E-03 0.3055E-03 0.1648E-03 0.1788E-03 0.6508E-03 0.1150E-03 0.5174E-03 0.6571E-03 0.7139E-04 0.7745E-04 0.2630E-03 0.3547E-03 0.2472E-03 0.2022E-03 0.4150E-03 0.0000E+00
0.0000E+00 0.2734E-03 0.2165E-03 0.2187E-02 0.4067E-03 0.6804E-03 0.2361E-03 0.3096E-03 0.2291E-03 0.3365E-03 0.5423E-03 0.1932E-03 0.4600E-03 0.5792E-03 0.6680E-04 0.1791E-03 0.3201E-03 0.4690E-03 0.6114E-03 0.3757E-03 0.4917E-03 0.0000E+00
0.0000E+00 0.6905E-03 0.2150E-03 0.1812E-02 0.3704E-03 0.9331E-03 0.1736E-02 0.3495E-03 0.2570E-03 0.4028E-03 0.4558E-03 0.3053E-03 0.3829E-03 0.4797E-03 0.2534E-03 0.4294E-03 0.2892E-03 0.1529E-03 0.1139E-02 0.1851E-02 0.6060E-03 0.0000E+00
0.0000E+00 0.7214E-03 0.6243E-04 0.1596E-02 0.3624E-03 0.7404E-04 0.1518E-02 0.5696E-03 0.2477E-03 0.2988E-03 0.9036E-03 0.3746E-03 0.1581E-02 0.5064E-03 0.5116E-03 0.5721E-03 0.3094E-03 0.2848E-03 0.1671E-02 0.1763E-02 0.8155E-04 0.0000E+00
0.0000E+00 0.6812E-03 0.1061E-03 0.1344E-02 0.3357E-03 0.9450E-04 0.1235E-02 0.5474E-03 0.3131E-04 0.2594E-03 0.1034E-02 0.2173E-02 0.1320E-02 0.1225E-03 0.6772E-03 0.6007E-03 0.6162E-03 0.1563E-03 0.1603E-02 0.1872E-02 0.1522E-03 0.0000E+00
0.0000E+00 0.0000E+00 0.7771E-03 0.1009E-02 0.4126E-03 0.2427E-03 0.1400E-02 0.4901E-03 0.7137E-04 0.7317E-04 0.5857E-04 0.3030E-02 0.3768E-02 0.1207E-02 0.5809E-03 0.5475E-03 0.6721E-03 0.4282E-03 0.1680E-02 0.1892E-02 0.1857E-03 0.0000E+00
0.0000E+00 0.7770E-04 0.1431E-02 0.1707E-02 0.3583E-03 0.2608E-03 0.1197E-02 0.9804E-03 0.1253E-03 0.1284E-03 0.7856E-04 0.2448E-02 0.2964E-02 0.9087E-04 0.5304E-03 0.3714E-03 0.1032E-02 0.5429E-03 0.1521E-02 0.1655E-02 0.1870E-03 0.0000E+00
0.0000E+00 0.7242E-04 0.1056E-02 0.2999E-02 0.3337E-03 0.4362E-03 0.1526E-02 0.1825E-02 0.4197E-03 0.4474E-03 0.3123E-03 0.2438E-02 0.2950E-02 0.2259E-03 0.5213E-03 0.3225E-03 0.1016E-02 0.6017E-03 0.1354E-02 0.1424E-02 0.2190E-03 0.0000E+00
0.0000E+00 0.8118E-04 0.7641E-04 0.2656E-02 0.3154E-03 0.1317E-02 0.1290E-02 0.2077E-02 0.1449E-02 0.3953E-03 0.3493E-03 0.2490E-02 0.3571E-02 0.2672E-03 0.4878E-03 0.2829E-03 0.9043E-03 0.5362E-03 0.1475E-02 0.1222E-02 0.2826E-03 0.0000E+00
0.0000E+00 0.1348E-03 0.2262E-03 0.2346E-02 0.8922E-03 0.1641E-02 0.1056E-02 0.1653E-02 0.1822E-02 0.9110E-03 0.3027E-03 0.2111E-02 0.3842E-02 0.8156E-04 0.4974E-03 0.3139E-03 0.1001E-02 0.5859E-03 0.1454E-02 0.1313E-02 0.2734E-03 0.0000E+00
0.0000E+00 0.1500E-03 0.7201E-03 0.2478E-02 0.1577E-02 0.1846E-02 0.6619E-03 0.1657E-02 0.1947E-02 0.9681E-03 0.1498E-02 0.1845E-02 0.3957E-02 0.1446E-03 0.5472E-03 0.5237E-03 0.1436E-02 0.4942E-03 0.1262E-02 0.1378E-02 0.8608E-04 0.0000E+00
0.0000E+00 0.2716E-03 0.1150E-02 0.2142E-02 0.1225E-02 0.2827E-02 0.8282E-03 0.1420E-02 0.1630E-02 0.1850E-02 0.2247E-02 0.1645E-02 0.3663E-02 0.1860E-03 0.7268E-03 0.5032E-03 0.1778E-02 0.7023E-03 0.1025E-02 0.1415E-02 0.1045E-03 0.0000E+00
0.0000E+00 0.8029E-03 0.8626E-03 0.1817E-02 0.1969E-02 0.3573E-02 0.1683E-02 0.1496E-02 0.1411E-02 0.2931E-02 0.3323E-02 0.1427E-02 0.3278E-02 0.3258E-03 0.6238E-03 0.6632E-03 0.2283E-02 0.6040E-03 0.1071E-02 0.1367E-02 0.8658E-04 0.0000E+00
0.0000E+00 0.1678E-02 0.9168E-03 0.2046E-02 0.1972E-02 0.3315E-02 0.2661E-02 0.1828E-02 0.1719E-02 0.2950E-02 0.3222E-02 0.1427E-02 0.2952E-02 0.3745E-03 0.5326E-03 0.5761E-03 0.2072E-02 0.5631E-03 0.1107E-02 0.1228E-02 0.1470E-03 0.0000E+00
0.0000E+00 0.1505E-02 0.7779E-04 0.1821E-02 0.1625E-02 0.2894E-02 0.3589E-02 0.1543E-02 0.1577E-02 0.3717E-02 0.2628E-02 0.1135E-02 0.2688E-02 0.3563E-03 0.4619E-03 0.5143E-03 0.1871E-02 0.5006E-03 0.8554E-03 0.9681E-03 0.1584E-03 0.0000E+00
0.0000E+00 0.1539E-02 0.1590E-03 0.1655E-02 0.2703E-02 0.6260E-02 0.3679E-02 0.1264E-02 0.1359E-02 0.5698E-02 0.2420E-02 0.8209E-03 0.2292E-02 0.3108E-03 0.4184E-03 0.6060E-03 0.1807E-02 0.3115E-03 0.6633E-03 0.7954E-03 0.2026E-03 0.0000E+00
0.0000E+00 0.1436E-02 0.6739E-04 0.1319E-02 0.2379E-02 0.5901E-02 0.7576E-04 0.1047E-02 0.1153E-02 0.5309E-02 0.5272E-04 0.5638E-03 0.2052E-02 0.3631E-03 0.3663E-03 0.5432E-03 0.1547E-02 0.2762E-03 0.5197E-03 0.6303E-03 0.1782E-03 0.0000E+00
0.0000E+00 0.1279E-02 0.2564E-03 0.1279E-02 0.3010E-02 0.5647E-02 0.1085E-03 0.9147E-03 0.1047E-02 0.4848E-02 0.1262E-03 0.3567E-03 0.2023E-02 0.4183E-03 0.3617E-03 0.5090E-03 0.1486E-02 0.2691E-03 0.3696E-03 0.5265E-03 0.2126E-03 0.0000E+00
0.0000E+00 0.1122E-02 0.2867E-03 0.1278E-02 0.3554E-02 0.5237E-02 0.1576E-03 0.6993E-03 0.8200E-03 0.4473E-02 0.1387E-03 0.7898E-04 0.1860E-02 0.5976E-03 0.4945E-03 0.4409E-03 0.1264E-02 0.3471E-03 0.3409E-03 0.4592E-03 0.3217E-03 0.0000E+00
0.0000E+00 0.1316E-02 0.4383E-03 0.1775E-02 0.3926E-02 0.4933E-02 0.1805E-03 0.5682E-03 0.6924E-03 0.4143E-02 0.1767E-03 0.1891E-03 0.1891E-02 0.5815E-03 0.4552E-03 0.3966E-03 0.1053E-02 0.3281E-03 0.3572E-03 0.3749E-03 0.3498E-03 0.0000E+00
0.0000E+00 0.1271E-02 0.5261E-03 0.1783E-02 0.4552E-02 0.4796E-02 0.7045E-03 0.5519E-03 0.1183E-02 0.3793E-02 0.2135E-03 0.2287E-03 0.1578E-02 0.5438E-03 0.4265E-03 0.3794E-03 0.9089E-03 0.4415E-03 0.3334E-03 0.3963E-03 0.3997E-03 0.0000E+00
0.0000E+00 0.1692E-02 0.4546E-03 0.1378E-02 0.3935E-02 0.4714E-02 0.1069E-02 0.6781E-03 0.1389E-02 0.3473E-02 0.2789E-03 0.2498E-03 0.1204E-02 0.4950E-03 0.3886E-03 0.3155E-03 0.1200E-02 0.5759E-03 0.4097E-03 0.3638E-03 0.5064E-03 0.0000E+00
0.0000E+00 0.1455E-02 0.1251E-02 0.1064E-02 0.3477E-02 0.4232E-02 0.1301E-02 0.7151E-03 0.2208E-02 0.3149E-02 0.4785E-03 0.3142E-03 0.9304E-03 0.4453E-03 0.4678E-03 0.7711E-04 0.1075E-02 0.1799E-02 0.4034E-03 0.3459E-03 0.4987E-03 0.0000E+00
0.0000E+00 0.1245E-02 0.9282E-03 0.8777E-03 0.3071E-02 0.4240E-02 0.1511E-02 0.8571E-03 0.3045E-02 0.2970E-02 0.4965E-03 0.3945E-03 0.6265E-03 0.4890E-03 0.4755E-03 0.1524E-03 0.8310E-04 0.1680E-02 0.3697E-03 0.2753E-03 0.4255E-03 0.0000E+00
0.0000E+00 0.1047E-02 0.8106E-03 0.7080E-03 0.2834E-02 0.4501E-02 0.1273E-02 0.6849E-03 0.2482E-02 0.2734E-02 0.4537E-03 0.4227E-03 0.4288E-03 0.4375E-03 0.4296E-03 0.2195E-03 0.8019E-04 0.1431E-02 0.1550E-02 0.2738E-03 0.3697E-03 0.0000E+00
0.0000E+00 0.8835E-03 0.6460E-03 0.5554E-03 0.2588E-02 0.4049E-02 0.1088E-02 0.5815E-03 0.2035E-02 0.2488E-02 0.4776E-03 0.3886E-03 0.3544E-03 0.3970E-03 0.3930E-03 0.2377E-03 0.1441E-03 0.7902E-04 0.1348E-02 0.2814E-03 0.3968E-03 0.0000E+00
0.0000E+00 0.7102E-03 0.4545E-03 0.8587E-03 0.2174E-02 0.6034E-02 0.9367E-03 0.4598E-03 0.1580E-02 0.2424E-02 0.4454E-03 0.3432E-03 0.3091E-03 0.3562E-03 0.3628E-03 0.2611E-03 0.1912E-03 0.1402E-03 0.1174E-02 0.5248E-03 0.3214E-03 0.0000E+00
0.0000E+00 0.5829E-03 0.6550E-04 0.6593E-03 0.6320E-04 0.5746E-02 0.7673E-03 0.1078E-02 0.2397E-02 0.1916E-02 0.4159E-03 0.3104E-03 0.2690E-03 0.6525E-03 0.3846E-03 0.1698E-03 0.3495E-03 0.1646E-03 0.9579E-03 0.5027E-03 0.6480E-04 0.0000E+00
0.0000E+00 0.0000E+00 0.0000E+00 0.0000E+00 0.0000E+00 0.0000E+00 0.0000E+00 0.0000E+00 0.0000E+00 0.0000E+00 0.0000E+00 0.0000E+00 0.0000E+00 0.0000E+00 0.0000E+00 0.0000E+00 0.0000E+00 0.0000E+00 0.0000E+00 0.0000E+00 0.0000E+00 0.0000E+00
