p2_rainE_medsm_sedtr.asc
ncols     22
nrows     62
xllcorner      0.00000000
yllcorner      0.00000000
cellsize      0.50000000
nodata_value -9999
0.0000E+00 0.0000E+00 0.0000E+00 0.0000E+00 0.0000E+00 0.0000E+00 0.0000E+00 0.0000E+00 0.0000E+00 0.0000E+00 0.0000E+00 0.0000E+00 0.0000E+00 0.0000E+00 0.0000E+00 0.0000E+00 0.0000E+00 0.0000E+00 0.0000E+00 0.0000E+00 0.0000E+00 0.0000E+00
0.0000E+00 0.2709E-05 0.1042E-04 0.1463E-04 0.8480E-05 0.1790E-04 0.4472E-04 0.2016E-06 0.2963E-05 0.1890E-04 0.8436E-05 0.2241E-04 0.9039E-05 0.2876E-05 0.2941E-05 0.6742E-05 0.4385E-04 0.4262E-04 0.5927E-05 0.1833E-04 0.6489E-04 0.0000E+00
0.0000E+00 0.2247E-04 0.2828E-03 0.1838E-04 0.2273E-03 0.1613E-03 0.1150E-04 0.8528E-05 0.9872E-05 0.1513E-04 0.2463E-04 0.7410E-05 0.1600E-04 0.3463E-05 0.2516E-03 0.7809E-06 0.9898E-06 0.2134E-05 0.7507E-06 0.1134E-03 0.9587E-04 0.0000E+00
0.0000E+00 0.1842E-04 0.1116E-03 0.1154E-03 0.2094E-04 0.4640E-04 0.2749E-04 0.6290E-04 0.2142E-04 0.4069E-05 0.3908E-04 0.1575E-04 0.4565E-03 0.1351E-03 0.1295E-03 0.3850E-05 -.4638E-07 0.7340E-04 0.2104E-04 0.3239E-04 0.2107E-04 0.0000E+00
0.0000E+00 0.3584E-05 0.7360E-04 0.4536E-04 0.1934E-04 0.1242E-03 0.1120E-04 0.2934E-05 0.4720E-06 0.3063E-04 0.5177E-04 0.1245E-04 0.3476E-03 0.3382E-06 0.4773E-04 0.7473E-06 0.7648E-04 0.5635E-04 0.3467E-06 0.4092E-04 0.1501E-03 0.0000E+00
0.0000E+00 0.1150E-05 0.1318E-06 0.2577E-04 0.2312E-06 -.1649E-07 0.4170E-05 0.1393E-04 0.2013E-04 0.1117E-04 0.1371E-05 0.1142E-03 0.8906E-04 0.1740E-04 0.2084E-04 0.2456E-05 0.1040E-04 0.1055E-03 0.2623E-04 0.7586E-04 0.9244E-04 0.0000E+00
0.0000E+00 0.2316E-05 0.3145E-08 0.6662E-04 -.9267E-07 0.1329E-06 0.7089E-05 0.2435E-05 0.1680E-04 0.3323E-05 0.4015E-05 0.3064E-05 0.8637E-04 0.1793E-05 0.2995E-04 0.9302E-04 0.5871E-04 0.1042E-03 0.9138E-04 0.4041E-04 0.5669E-04 0.0000E+00
0.0000E+00 0.7191E-04 0.1419E-05 0.1500E-04 0.1571E-05 0.7501E-06 0.1923E-04 0.6491E-05 0.3783E-05 0.2347E-03 0.3772E-04 0.1981E-04 0.2275E-03 0.3436E-04 0.1041E-05 -.9513E-07 0.2752E-05 0.3703E-04 0.7778E-04 0.5374E-04 0.3640E-04 0.0000E+00
0.0000E+00 0.9488E-05 0.7122E-05 0.1015E-04 0.1735E-05 0.3215E-04 0.9604E-05 0.2004E-05 0.1216E-04 0.7658E-04 0.6552E-05 0.5840E-04 0.9811E-04 0.1445E-04 0.9771E-06 0.1593E-07 0.1719E-04 0.2256E-05 0.3660E-06 0.3303E-07 0.1492E-04 0.0000E+00
0.0000E+00 0.2257E-05 0.4214E-04 0.4067E-05 0.2759E-04 0.3968E-05 0.4486E-04 0.1740E-04 0.1438E-04 0.5748E-04 0.8843E-04 0.1829E-03 0.2906E-03 0.4811E-04 0.2014E-06 0.3224E-07 0.4496E-04 0.1777E-03 0.2206E-05 0.3229E-07 0.1386E-04 0.0000E+00
0.0000E+00 0.5859E-07 0.2453E-04 0.2983E-03 0.2534E-05 0.2234E-04 0.4497E-05 -.2123E-07 0.9340E-06 0.6976E-06 0.5675E-04 0.1699E-03 0.1760E-03 0.2364E-05 0.8752E-07 0.2820E-05 0.2818E-04 0.6059E-04 0.1116E-06 0.3982E-07 0.6287E-05 0.0000E+00
0.0000E+00 0.2571E-04 0.2284E-04 0.7384E-04 0.9591E-06 0.5607E-05 0.2115E-04 0.5964E-04 0.5392E-04 0.2872E-04 0.2802E-04 0.1392E-03 0.1379E-03 0.5089E-04 0.3021E-04 0.4256E-05 0.1218E-05 0.8127E-05 0.1497E-06 0.1148E-06 0.2147E-04 0.0000E+00
0.0000E+00 0.1013E-04 0.2775E-05 0.8464E-04 0.4393E-04 0.1433E-03 0.6467E-05 0.8212E-04 0.1334E-03 0.7690E-05 0.2275E-05 0.5218E-04 0.8542E-07 0.4372E-06 0.5987E-05 0.2929E-05 0.5773E-05 0.1101E-04 0.4548E-06 0.8476E-05 0.1120E-04 0.0000E+00
0.0000E+00 0.8381E-04 0.8176E-04 0.1939E-03 0.2047E-04 0.6571E-04 0.5540E-04 0.2214E-04 0.8297E-05 0.3456E-04 0.1902E-05 0.3897E-04 0.2837E-05 -.9578E-07 0.5980E-06 0.4252E-06 0.2254E-04 0.3405E-04 0.7923E-05 0.7081E-05 0.1386E-04 0.0000E+00
0.0000E+00 0.9007E-05 0.1217E-04 0.1676E-03 0.2106E-05 0.1752E-06 0.8347E-04 0.1354E-04 0.1650E-04 0.7285E-05 0.1121E-03 0.9625E-04 0.1419E-03 0.5741E-05 0.1282E-05 0.8260E-05 0.3711E-05 0.8543E-05 0.2508E-04 0.5756E-04 0.7871E-04 0.0000E+00
0.0000E+00 0.2162E-05 0.2382E-04 0.2674E-04 0.4557E-06 0.4213E-06 0.4341E-04 0.5713E-04 0.9193E-05 0.1631E-06 0.1491E-04 0.1158E-03 0.3660E-04 0.9862E-04 0.1769E-03 0.1745E-04 0.8978E-05 0.1657E-04 0.1705E-04 0.8871E-05 0.7077E-05 0.0000E+00
0.0000E+00 0.4502E-06 0.7090E-05 0.9801E-05 0.9133E-04 0.1087E-04 0.9827E-04 0.1185E-05 0.4572E-06 0.3649E-04 0.1313E-04 0.6902E-04 0.8609E-05 0.1868E-04 0.3629E-04 0.2245E-05 0.2691E-04 0.1117E-04 0.5501E-04 0.9591E-04 0.2887E-04 0.0000E+00
0.0000E+00 0.2561E-05 0.9518E-06 0.1524E-04 0.5472E-04 0.1110E-06 0.1121E-03 0.6283E-04 0.1162E-04 0.2798E-04 0.1084E-04 0.5015E-04 0.8081E-05 0.2680E-05 0.1606E-05 0.2959E-04 0.5647E-04 0.1580E-04 0.1319E-04 0.1284E-03 0.2483E-03 0.0000E+00
0.0000E+00 0.3311E-06 0.2810E-06 0.1394E-04 0.5611E-04 0.6854E-05 0.6189E-04 0.1548E-04 0.1654E-03 0.5162E-05 0.2215E-05 0.1031E-03 0.6984E-05 0.8345E-05 0.4931E-05 0.4159E-04 0.6563E-04 0.8697E-06 0.1342E-03 0.3710E-04 0.4397E-04 0.0000E+00
0.0000E+00 0.7511E-05 0.2947E-04 0.3687E-05 0.3749E-04 0.6532E-04 0.1193E-03 0.2878E-05 0.3843E-04 0.1365E-05 0.3174E-05 0.4180E-04 0.2108E-05 0.1488E-04 0.5335E-04 0.6807E-04 0.9310E-05 0.2512E-04 0.2023E-04 0.2545E-04 0.4479E-04 0.0000E+00
0.0000E+00 0.2653E-05 0.6084E-06 0.1927E-05 0.6678E-04 0.5044E-04 0.5888E-05 0.2408E-05 0.4109E-04 0.2157E-05 0.9413E-05 0.5992E-04 0.2053E-04 0.5885E-05 0.6708E-04 0.6994E-04 0.1450E-04 0.3584E-04 0.1141E-04 0.1566E-04 0.1452E-03 0.0000E+00
0.0000E+00 0.9905E-06 0.6607E-05 0.1134E-04 0.3613E-04 0.8583E-06 0.2421E-05 0.7475E-05 0.1169E-04 0.7788E-05 0.6941E-05 0.1852E-04 0.7001E-05 0.3505E-05 0.2714E-04 0.2101E-04 0.2631E-04 0.1381E-04 0.1133E-04 0.3269E-04 0.5413E-04 0.0000E+00
0.0000E+00 0.1116E-06 0.5321E-04 0.2692E-05 0.2023E-04 0.2482E-04 0.3052E-04 0.1776E-04 0.1174E-05 0.5467E-05 0.6820E-05 0.4616E-05 0.1480E-05 0.2736E-05 0.2864E-04 0.8792E-05 0.7649E-05 0.3293E-03 0.4603E-04 0.1358E-04 0.2220E-04 0.0000E+00
0.0000E+00 0.1760E-04 0.1401E-04 0.2054E-06 0.7796E-05 0.2325E-04 0.3297E-05 0.8562E-05 0.2023E-04 0.1940E-04 0.5067E-06 0.1451E-04 0.9874E-04 0.5521E-05 0.4373E-05 0.1745E-06 0.5168E-04 0.1074E-03 0.2275E-04 0.2212E-05 0.8410E-05 0.0000E+00
0.0000E+00 0.1369E-03 0.4061E-04 0.1198E-03 0.3917E-04 0.1309E-04 0.2564E-05 0.7065E-04 0.2657E-04 0.4684E-04 0.3706E-04 0.9719E-04 0.4279E-04 0.5897E-06 0.2588E-06 0.3938E-05 0.1155E-04 0.1295E-03 0.5378E-05 0.1730E-04 0.9209E-06 0.0000E+00
0.0000E+00 0.1182E-04 0.1951E-03 0.1236E-04 0.1408E-03 0.1055E-04 0.4632E-05 0.2166E-03 0.6841E-04 0.1078E-04 0.1247E-03 0.1162E-04 0.2056E-05 0.4668E-07 0.5599E-06 0.7553E-05 0.1828E-04 0.7924E-04 0.4560E-04 0.4780E-05 0.1360E-03 0.0000E+00
0.0000E+00 0.3908E-05 0.1681E-04 0.3618E-04 0.2313E-04 0.1500E-05 0.1062E-03 0.9328E-04 0.1617E-04 0.2074E-03 0.1780E-04 0.1914E-04 0.6026E-04 0.8477E-04 0.5192E-04 0.4674E-04 0.1910E-04 0.4863E-04 0.1151E-04 0.1576E-05 0.1188E-03 0.0000E+00
0.0000E+00 0.1153E-06 0.4293E-05 0.2683E-03 0.1460E-04 0.3993E-05 0.3102E-03 0.5531E-04 0.3480E-05 0.2066E-03 0.1488E-04 0.1267E-04 0.1197E-03 0.2034E-03 0.4718E-05 0.1824E-03 0.3566E-04 0.2043E-04 0.1464E-05 0.3319E-06 0.2295E-04 0.0000E+00
0.0000E+00 0.5884E-05 0.2753E-04 0.2061E-03 0.1148E-04 0.1303E-03 0.1437E-03 0.1355E-04 0.1826E-04 0.8928E-04 0.1310E-03 0.9105E-04 0.9074E-05 0.3632E-04 0.1123E-05 0.9584E-05 0.4623E-05 0.1834E-05 0.5810E-04 0.8941E-06 0.3568E-05 0.0000E+00
0.0000E+00 0.7100E-05 0.2909E-04 0.1221E-03 0.9060E-05 0.8348E-04 0.5256E-04 0.3794E-04 0.4111E-05 0.4350E-03 0.1515E-03 0.1244E-03 0.5655E-04 0.1215E-04 0.6288E-06 0.6122E-05 0.1043E-05 0.2819E-04 0.1520E-04 0.6791E-04 0.8273E-04 0.0000E+00
0.0000E+00 0.1442E-05 0.9379E-07 0.1836E-03 0.5689E-06 0.1631E-03 0.1439E-04 0.1262E-04 0.3126E-05 0.1246E-03 0.5163E-04 0.4992E-04 0.1291E-03 0.1376E-04 0.4423E-04 0.5798E-04 0.2241E-03 0.2180E-03 0.5709E-04 0.2026E-04 0.7190E-04 0.0000E+00
0.0000E+00 0.2660E-04 0.1103E-04 0.1095E-03 0.2158E-05 0.7944E-04 0.2580E-04 0.4856E-05 0.5359E-06 0.5709E-04 0.4430E-04 0.1118E-04 0.4831E-04 0.1092E-03 0.6341E-05 0.3306E-04 0.4576E-04 0.4247E-04 0.6636E-05 0.2959E-05 0.2082E-04 0.0000E+00
0.0000E+00 0.9278E-04 0.1457E-05 0.7180E-04 0.5117E-08 0.3107E-04 0.4233E-05 0.9274E-04 0.1407E-03 0.1494E-04 0.2674E-04 0.1540E-04 0.3027E-04 0.1430E-04 0.5771E-05 0.3237E-05 0.3079E-05 0.1849E-04 0.7808E-05 0.1378E-05 0.5424E-05 0.0000E+00
0.0000E+00 0.1667E-04 0.4631E-04 0.2695E-03 0.3344E-03 0.1901E-03 0.1899E-04 0.8502E-04 0.2236E-04 0.1145E-03 0.8132E-04 0.6226E-06 0.9060E-05 0.3962E-04 0.3722E-04 0.5752E-04 0.7999E-04 0.2799E-05 0.1743E-04 0.6922E-04 0.1342E-03 0.0000E+00
0.0000E+00 0.8418E-04 0.5594E-05 0.4074E-03 0.8373E-04 0.1181E-03 0.4866E-04 0.5852E-04 0.6169E-05 0.1487E-03 0.7007E-04 0.1169E-03 0.7754E-04 0.1086E-03 0.5744E-04 0.2882E-03 0.1415E-04 0.1884E-04 0.2183E-04 0.2348E-03 0.1374E-03 0.0000E+00
0.0000E+00 0.4016E-04 0.6346E-05 0.3882E-03 0.4181E-04 0.1936E-03 0.1241E-03 0.8522E-04 0.4634E-04 0.1665E-03 0.3830E-03 0.4646E-03 0.4015E-04 0.4231E-04 0.1479E-03 0.7391E-04 0.3566E-04 0.2211E-03 0.4045E-03 0.1670E-03 0.2051E-04 0.0000E+00
0.0000E+00 0.4528E-04 0.3332E-05 0.3293E-03 0.3293E-04 0.5884E-06 0.9451E-04 0.3422E-04 0.7773E-05 0.1015E-04 0.3042E-03 0.1000E-03 0.5700E-03 0.1058E-03 0.1760E-03 0.4956E-04 0.8023E-04 0.2378E-04 0.9521E-04 0.1143E-03 0.1887E-05 0.0000E+00
0.0000E+00 0.6383E-03 0.3116E-04 0.2720E-03 0.1116E-04 0.4018E-04 0.7763E-04 0.1735E-04 0.2745E-06 0.3064E-05 0.6567E-04 0.1107E-03 0.2393E-03 0.7240E-04 0.9105E-04 0.1254E-04 0.3887E-04 0.4525E-04 0.1889E-03 0.3639E-03 0.1041E-05 0.0000E+00
0.0000E+00 -.1032E-06 0.6533E-03 0.1850E-03 0.3513E-05 0.7891E-05 0.2233E-03 0.6971E-05 0.4311E-05 0.2569E-05 0.4407E-07 0.2733E-03 0.4056E-03 0.5436E-03 0.3608E-04 0.6248E-04 0.1535E-03 0.6350E-03 0.4895E-03 0.6194E-03 0.3450E-04 0.0000E+00
0.0000E+00 0.7235E-05 0.3460E-03 0.3197E-03 0.1686E-05 0.1263E-03 0.1191E-03 0.1987E-03 0.5359E-05 0.1839E-04 0.1520E-04 0.2275E-03 0.5267E-03 0.7219E-04 0.6833E-04 0.2261E-04 0.1539E-03 0.1250E-03 0.2295E-03 0.2961E-03 0.8431E-05 0.0000E+00
0.0000E+00 0.5320E-05 0.1636E-03 0.2854E-03 0.1624E-04 0.1764E-03 0.1946E-03 0.5574E-03 0.1162E-03 0.2392E-03 0.5823E-04 0.5585E-03 0.1595E-02 0.1135E-03 0.2420E-03 0.6645E-04 0.2745E-03 0.4590E-03 0.4557E-03 0.2272E-03 0.1058E-04 0.0000E+00
0.0000E+00 0.3367E-07 0.5421E-05 0.7731E-03 0.1850E-04 0.6701E-03 0.1331E-03 0.9925E-03 0.1457E-02 0.8252E-04 0.1830E-04 0.3733E-03 0.6218E-03 0.6434E-04 0.2190E-03 0.2271E-04 0.1501E-03 0.1467E-03 0.6982E-03 0.4235E-03 0.2114E-05 0.0000E+00
0.0000E+00 0.5725E-04 0.1642E-03 0.6974E-03 0.1021E-02 0.1357E-02 0.1115E-03 0.6036E-03 0.1150E-02 0.7546E-03 0.3504E-04 0.2927E-03 0.1065E-02 0.7741E-05 0.2054E-03 0.3594E-03 0.2641E-03 0.2985E-03 0.4770E-03 0.2599E-03 0.3481E-04 0.0000E+00
0.0000E+00 0.1178E-04 0.9675E-03 0.3672E-03 0.4979E-03 0.5777E-03 0.5944E-04 0.3948E-03 0.6554E-03 0.3274E-03 0.1979E-02 0.7436E-03 0.1304E-02 0.1001E-04 0.1038E-03 0.1062E-02 0.2391E-02 0.1338E-03 0.4552E-03 0.1209E-02 0.3203E-04 0.0000E+00
0.0000E+00 0.9113E-04 0.4403E-03 0.2947E-03 0.3434E-03 0.1393E-02 0.8739E-04 0.3710E-03 0.5074E-03 0.1268E-02 0.2417E-02 0.6258E-03 0.9720E-03 0.4501E-04 0.1004E-03 0.1805E-03 0.9263E-03 0.2715E-03 0.3173E-03 0.6236E-03 0.1160E-03 0.0000E+00
0.0000E+00 0.1551E-02 0.2647E-03 0.2553E-03 0.1082E-02 0.1133E-02 0.1235E-02 0.4381E-03 0.3925E-03 0.1398E-02 0.1663E-02 0.4351E-03 0.8027E-03 0.4074E-03 0.2508E-03 0.3885E-03 0.7259E-03 0.1431E-03 0.4172E-03 0.6184E-03 0.2571E-04 0.0000E+00
0.0000E+00 0.1082E-02 0.1726E-03 0.4655E-03 0.5672E-03 0.7490E-03 0.8926E-03 0.2056E-03 0.4868E-03 0.7059E-03 0.1065E-02 0.4121E-03 0.6596E-03 0.1352E-03 0.1038E-03 0.2141E-03 0.1378E-02 0.2059E-03 0.3535E-03 0.4220E-03 0.1349E-04 0.0000E+00
0.0000E+00 0.6061E-03 0.7901E-05 0.4105E-03 0.4258E-03 0.6425E-03 0.1127E-02 0.1382E-03 0.2961E-03 0.1129E-02 0.8420E-03 0.2586E-03 0.5465E-03 0.5753E-04 0.9604E-04 0.1362E-03 0.8576E-03 0.8500E-04 0.1741E-03 0.2414E-03 0.2806E-05 0.0000E+00
0.0000E+00 0.4520E-03 0.5120E-06 0.2912E-03 0.1513E-02 0.1215E-02 0.8412E-03 0.3285E-03 0.1920E-03 0.1075E-02 0.6018E-03 0.7149E-04 0.4361E-03 0.2968E-04 0.6233E-04 0.1555E-03 0.5861E-03 0.2248E-04 0.1156E-03 0.1636E-03 0.1660E-04 0.0000E+00
0.0000E+00 0.3301E-03 0.1022E-04 0.2513E-03 0.1656E-02 0.3134E-02 0.7674E-05 0.4424E-03 0.2046E-03 0.1010E-02 -.3262E-08 0.1254E-03 0.9723E-03 0.4971E-03 0.1826E-03 0.7051E-04 0.4327E-03 0.6152E-05 0.7477E-04 0.1355E-03 0.9148E-05 0.0000E+00
0.0000E+00 0.2467E-03 0.1902E-03 0.2189E-03 0.1494E-02 0.2076E-02 0.8754E-06 0.2391E-03 0.1846E-03 0.1704E-02 0.1274E-03 0.2247E-03 0.6310E-03 0.2367E-03 0.1389E-03 0.4258E-03 0.1044E-02 0.1514E-03 0.3461E-04 0.1219E-03 0.3391E-04 0.0000E+00
0.0000E+00 0.2717E-03 0.7951E-04 0.4282E-03 0.1261E-02 0.1690E-02 0.1071E-04 0.1226E-03 0.8074E-04 0.1198E-02 0.1876E-04 0.7438E-04 0.7670E-03 0.1347E-03 0.6574E-04 0.1550E-03 0.4358E-03 0.2045E-03 0.3477E-04 0.1144E-03 0.2807E-03 0.0000E+00
0.0000E+00 0.2737E-03 0.2150E-03 0.1019E-02 0.2182E-02 0.2111E-02 0.5456E-04 0.2812E-03 0.1349E-03 0.1363E-02 0.6013E-05 0.1361E-03 0.1232E-02 0.8399E-04 0.3060E-04 0.1611E-03 0.4001E-03 0.8199E-04 0.1396E-03 0.5416E-04 0.1153E-03 0.0000E+00
0.0000E+00 0.3101E-03 0.4885E-04 0.2945E-03 0.1156E-02 0.1414E-02 0.4312E-03 0.3518E-03 0.7315E-03 0.1109E-02 0.8654E-04 0.3228E-04 0.6664E-03 0.1204E-03 0.1872E-04 0.4503E-04 0.2491E-03 0.6187E-03 0.4914E-04 0.6801E-04 0.5745E-04 0.0000E+00
0.0000E+00 0.2598E-03 0.1015E-03 0.2437E-03 0.9644E-03 0.1569E-02 0.1637E-02 0.3406E-03 0.5033E-03 0.9359E-03 0.1435E-03 0.1498E-04 0.5055E-03 0.4295E-04 0.3461E-05 0.1225E-04 0.1897E-03 0.7037E-03 0.2667E-03 0.2843E-04 0.6672E-04 0.0000E+00
0.0000E+00 0.2000E-03 0.2557E-03 0.1743E-03 0.8164E-03 0.1081E-02 0.1111E-02 0.2551E-03 0.1023E-02 0.6865E-03 0.2286E-03 0.1075E-03 0.5797E-03 0.9515E-04 0.3722E-03 0.2256E-04 0.2915E-03 0.5102E-03 0.1758E-03 0.1647E-03 0.4251E-03 0.0000E+00
0.0000E+00 0.1936E-03 0.1050E-03 0.1992E-03 0.7296E-03 0.1402E-02 0.7166E-03 0.1884E-03 0.1543E-02 0.1027E-02 0.8075E-04 0.4205E-04 0.2326E-03 0.1524E-04 0.1025E-03 0.2050E-03 0.2231E-04 0.2768E-03 0.6130E-04 0.2685E-04 0.5369E-04 0.0000E+00
0.0000E+00 0.6318E-04 0.2358E-03 0.9017E-04 0.1135E-02 0.1523E-02 0.5103E-03 0.1101E-03 0.1834E-02 0.9810E-03 0.5356E-04 0.2334E-03 0.3150E-03 0.3680E-04 0.1893E-03 0.7014E-04 0.4400E-05 0.1581E-03 0.1579E-03 0.9926E-04 0.3072E-04 0.0000E+00
0.0000E+00 0.3062E-03 0.1096E-03 0.5047E-04 0.7701E-03 0.1130E-02 0.3103E-03 0.3939E-04 0.9010E-03 0.6761E-03 0.2232E-04 0.1151E-03 0.1035E-03 0.1890E-03 0.8397E-04 0.2541E-04 0.9060E-04 0.6118E-04 0.2133E-03 0.1160E-03 0.2920E-03 0.0000E+00
0.0000E+00 0.1865E-03 0.7086E-05 0.2751E-04 0.4193E-03 0.1420E-02 0.2058E-03 0.7990E-04 0.7042E-03 0.7054E-03 0.5365E-04 0.5396E-04 0.1852E-03 0.1103E-03 0.2897E-04 0.3555E-04 0.2175E-04 0.1992E-04 0.1701E-03 0.5306E-04 0.6045E-04 0.0000E+00
0.0000E+00 0.8603E-04 0.4383E-05 0.9792E-05 0.7550E-06 0.1160E-02 0.9784E-04 0.8565E-04 0.5534E-03 0.4037E-03 0.1080E-04 0.1310E-04 0.3406E-04 0.5669E-04 0.1187E-04 0.8282E-05 0.1129E-04 0.3068E-05 0.8634E-04 0.1748E-04 0.4576E-06 0.0000E+00
0.0000E+00 0.0000E+00 0.0000E+00 0.0000E+00 0.0000E+00 0.0000E+00 0.0000E+00 0.0000E+00 0.0000E+00 0.0000E+00 0.0000E+00 0.0000E+00 0.0000E+00 0.0000E+00 0.0000E+00 0.0000E+00 0.0000E+00 0.0000E+00 0.0000E+00 0.0000E+00 0.0000E+00 0.0000E+00
