p2_rainE_lowsm_dschg.asc
ncols     22
nrows     62
xllcorner      0.00000000
yllcorner      0.00000000
cellsize      0.50000000
nodata_value -9999
0.0000E+00 0.0000E+00 0.0000E+00 0.0000E+00 0.0000E+00 0.0000E+00 0.0000E+00 0.0000E+00 0.0000E+00 0.0000E+00 0.0000E+00 0.0000E+00 0.0000E+00 0.0000E+00 0.0000E+00 0.0000E+00 0.0000E+00 0.0000E+00 0.0000E+00 0.0000E+00 0.0000E+00 0.0000E+00
0.0000E+00 0.3040E-04 0.0000E+00 0.0000E+00 0.0000E+00 0.0000E+00 0.1368E-03 0.3660E-04 0.0000E+00 0.0000E+00 0.1263E-04 0.0000E+00 0.6045E-06 0.0000E+00 0.2358E-04 0.0000E+00 0.0000E+00 0.7272E-05 0.0000E+00 0.0000E+00 0.0000E+00 0.0000E+00
0.0000E+00 0.1873E-04 0.1029E-04 0.0000E+00 0.3070E-06 0.3707E-03 0.1949E-06 0.2663E-04 0.0000E+00 0.0000E+00 0.5932E-05 0.0000E+00 0.2907E-06 0.0000E+00 0.1152E-03 0.1404E-03 0.1095E-04 0.2509E-04 0.1031E-04 0.4612E-04 0.5321E-04 0.0000E+00
0.0000E+00 0.3269E-04 0.8807E-04 0.0000E+00 0.4617E-10 0.2319E-03 0.4748E-04 0.0000E+00 0.7229E-07 0.3183E-11 0.2838E-04 0.9122E-04 0.5685E-03 0.1504E-03 0.2563E-03 0.1936E-03 0.3789E-08 0.2054E-04 0.5623E-08 0.4804E-04 0.3992E-05 0.0000E+00
0.0000E+00 0.5867E-04 0.7160E-03 0.3182E-03 0.1194E-03 0.5978E-03 0.2134E-03 0.3756E-03 0.0000E+00 0.3171E-04 0.1004E-03 0.3461E-03 0.7158E-03 0.0000E+00 0.4222E-03 0.2071E-06 0.8230E-05 0.1049E-03 0.0000E+00 0.6783E-04 0.4104E-04 0.0000E+00
0.0000E+00 0.1787E-03 0.1159E-06 0.3419E-04 0.7298E-04 0.0000E+00 0.7270E-03 0.3168E-03 0.0000E+00 0.2499E-04 0.0000E+00 0.2001E-03 0.4945E-03 0.1046E-03 0.4706E-03 0.0000E+00 0.3707E-05 0.1917E-03 0.2134E-04 0.1745E-03 0.1253E-03 0.0000E+00
0.0000E+00 0.6021E-08 0.7795E-05 0.4486E-04 0.7773E-07 0.3444E-05 0.4132E-03 0.0000E+00 0.1388E-04 0.1269E-04 0.1601E-05 0.6401E-04 0.4179E-03 0.1429E-03 0.6797E-04 0.4805E-04 0.7600E-04 0.1871E-03 0.3615E-04 0.2261E-03 0.1525E-03 0.0000E+00
0.0000E+00 0.2376E-12 0.5331E-04 0.9452E-04 0.0000E+00 0.3419E-05 0.8850E-06 0.8958E-06 0.4161E-06 0.2935E-04 0.4613E-09 0.0000E+00 0.8034E-04 0.1413E-03 0.7564E-05 0.1843E-04 0.5588E-06 0.1580E-04 0.2050E-03 0.4315E-03 0.3527E-03 0.0000E+00
0.0000E+00 0.0000E+00 0.2448E-05 0.1670E-04 0.5128E-04 0.1002E-04 0.0000E+00 0.7417E-05 0.6297E-10 0.9638E-04 0.5233E-05 0.1651E-03 0.8295E-04 0.1267E-05 0.0000E+00 0.2827E-04 0.7316E-04 0.9438E-05 0.1864E-04 0.1309E-04 0.2036E-03 0.0000E+00
0.0000E+00 0.5588E-05 0.1814E-04 0.0000E+00 0.1672E-05 0.5057E-08 0.3336E-06 0.1264E-04 0.6589E-08 0.1614E-03 0.2232E-03 0.2705E-03 0.3469E-03 0.2551E-03 0.1232E-04 0.7845E-04 0.5748E-04 0.1068E-03 0.4927E-04 0.3960E-04 0.2015E-03 0.0000E+00
0.0000E+00 0.7403E-05 0.1199E-04 0.1135E-04 0.5770E-09 0.3564E-05 0.3404E-04 0.0000E+00 0.0000E+00 0.0000E+00 0.2688E-03 0.6495E-03 0.1630E-03 0.0000E+00 0.0000E+00 0.1487E-04 0.1129E-07 0.8638E-04 0.3119E-07 0.0000E+00 0.7423E-04 0.0000E+00
0.0000E+00 0.8990E-05 0.1120E-04 0.1352E-04 0.2568E-04 0.1933E-08 0.2194E-05 0.0000E+00 0.0000E+00 0.4886E-05 0.2226E-08 0.4798E-03 0.1244E-03 0.8310E-04 0.0000E+00 0.3327E-04 0.1339E-04 0.3125E-04 0.3420E-05 0.1764E-04 0.5898E-04 0.0000E+00
0.0000E+00 0.3296E-04 0.9492E-05 0.8968E-04 0.1605E-06 0.6133E-04 0.8568E-09 0.4654E-04 0.7109E-04 0.0000E+00 0.0000E+00 0.2198E-03 0.2552E-04 0.5579E-04 0.1261E-05 0.7236E-05 0.1800E-04 0.4854E-04 0.0000E+00 0.9463E-07 0.2099E-05 0.0000E+00
0.0000E+00 0.6122E-04 0.1274E-04 0.5045E-04 0.5093E-05 0.5968E-04 0.1305E-05 0.2706E-05 0.4194E-05 0.5579E-04 0.3705E-04 0.2306E-06 0.7137E-05 0.3233E-04 0.1859E-09 0.1615E-04 0.5555E-05 0.7967E-06 0.0000E+00 0.6621E-11 0.5858E-09 0.0000E+00
0.0000E+00 0.6281E-04 0.7742E-07 0.1507E-04 0.4273E-05 0.0000E+00 0.1351E-04 0.0000E+00 0.1399E-05 0.0000E+00 0.6487E-05 0.0000E+00 0.2695E-04 0.3555E-04 0.0000E+00 0.2264E-04 0.3595E-07 0.3937E-05 0.1164E-04 0.9776E-05 0.1656E-04 0.0000E+00
0.0000E+00 0.4583E-05 0.0000E+00 0.8023E-04 0.1500E-04 0.0000E+00 0.5355E-08 0.2725E-04 0.1840E-04 0.3664E-04 0.1490E-04 0.0000E+00 0.1682E-04 0.1107E-06 0.1726E-04 0.0000E+00 0.0000E+00 0.2349E-04 0.7285E-05 0.1866E-04 0.7256E-08 0.0000E+00
0.0000E+00 0.2108E-04 0.0000E+00 0.1215E-03 0.4982E-04 0.0000E+00 0.5963E-08 0.4079E-05 0.4124E-04 0.2612E-05 0.3290E-04 0.0000E+00 0.8279E-04 0.7572E-05 0.1245E-07 0.0000E+00 0.0000E+00 0.2125E-07 0.1181E-06 0.1590E-07 0.1218E-04 0.0000E+00
0.0000E+00 0.1426E-07 0.5630E-04 0.3592E-05 0.5269E-04 0.0000E+00 0.2388E-04 0.1999E-08 0.0000E+00 0.8551E-05 0.2883E-04 0.0000E+00 0.2018E-04 0.1662E-04 0.1370E-04 0.2100E-04 0.2888E-04 0.3856E-04 0.1529E-04 0.2577E-04 0.4272E-06 0.0000E+00
0.0000E+00 0.0000E+00 0.0000E+00 0.1920E-05 0.9690E-04 0.7840E-05 0.2362E-04 0.0000E+00 0.2417E-05 0.7402E-05 0.5221E-06 0.3659E-05 0.3315E-06 0.5541E-04 0.4963E-05 0.3074E-04 0.2988E-06 0.4300E-04 0.4938E-04 0.3453E-07 0.1586E-04 0.0000E+00
0.0000E+00 0.1866E-05 0.1038E-04 0.4867E-08 0.1115E-03 0.0000E+00 0.4675E-04 0.9953E-05 0.3011E-07 0.2855E-08 0.0000E+00 0.9986E-05 0.2025E-10 0.7412E-05 0.2484E-06 0.3577E-07 0.4783E-08 0.1777E-04 0.1668E-05 0.7837E-05 0.3301E-04 0.0000E+00
0.0000E+00 0.5181E-09 0.0000E+00 0.0000E+00 0.6317E-04 0.3977E-06 0.1205E-04 0.2437E-04 0.4882E-06 0.0000E+00 0.2076E-04 0.5569E-04 0.9062E-05 0.4977E-08 0.4470E-10 0.6372E-07 0.9866E-05 0.0000E+00 0.0000E+00 0.1832E-05 0.3741E-07 0.0000E+00
0.0000E+00 0.0000E+00 0.0000E+00 0.2677E-04 0.2168E-04 0.1925E-05 0.3064E-04 0.1438E-06 0.1768E-04 0.0000E+00 0.1238E-04 0.5874E-07 0.4579E-08 0.4625E-04 0.3978E-07 0.2985E-05 0.3863E-04 0.5441E-04 0.0000E+00 0.2022E-04 0.0000E+00 0.0000E+00
0.0000E+00 0.0000E+00 0.1726E-04 0.2224E-07 0.1583E-07 0.3278E-06 0.4542E-04 0.1763E-04 0.4055E-08 0.0000E+00 0.2539E-04 0.1849E-12 0.0000E+00 0.0000E+00 0.2875E-04 0.1550E-05 0.1566E-06 0.7395E-04 0.0000E+00 0.2432E-04 0.2092E-04 0.0000E+00
0.0000E+00 0.1448E-04 0.2357E-04 0.1712E-05 0.3739E-09 0.7396E-04 0.3756E-07 0.7369E-04 0.0000E+00 0.0000E+00 0.1602E-07 0.0000E+00 0.0000E+00 0.1291E-04 0.4359E-04 0.1004E-09 0.3758E-05 0.7551E-07 0.1998E-10 0.1879E-04 0.1324E-05 0.0000E+00
0.0000E+00 0.7746E-04 0.2896E-07 0.5515E-05 0.2164E-05 0.4863E-04 0.1284E-03 0.1433E-03 0.0000E+00 0.1483E-04 0.0000E+00 0.2950E-04 0.2984E-05 0.2067E-04 0.7698E-05 0.3671E-08 0.3781E-07 0.4360E-04 0.5993E-05 0.4100E-04 0.2369E-09 0.0000E+00
0.0000E+00 0.5529E-05 0.3764E-04 0.3041E-08 0.8934E-09 0.0000E+00 0.1369E-06 0.9574E-04 0.1044E-04 0.9405E-05 0.3346E-05 0.0000E+00 0.1871E-05 0.5890E-08 0.9040E-05 0.2340E-04 0.2175E-04 0.3129E-04 0.2148E-05 0.5886E-06 0.5781E-05 0.0000E+00
0.0000E+00 0.3148E-08 0.1071E-03 0.8504E-04 0.2441E-04 0.1443E-04 0.1561E-07 0.2263E-06 0.6420E-08 0.1205E-03 0.1732E-05 0.9605E-04 0.4718E-04 0.1928E-04 0.5642E-05 0.1985E-06 0.6959E-04 0.1479E-03 0.9368E-04 0.6672E-04 0.7572E-04 0.0000E+00
0.0000E+00 0.1248E-06 0.1238E-05 0.3229E-04 0.2181E-07 0.0000E+00 0.4158E-05 0.3257E-04 0.4264E-09 0.1326E-03 0.4540E-09 0.1447E-06 0.6077E-05 0.4477E-04 0.3833E-04 0.5311E-04 0.1045E-04 0.5132E-04 0.2968E-06 0.1377E-03 0.1530E-03 0.0000E+00
0.0000E+00 0.0000E+00 0.8461E-05 0.3850E-04 0.0000E+00 0.9610E-05 0.2443E-04 0.1831E-04 0.1649E-04 0.2153E-04 0.4769E-05 0.4596E-04 0.1777E-04 0.2091E-04 0.2685E-04 0.3655E-05 0.4445E-05 0.4439E-07 0.1890E-04 0.8291E-05 0.5911E-04 0.0000E+00
0.0000E+00 0.1159E-08 0.1696E-04 0.1877E-03 0.0000E+00 0.8838E-04 0.3810E-05 0.2925E-04 0.1110E-07 0.9045E-04 0.2135E-04 0.5295E-04 0.1883E-04 0.2023E-07 0.0000E+00 0.1112E-08 0.4778E-04 0.1416E-11 0.1128E-04 0.9016E-04 0.9011E-05 0.0000E+00
0.0000E+00 0.1292E-13 0.0000E+00 0.2020E-03 0.2628E-04 0.2251E-03 0.3329E-04 0.5301E-07 0.9457E-05 0.1569E-06 0.1048E-03 0.1856E-04 0.3309E-04 0.2799E-04 0.9902E-07 0.1302E-04 0.4550E-04 0.1576E-04 0.1873E-07 0.8281E-05 0.6732E-08 0.0000E+00
0.0000E+00 0.0000E+00 0.0000E+00 0.1254E-03 0.1215E-04 0.1753E-03 0.1053E-04 0.1577E-11 0.0000E+00 0.1748E-04 0.7094E-04 0.9511E-08 0.2499E-04 0.1009E-03 0.2319E-06 0.1025E-04 0.4863E-05 0.2148E-04 0.6208E-05 0.3583E-08 0.1424E-03 0.0000E+00
0.0000E+00 0.0000E+00 0.0000E+00 0.3066E-04 0.4293E-05 0.9346E-04 0.1400E-04 0.0000E+00 0.8634E-05 0.1253E-04 0.7874E-07 0.3249E-04 0.2095E-07 0.5627E-04 0.2787E-04 0.1304E-04 0.5645E-08 0.4787E-04 0.2406E-04 0.1347E-05 0.2927E-04 0.0000E+00
0.0000E+00 0.0000E+00 0.0000E+00 0.3418E-07 0.1133E-03 0.4486E-04 0.1601E-04 0.1813E-11 0.4325E-05 0.1216E-06 0.1434E-04 0.2372E-07 0.8080E-04 0.8497E-04 0.1504E-04 0.0000E+00 0.1851E-04 0.5836E-04 0.2107E-07 0.3634E-09 0.6767E-04 0.0000E+00
0.0000E+00 0.0000E+00 0.1617E-08 0.8681E-03 0.1315E-03 0.5686E-07 0.8195E-05 0.5754E-18 0.1225E-04 0.9336E-04 0.1257E-07 0.5256E-04 0.6772E-04 0.1219E-03 0.3759E-04 0.1030E-04 0.1605E-04 0.1221E-03 0.2195E-06 0.2740E-04 0.8380E-04 0.0000E+00
0.0000E+00 0.1079E-03 0.3035E-13 0.3778E-03 0.4250E-04 0.1556E-03 0.5292E-03 0.3425E-04 0.4429E-04 0.1628E-03 0.9453E-05 0.9474E-04 0.1188E-06 0.6512E-04 0.5222E-04 0.2165E-03 0.1174E-07 0.3206E-04 0.3016E-03 0.9586E-03 0.1215E-03 0.0000E+00
0.0000E+00 0.7378E-04 0.0000E+00 0.2290E-03 0.3456E-04 0.0000E+00 0.1569E-03 0.3428E-05 0.5486E-04 0.8385E-06 0.2953E-03 0.1546E-06 0.6273E-03 0.5248E-04 0.1424E-03 0.1400E-03 0.0000E+00 0.6361E-04 0.5039E-03 0.7061E-03 0.1032E-04 0.0000E+00
0.0000E+00 0.1592E-06 0.0000E+00 0.7220E-06 0.4096E-07 0.0000E+00 0.1195E-03 0.1373E-08 0.0000E+00 0.2100E-04 0.9320E-05 0.6874E-03 0.1614E-05 0.0000E+00 0.2635E-03 0.1189E-03 0.1667E-03 0.4180E-04 0.3851E-03 0.5888E-03 0.1715E-04 0.0000E+00
0.0000E+00 0.0000E+00 0.5502E-03 0.0000E+00 0.2279E-04 0.1138E-03 0.2642E-03 0.1236E-04 0.3128E-05 0.9862E-05 0.3310E-04 0.1410E-02 0.2268E-02 0.1017E-02 0.2621E-04 0.7096E-04 0.8711E-04 0.1774E-03 0.4507E-03 0.5209E-03 0.1320E-07 0.0000E+00
0.0000E+00 0.0000E+00 0.9114E-03 0.5483E-03 0.1794E-04 0.8942E-04 0.5643E-06 0.3470E-03 0.1243E-08 0.8381E-08 0.2243E-04 0.5243E-05 0.8723E-03 0.4080E-04 0.6056E-07 0.7706E-07 0.3663E-03 0.2318E-03 0.2822E-03 0.8790E-04 0.1440E-04 0.0000E+00
0.0000E+00 0.0000E+00 0.2178E-03 0.8625E-03 0.6693E-04 0.1636E-03 0.1834E-03 0.1035E-02 0.2347E-03 0.1983E-04 0.4569E-04 0.8765E-04 0.5808E-03 0.1251E-03 0.3809E-04 0.1934E-04 0.1704E-03 0.1610E-03 0.9227E-04 0.2304E-04 0.4557E-05 0.0000E+00
0.0000E+00 0.2458E-04 0.0000E+00 0.4646E-03 0.3485E-05 0.9300E-03 0.1595E-03 0.1195E-02 0.1170E-02 0.2294E-07 0.6890E-04 0.2015E-03 0.9267E-03 0.4765E-04 0.5830E-04 0.1787E-07 0.3993E-06 0.4031E-04 0.1707E-03 0.2068E-07 0.7393E-04 0.0000E+00
0.0000E+00 0.2810E-04 0.9152E-04 0.1980E-03 0.3741E-03 0.1025E-02 0.3938E-06 0.5199E-03 0.1244E-02 0.2521E-03 0.7405E-04 0.1725E-05 0.1048E-02 0.1184E-04 0.5509E-04 0.9614E-05 0.1184E-03 0.8556E-04 0.3183E-04 0.1682E-04 0.4784E-05 0.0000E+00
0.0000E+00 0.1027E-06 0.3610E-03 0.3135E-03 0.6896E-03 0.1071E-02 0.1897E-04 0.3863E-03 0.1223E-02 0.3133E-03 0.1263E-02 0.4664E-05 0.1129E-02 0.5554E-04 0.1082E-03 0.1143E-03 0.4090E-03 0.1590E-06 0.3275E-04 0.7744E-04 0.1118E-05 0.0000E+00
0.0000E+00 0.8076E-04 0.6582E-03 0.6172E-06 0.1681E-03 0.1886E-02 0.8581E-04 0.1959E-03 0.9162E-03 0.1062E-02 0.1876E-02 0.1282E-04 0.8383E-03 0.9287E-07 0.2058E-03 0.1148E-03 0.6103E-03 0.1686E-03 0.3927E-07 0.1179E-03 0.6006E-05 0.0000E+00
0.0000E+00 0.4237E-03 0.5735E-04 0.3464E-04 0.7573E-03 0.2297E-02 0.8069E-03 0.1064E-03 0.5867E-03 0.2053E-02 0.2897E-02 0.2127E-04 0.2768E-03 0.6571E-04 0.1085E-03 0.1755E-03 0.9165E-03 0.1223E-03 0.9523E-04 0.4409E-04 0.0000E+00 0.0000E+00
0.0000E+00 0.4091E-03 0.8096E-04 0.1795E-03 0.4150E-03 0.1947E-02 0.1749E-02 0.1901E-03 0.7449E-03 0.1619E-02 0.2657E-02 0.1215E-03 0.1795E-04 0.7231E-04 0.4012E-04 0.1015E-03 0.6561E-03 0.3739E-04 0.1471E-03 0.5651E-06 0.1146E-04 0.0000E+00
0.0000E+00 0.1098E-03 0.0000E+00 0.1495E-03 0.1202E-03 0.1249E-02 0.2601E-02 0.3998E-04 0.1038E-03 0.2332E-02 0.1942E-02 0.3210E-04 0.1242E-07 0.3888E-04 0.2491E-04 0.5180E-04 0.3285E-03 0.3786E-04 0.2443E-06 0.8782E-10 0.4388E-04 0.0000E+00
0.0000E+00 0.1088E-04 0.2479E-05 0.2017E-03 0.1115E-02 0.3077E-02 0.2377E-02 0.6078E-06 0.1675E-06 0.3044E-02 0.1542E-02 0.3798E-07 0.1549E-05 0.6935E-04 0.3409E-05 0.1156E-03 0.3107E-03 0.1135E-04 0.2153E-15 0.0000E+00 0.6243E-07 0.0000E+00
0.0000E+00 0.1626E-04 0.0000E+00 0.5868E-06 0.5500E-03 0.2707E-02 0.0000E+00 0.1086E-04 0.3248E-04 0.2474E-02 0.0000E+00 0.2392E-05 0.6041E-09 0.6405E-04 0.1187E-06 0.2098E-06 0.9088E-06 0.2486E-04 0.0000E+00 0.0000E+00 0.4206E-04 0.0000E+00
0.0000E+00 0.9921E-05 0.6340E-04 0.5718E-05 0.1080E-02 0.2293E-02 0.0000E+00 0.6919E-08 0.4048E-07 0.1799E-02 0.0000E+00 0.1971E-04 0.7584E-05 0.6916E-04 0.2320E-04 0.4044E-04 0.8224E-04 0.2862E-04 0.0000E+00 0.0000E+00 0.7153E-07 0.0000E+00
0.0000E+00 0.1043E-07 0.2762E-04 0.6238E-05 0.1374E-02 0.1753E-02 0.1960E-06 0.1153E-04 0.0000E+00 0.1376E-02 0.2394E-06 0.0000E+00 0.6701E-04 0.1674E-03 0.7213E-04 0.5229E-04 0.6698E-04 0.3749E-05 0.0000E+00 0.9987E-05 0.8474E-04 0.0000E+00
0.0000E+00 0.1251E-03 0.3356E-04 0.4123E-03 0.1551E-02 0.1355E-02 0.4149E-10 0.1240E-07 0.0000E+00 0.9238E-03 0.3634E-10 0.1013E-04 0.1890E-03 0.1254E-03 0.1471E-06 0.9118E-05 0.4238E-04 0.1101E-06 0.0000E+00 0.7756E-08 0.5245E-05 0.0000E+00
0.0000E+00 0.3857E-04 0.7820E-04 0.3979E-03 0.2054E-02 0.1170E-02 0.4475E-03 0.6941E-05 0.3297E-03 0.4103E-03 0.0000E+00 0.5646E-04 0.1341E-03 0.1117E-03 0.3345E-11 0.2289E-04 0.4363E-04 0.4915E-04 0.2348E-04 0.2013E-04 0.2758E-05 0.0000E+00
0.0000E+00 0.2317E-03 0.1327E-06 0.6442E-04 0.1529E-02 0.1013E-02 0.5591E-03 0.6054E-04 0.5214E-03 0.2078E-03 0.0000E+00 0.7947E-04 0.3693E-04 0.1063E-03 0.5599E-05 0.2550E-04 0.1316E-03 0.3154E-04 0.7084E-04 0.2706E-04 0.3698E-04 0.0000E+00
0.0000E+00 0.5958E-04 0.6711E-03 0.7536E-04 0.1041E-02 0.3372E-03 0.7017E-03 0.1309E-03 0.1239E-02 0.1091E-04 0.1416E-03 0.1186E-03 0.1455E-06 0.6969E-04 0.5175E-06 0.0000E+00 0.1086E-03 0.2430E-03 0.1402E-04 0.4051E-07 0.3926E-04 0.0000E+00
0.0000E+00 0.8889E-07 0.2659E-03 0.1202E-03 0.5596E-03 0.2892E-03 0.8469E-03 0.1542E-03 0.1869E-02 0.8926E-04 0.6256E-04 0.1398E-03 0.1125E-10 0.1000E-03 0.2819E-04 0.0000E+00 0.5078E-06 0.1558E-03 0.1985E-05 0.0000E+00 0.2189E-04 0.0000E+00
0.0000E+00 0.2546E-04 0.1692E-04 0.5453E-05 0.3545E-03 0.5423E-03 0.5493E-03 0.1056E-03 0.1320E-02 0.5723E-04 0.9465E-05 0.1389E-03 0.1786E-04 0.4114E-04 0.2320E-04 0.3094E-04 0.6116E-06 0.9933E-04 0.4412E-05 0.2763E-04 0.2032E-07 0.0000E+00
0.0000E+00 0.4344E-04 0.1611E-07 0.3261E-08 0.1592E-03 0.1067E-03 0.2692E-03 0.5463E-04 0.9839E-03 0.4307E-06 0.4852E-04 0.3040E-04 0.1600E-07 0.2790E-04 0.2590E-07 0.3209E-07 0.5237E-07 0.7165E-09 0.2452E-08 0.4830E-06 0.0000E+00 0.0000E+00
0.0000E+00 0.7524E-04 0.1289E-05 0.1193E-04 0.2951E-06 0.2055E-03 0.1077E-03 0.6174E-04 0.5002E-03 0.4673E-04 0.7315E-07 0.4251E-07 0.1383E-08 0.4086E-04 0.0000E+00 0.2903E-04 0.5590E-04 0.1197E-13 0.1236E-04 0.1564E-04 0.0000E+00 0.0000E+00
0.0000E+00 0.3081E-04 0.0000E+00 0.5057E-08 0.0000E+00 0.4440E-04 0.1067E-04 0.5968E-04 0.2312E-03 0.6882E-04 0.9106E-05 0.5705E-05 0.6634E-05 0.5483E-06 0.2228E-04 0.2554E-07 0.2077E-04 0.2616E-05 0.1597E-06 0.5963E-08 0.0000E+00 0.0000E+00
0.0000E+00 0.0000E+00 0.0000E+00 0.0000E+00 0.0000E+00 0.0000E+00 0.0000E+00 0.0000E+00 0.0000E+00 0.0000E+00 0.0000E+00 0.0000E+00 0.0000E+00 0.0000E+00 0.0000E+00 0.0000E+00 0.0000E+00 0.0000E+00 0.0000E+00 0.0000E+00 0.0000E+00 0.0000E+00
