p2_rainB_highsm_sedtr.asc
ncols     22
nrows     62
xllcorner      0.00000000
yllcorner      0.00000000
cellsize      0.50000000
nodata_value -9999
0.0000E+00 0.0000E+00 0.0000E+00 0.0000E+00 0.0000E+00 0.0000E+00 0.0000E+00 0.0000E+00 0.0000E+00 0.0000E+00 0.0000E+00 0.0000E+00 0.0000E+00 0.0000E+00 0.0000E+00 0.0000E+00 0.0000E+00 0.0000E+00 0.0000E+00 0.0000E+00 0.0000E+00 0.0000E+00
0.0000E+00 0.2719E-01 0.2647E-01 0.2813E-01 0.1761E-01 0.4404E-01 0.5184E-01 0.1293E-01 0.1117E-01 0.3251E-01 0.2680E-01 0.5959E-01 0.4300E-01 0.3696E-01 0.2095E-01 0.1388E-01 0.5906E-01 0.8131E-01 0.1440E-01 0.2963E-01 0.9143E-01 0.0000E+00
0.0000E+00 0.2582E-01 0.1304E+00 0.3029E-01 0.1234E+00 0.8970E-01 0.3075E-01 0.1479E-01 0.2104E-01 0.5074E-01 0.7177E-01 0.5158E-01 0.5666E-01 0.1283E-01 0.1212E+00 0.2532E-01 0.2170E-01 0.6227E-01 0.3992E-01 0.9227E-01 0.1220E+00 0.0000E+00
0.0000E+00 0.4183E-01 0.1357E+00 0.8040E-01 0.6107E-01 0.5446E-01 0.4427E-01 0.4388E-01 0.6328E-01 0.6058E-01 0.1079E+00 0.9617E-01 0.1284E+00 0.7418E-01 0.1362E+00 0.3660E-01 0.1946E-01 0.1137E+00 0.7059E-01 0.1047E+00 0.1015E+00 0.0000E+00
0.0000E+00 0.2546E-01 0.1072E+00 0.9876E-01 0.5084E-01 0.7988E-01 0.5631E-01 0.1775E-01 0.2035E-01 0.9345E-01 0.6121E-01 0.8042E-01 0.1294E+00 0.6079E-02 0.7879E-01 0.2067E-01 0.9771E-01 0.1468E+00 0.7542E-02 0.6192E-01 0.1598E+00 0.0000E+00
0.0000E+00 0.2480E-01 0.9949E-02 0.7651E-01 0.7354E-02 0.2519E-02 0.2953E-01 0.3290E-01 0.4009E-01 0.7694E-01 0.1077E-01 0.1195E+00 0.9452E-01 0.3654E-01 0.5371E-01 0.2039E-01 0.3340E-01 0.1453E+00 0.5644E-01 0.9228E-01 0.1708E+00 0.0000E+00
0.0000E+00 0.1505E-01 0.3535E-02 0.1008E+00 0.2854E-02 0.2239E-02 0.2350E-01 0.1074E-01 0.7770E-01 0.7012E-01 0.3832E-01 0.2754E-01 0.1012E+00 0.2243E-01 0.8198E-01 0.1350E+00 0.1448E+00 0.1671E+00 0.1521E+00 0.9649E-01 0.1540E+00 0.0000E+00
0.0000E+00 0.5481E-01 0.1212E-01 0.5244E-01 0.1344E-01 0.1904E-01 0.2421E-01 0.2811E-01 0.4914E-01 0.1781E+00 0.6914E-01 0.3895E-01 0.1309E+00 0.7187E-01 0.2757E-01 0.1032E-01 0.3796E-01 0.6496E-01 0.1477E+00 0.1366E+00 0.1522E+00 0.0000E+00
0.0000E+00 0.3523E-01 0.4723E-01 0.4866E-01 0.3500E-01 0.5874E-01 0.2328E-01 0.4012E-01 0.8535E-01 0.1814E+00 0.5215E-01 0.7783E-01 0.9464E-01 0.5258E-01 0.1013E-01 0.4561E-02 0.4762E-01 0.2710E-01 0.2422E-01 0.9431E-03 0.1153E+00 0.0000E+00
0.0000E+00 0.4105E-01 0.8906E-01 0.1201E-01 0.7178E-01 0.4565E-01 0.1005E+00 0.8712E-01 0.7873E-01 0.1642E+00 0.1643E+00 0.1210E+00 0.1247E+00 0.5242E-01 0.1345E-01 0.2301E-02 0.4453E-01 0.1343E+00 0.3263E-01 0.3646E-02 0.1063E+00 0.0000E+00
0.0000E+00 0.1301E-01 0.8422E-01 0.1396E+00 0.4628E-01 0.6724E-01 0.1547E-01 0.4412E-02 0.8020E-02 0.1270E-01 0.1439E+00 0.1851E+00 0.8412E-01 0.1117E-01 0.7063E-02 0.1655E-01 0.5494E-01 0.1428E+00 0.1497E-01 0.6079E-02 0.8720E-01 0.0000E+00
0.0000E+00 0.7404E-01 0.1329E+00 0.1608E+00 0.3588E-01 0.4239E-01 0.2799E-01 0.4450E-01 0.8639E-01 0.5772E-01 0.5917E-01 0.1947E+00 0.8172E-01 0.6465E-01 0.8052E-01 0.2726E-01 0.1924E-01 0.7450E-01 0.1800E-01 0.6574E-02 0.1119E+00 0.0000E+00
0.0000E+00 0.1662E-01 0.1281E-01 0.1583E+00 0.1321E+00 0.1780E+00 0.3265E-01 0.1093E+00 0.1352E+00 0.1711E-01 0.1711E-01 0.1484E+00 0.1121E-01 0.1597E-01 0.7564E-01 0.1373E-01 0.3377E-01 0.8406E-01 0.7063E-02 0.5748E-01 0.1071E+00 0.0000E+00
0.0000E+00 0.7531E-01 0.7131E-01 0.8967E-01 0.3795E-01 0.1422E+00 0.1880E+00 0.9480E-01 0.7360E-01 0.7201E-01 0.1598E-01 0.1404E+00 0.2549E-01 0.7063E-02 0.4137E-01 0.2539E-01 0.8727E-01 0.9604E-01 0.4837E-01 0.7986E-01 0.1222E+00 0.0000E+00
0.0000E+00 0.5348E-01 0.4094E-01 0.1714E+00 0.2627E-01 0.5579E-02 0.1860E+00 0.5917E-01 0.6060E-01 0.2949E-01 0.1042E+00 0.1493E+00 0.1013E+00 0.1880E-01 0.5963E-01 0.5014E-01 0.7529E-01 0.9298E-01 0.9496E-01 0.1348E+00 0.1838E+00 0.0000E+00
0.0000E+00 0.3407E-01 0.4237E-01 0.9558E-01 0.3668E-01 0.1862E-01 0.1619E+00 0.1053E+00 0.8321E-01 0.1816E-01 0.7657E-01 0.1838E+00 0.1173E+00 0.8805E-01 0.1806E+00 0.4549E-01 0.4421E-01 0.7816E-01 0.1026E+00 0.1124E+00 0.1209E+00 0.0000E+00
0.0000E+00 0.2509E-01 0.2243E-01 0.6464E-01 0.9632E-01 0.3613E-01 0.1965E+00 0.4440E-01 0.4480E-01 0.8778E-01 0.1269E+00 0.1679E+00 0.9258E-01 0.1411E+00 0.1911E+00 0.3073E-01 0.6182E-01 0.7112E-01 0.1278E+00 0.1659E+00 0.1693E+00 0.0000E+00
0.0000E+00 0.2858E-01 0.3192E-01 0.6597E-01 0.1033E+00 0.1410E-01 0.2166E+00 0.1204E+00 0.5466E-01 0.6178E-01 0.1391E+00 0.1399E+00 0.9523E-01 0.1003E+00 0.3394E-01 0.8884E-01 0.8439E-01 0.1098E+00 0.1416E+00 0.2118E+00 0.2741E+00 0.0000E+00
0.0000E+00 0.9908E-02 0.8449E-02 0.4197E-01 0.1077E+00 0.3109E-01 0.2024E+00 0.7537E-01 0.1340E+00 0.3784E-01 0.8605E-01 0.2149E+00 0.1167E+00 0.9644E-01 0.3478E-01 0.1317E+00 0.1091E+00 0.8020E-02 0.1793E+00 0.2018E+00 0.2442E+00 0.0000E+00
0.0000E+00 0.1584E-01 0.6837E-01 0.4443E-01 0.8894E-01 0.6461E-01 0.2266E+00 0.7419E-01 0.1485E+00 0.5495E-01 0.2470E-01 0.1816E+00 0.9776E-01 0.5955E-01 0.7935E-01 0.1385E+00 0.6799E-01 0.4500E-01 0.6248E-01 0.1795E+00 0.3154E+00 0.0000E+00
0.0000E+00 0.1815E-01 0.8492E-02 0.3121E-01 0.1261E+00 0.1103E+00 0.1330E+00 0.1517E+00 0.1706E+00 0.4582E-01 0.5118E-01 0.2038E+00 0.1205E+00 0.3528E-01 0.1060E+00 0.1848E+00 0.6561E-01 0.8131E-01 0.5320E-01 0.5489E-01 0.3153E+00 0.0000E+00
0.0000E+00 0.2016E-01 0.1682E-01 0.4448E-01 0.1406E+00 0.3266E-01 0.3447E-01 0.1256E+00 0.1183E+00 0.3026E-01 0.2611E-01 0.1732E+00 0.9203E-01 0.7636E-01 0.1497E+00 0.1264E+00 0.8022E-01 0.1087E+00 0.5380E-01 0.7145E-01 0.2521E+00 0.0000E+00
0.0000E+00 0.1960E-01 0.8426E-01 0.3661E-01 0.8776E-01 0.3634E-01 0.3659E-01 0.1146E+00 0.5635E-01 0.2549E-01 0.6616E-01 0.1483E+00 0.8955E-02 0.1030E-01 0.1327E+00 0.9237E-01 0.4574E-01 0.1776E+00 0.5975E-01 0.9651E-01 0.2267E+00 0.0000E+00
0.0000E+00 0.6164E-01 0.1010E+00 0.2396E-01 0.6743E-01 0.8169E-01 0.3504E-01 0.1310E+00 0.7668E-01 0.5040E-01 0.4458E-01 0.1470E+00 0.8561E-01 0.2036E-01 0.8587E-01 0.3549E-01 0.9591E-01 0.1395E+00 0.7637E-01 0.6900E-01 0.1986E+00 0.0000E+00
0.0000E+00 0.1076E+00 0.7628E-01 0.1106E+00 0.6518E-01 0.6427E-01 0.3987E-01 0.1475E+00 0.2767E-01 0.1080E+00 0.9870E-01 0.2077E+00 0.2042E+00 0.2997E-01 0.4652E-01 0.6882E-01 0.3882E-01 0.1607E+00 0.4594E-01 0.9055E-01 0.1717E+00 0.0000E+00
0.0000E+00 0.6448E-01 0.1633E+00 0.5911E-01 0.1121E+00 0.1662E-01 0.3439E-01 0.2067E+00 0.7107E-01 0.9361E-01 0.1572E+00 0.4716E-01 0.1243E+00 0.1008E+00 0.5259E-01 0.7524E-01 0.4890E-01 0.1432E+00 0.8087E-01 0.5474E-01 0.2381E+00 0.0000E+00
0.0000E+00 0.4290E-01 0.9238E-01 0.9530E-01 0.8159E-01 0.2608E-01 0.1158E+00 0.1702E+00 0.4884E-01 0.1581E+00 0.8913E-01 0.6113E-01 0.7152E-01 0.1826E+00 0.8806E-01 0.6815E-01 0.7559E-01 0.1414E+00 0.8596E-01 0.6666E-01 0.2617E+00 0.0000E+00
0.0000E+00 0.8938E-03 0.5603E-01 0.1874E+00 0.5766E-01 0.2092E-01 0.1853E+00 0.1642E+00 0.2960E-01 0.1923E+00 0.9266E-01 0.5164E-01 0.9995E-01 0.2446E+00 0.5792E-01 0.1351E+00 0.8298E-01 0.9285E-01 0.3883E-01 0.4633E-01 0.1806E+00 0.0000E+00
0.0000E+00 0.1478E-01 0.3358E-01 0.1614E+00 0.5289E-01 0.8548E-01 0.2022E+00 0.1520E+00 0.7357E-01 0.1287E+00 0.1630E+00 0.1065E+00 0.5687E-01 0.2268E+00 0.5889E-01 0.7111E-01 0.4671E-01 0.4823E-01 0.1052E+00 0.3220E-01 0.1320E+00 0.0000E+00
0.0000E+00 0.2164E-01 0.4725E-01 0.1812E+00 0.6962E-01 0.9952E-01 0.1850E+00 0.1518E+00 0.4415E-01 0.2199E+00 0.1908E+00 0.1690E+00 0.8292E-01 0.1908E+00 0.9411E-02 0.7641E-01 0.2768E-01 0.6054E-01 0.8048E-01 0.9128E-01 0.1862E+00 0.0000E+00
0.0000E+00 0.3868E-01 0.2150E-01 0.1663E+00 0.1117E-01 0.1448E+00 0.1378E+00 0.1528E+00 0.3517E-01 0.1376E+00 0.1761E+00 0.1763E+00 0.1588E+00 0.1814E+00 0.8661E-01 0.1179E+00 0.1682E+00 0.1715E+00 0.1192E+00 0.7301E-01 0.1787E+00 0.0000E+00
0.0000E+00 0.3209E-01 0.2592E-01 0.1476E+00 0.1574E-01 0.1282E+00 0.1307E+00 0.1302E+00 0.9187E-02 0.1145E+00 0.1648E+00 0.1055E+00 0.1524E+00 0.2532E+00 0.7661E-01 0.1357E+00 0.1584E+00 0.1699E+00 0.8129E-01 0.3914E-01 0.1584E+00 0.0000E+00
0.0000E+00 0.8392E-01 0.1957E-01 0.1169E+00 0.1260E-01 0.1038E+00 0.1262E+00 0.1856E+00 0.1252E+00 0.3194E-01 0.1252E+00 0.5516E-01 0.1181E+00 0.1849E+00 0.2740E-01 0.7681E-01 0.6359E-01 0.1109E+00 0.7068E-01 0.6120E-01 0.1436E+00 0.0000E+00
0.0000E+00 0.5315E-01 0.5503E-01 0.1679E+00 0.1450E+00 0.1225E+00 0.1057E+00 0.2110E+00 0.7968E-01 0.9849E-01 0.1634E+00 0.3620E-01 0.9614E-01 0.2207E+00 0.8346E-01 0.8071E-01 0.8881E-01 0.7216E-01 0.6032E-01 0.1205E+00 0.1784E+00 0.0000E+00
0.0000E+00 0.7891E-01 0.6112E-01 0.1782E+00 0.1372E+00 0.1160E+00 0.1010E+00 0.2274E+00 0.8554E-01 0.1426E+00 0.1359E+00 0.1190E+00 0.1283E+00 0.2453E+00 0.1000E+00 0.1711E+00 0.6853E-01 0.7633E-01 0.8780E-01 0.1631E+00 0.2005E+00 0.0000E+00
0.0000E+00 0.1181E+00 0.4384E-01 0.1800E+00 0.1082E+00 0.1625E+00 0.1785E+00 0.2312E+00 0.7946E-01 0.1434E+00 0.2259E+00 0.1836E+00 0.8698E-01 0.1969E+00 0.1262E+00 0.1330E+00 0.6646E-01 0.9872E-01 0.1359E+00 0.2027E+00 0.1221E+00 0.0000E+00
0.0000E+00 0.1216E+00 0.1732E-01 0.1750E+00 0.1142E+00 0.1366E-01 0.1322E+00 0.2064E+00 0.5140E-01 0.6023E-01 0.2328E+00 0.1290E+00 0.2833E+00 0.2226E+00 0.1482E+00 0.1028E+00 0.9644E-01 0.6724E-01 0.8628E-01 0.1559E+00 0.1126E-01 0.0000E+00
0.0000E+00 0.2437E+00 0.4198E-01 0.1421E+00 0.9120E-01 0.4719E-01 0.1129E+00 0.1676E+00 0.9862E-02 0.4375E-01 0.1425E+00 0.1637E+00 0.2296E+00 0.6761E-01 0.1411E+00 0.7345E-01 0.9668E-01 0.6030E-01 0.8921E-01 0.1736E+00 0.1894E-01 0.0000E+00
0.0000E+00 -.1428E-06 0.1553E+00 0.1051E+00 0.8254E-01 0.5331E-01 0.1582E+00 0.1347E+00 0.1243E-01 0.1030E-01 0.3537E-02 0.1318E+00 0.2402E+00 0.1284E+00 0.8805E-01 0.9253E-01 0.9556E-01 0.1662E+00 0.1414E+00 0.2109E+00 0.5642E-01 0.0000E+00
0.0000E+00 0.2661E-01 0.1584E+00 0.1290E+00 0.6078E-01 0.9607E-01 0.1122E+00 0.1599E+00 0.1849E-01 0.2286E-01 0.1912E-01 0.1128E+00 0.2128E+00 0.9039E-01 0.9250E-01 0.5272E-01 0.1151E+00 0.1175E+00 0.1181E+00 0.1549E+00 0.4057E-01 0.0000E+00
0.0000E+00 0.1323E-01 0.1003E+00 0.1450E+00 0.5580E-01 0.1213E+00 0.1214E+00 0.1778E+00 0.6400E-01 0.9671E-01 0.5029E-01 0.1449E+00 0.2578E+00 0.1278E+00 0.1827E+00 0.8782E-01 0.1522E+00 0.1593E+00 0.1618E+00 0.1687E+00 0.6183E-01 0.0000E+00
0.0000E+00 0.8054E-02 0.1283E-01 0.1460E+00 0.5519E-01 0.1902E+00 0.9680E-01 0.2189E+00 0.1990E+00 0.7304E-01 0.4497E-01 0.1526E+00 0.2759E+00 0.1409E+00 0.2266E+00 0.5932E-01 0.9950E-01 0.1157E+00 0.2258E+00 0.2394E+00 0.6850E-01 0.0000E+00
0.0000E+00 0.6893E-01 0.7947E-01 0.1659E+00 0.2070E+00 0.2155E+00 0.8925E-01 0.1973E+00 0.2114E+00 0.1658E+00 0.4570E-01 0.1050E+00 0.2766E+00 0.1678E-01 0.2256E+00 0.1991E+00 0.1178E+00 0.2002E+00 0.2266E+00 0.2163E+00 0.5984E-01 0.0000E+00
0.0000E+00 0.5643E-01 0.1821E+00 0.1228E+00 0.2021E+00 0.1849E+00 0.7929E-01 0.1801E+00 0.1981E+00 0.1444E+00 0.2277E+00 0.1900E+00 0.3049E+00 0.2186E-01 0.2092E+00 0.3192E+00 0.2827E+00 0.1394E+00 0.2679E+00 0.3210E+00 0.3710E-01 0.0000E+00
0.0000E+00 0.9909E-01 0.1773E+00 0.9570E-01 0.1361E+00 0.2463E+00 0.9678E-01 0.2114E+00 0.1415E+00 0.2402E+00 0.3019E+00 0.2333E+00 0.3276E+00 0.4478E-01 0.2097E+00 0.2116E+00 0.2593E+00 0.1960E+00 0.2076E+00 0.3179E+00 0.7850E-01 0.0000E+00
0.0000E+00 0.2593E+00 0.1108E+00 0.8105E-01 0.2113E+00 0.2564E+00 0.2103E+00 0.2125E+00 0.1137E+00 0.2754E+00 0.3093E+00 0.1822E+00 0.3273E+00 0.1658E+00 0.2654E+00 0.2681E+00 0.2515E+00 0.2104E+00 0.2476E+00 0.3324E+00 0.3522E-01 0.0000E+00
0.0000E+00 0.3378E+00 0.1070E+00 0.1324E+00 0.1785E+00 0.2084E+00 0.2238E+00 0.1786E+00 0.1481E+00 0.2155E+00 0.2604E+00 0.2032E+00 0.2983E+00 0.1852E+00 0.1737E+00 0.2482E+00 0.2893E+00 0.2109E+00 0.2646E+00 0.2794E+00 0.3254E-01 0.0000E+00
0.0000E+00 0.2154E+00 0.1440E-01 0.1516E+00 0.1302E+00 0.1513E+00 0.2366E+00 0.1471E+00 0.1213E+00 0.2404E+00 0.1769E+00 0.1386E+00 0.2898E+00 0.1137E+00 0.1665E+00 0.1908E+00 0.2707E+00 0.1435E+00 0.1836E+00 0.2148E+00 0.2789E-01 0.0000E+00
0.0000E+00 0.2044E+00 0.2414E-01 0.1246E+00 0.2323E+00 0.2654E+00 0.2266E+00 0.2127E+00 0.1284E+00 0.2588E+00 0.1462E+00 0.8990E-01 0.2470E+00 0.9340E-01 0.1643E+00 0.2284E+00 0.2335E+00 0.1004E+00 0.1495E+00 0.1913E+00 0.3322E-01 0.0000E+00
0.0000E+00 0.1857E+00 0.1732E-01 0.1020E+00 0.2975E+00 0.3240E+00 0.1536E-01 0.2959E+00 0.1902E+00 0.2303E+00 0.6325E-02 0.1498E+00 0.3563E+00 0.2421E+00 0.2414E+00 0.1593E+00 0.1855E+00 0.7920E-01 0.1300E+00 0.1872E+00 0.3856E-01 0.0000E+00
0.0000E+00 0.1687E+00 0.8562E-01 0.9810E-01 0.3236E+00 0.2859E+00 0.1691E-01 0.2613E+00 0.1975E+00 0.3143E+00 0.9770E-01 0.2336E+00 0.4222E+00 0.2513E+00 0.2587E+00 0.2651E+00 0.3033E+00 0.1489E+00 0.1281E+00 0.1925E+00 0.4885E-01 0.0000E+00
0.0000E+00 0.1528E+00 0.6779E-01 0.1321E+00 0.3223E+00 0.2583E+00 0.2520E-01 0.2288E+00 0.1391E+00 0.2918E+00 0.8099E-01 0.9369E-01 0.4075E+00 0.2490E+00 0.2501E+00 0.1860E+00 0.2189E+00 0.2193E+00 0.1668E+00 0.2308E+00 0.1561E+00 0.0000E+00
0.0000E+00 0.1733E+00 0.1309E+00 0.2136E+00 0.3359E+00 0.2865E+00 0.4268E-01 0.2299E+00 0.1274E+00 0.3570E+00 0.5703E-01 0.1255E+00 0.4190E+00 0.2535E+00 0.1889E+00 0.1893E+00 0.2300E+00 0.2148E+00 0.2227E+00 0.2026E+00 0.1519E+00 0.0000E+00
0.0000E+00 0.1693E+00 0.1000E+00 0.1423E+00 0.2829E+00 0.2658E+00 0.1496E+00 0.2868E+00 0.2240E+00 0.3236E+00 0.8387E-01 0.9255E-01 0.3657E+00 0.2713E+00 0.1438E+00 0.1844E+00 0.2218E+00 0.3172E+00 0.1942E+00 0.2299E+00 0.1498E+00 0.0000E+00
0.0000E+00 0.1873E+00 0.1050E+00 0.1274E+00 0.2078E+00 0.2861E+00 0.2720E+00 0.3036E+00 0.2230E+00 0.3319E+00 0.1092E+00 0.7120E-01 0.3143E+00 0.2631E+00 0.1102E+00 0.1659E+00 0.3149E+00 0.3392E+00 0.2531E+00 0.2249E+00 0.1779E+00 0.0000E+00
0.0000E+00 0.1452E+00 0.1391E+00 0.9675E-01 0.1658E+00 0.2210E+00 0.3017E+00 0.3032E+00 0.2639E+00 0.2896E+00 0.1703E+00 0.1253E+00 0.3599E+00 0.2285E+00 0.1669E+00 0.2225E-01 0.2849E+00 0.4743E+00 0.2540E+00 0.2411E+00 0.2774E+00 0.0000E+00
0.0000E+00 0.1519E+00 0.8479E-01 0.1196E+00 0.1447E+00 0.2696E+00 0.2799E+00 0.3111E+00 0.2984E+00 0.3507E+00 0.1367E+00 0.1476E+00 0.3198E+00 0.2286E+00 0.1529E+00 0.1393E+00 0.5067E-01 0.3526E+00 0.2237E+00 0.1926E+00 0.1692E+00 0.0000E+00
0.0000E+00 0.1049E+00 0.1096E+00 0.1222E+00 0.2362E+00 0.3032E+00 0.1901E+00 0.2563E+00 0.3444E+00 0.3627E+00 0.1058E+00 0.1955E+00 0.3734E+00 0.2463E+00 0.2000E+00 0.1516E+00 0.3741E-01 0.2842E+00 0.3842E+00 0.2290E+00 0.1260E+00 0.0000E+00
0.0000E+00 0.1805E+00 0.8449E-01 0.8610E-01 0.2496E+00 0.2503E+00 0.1879E+00 0.2280E+00 0.2349E+00 0.3213E+00 0.9937E-01 0.2138E+00 0.3172E+00 0.2702E+00 0.1906E+00 0.9152E-01 0.7803E-01 0.7330E-01 0.3607E+00 0.2667E+00 0.2353E+00 0.0000E+00
0.0000E+00 0.2125E+00 0.3087E-01 0.9849E-01 0.1625E+00 0.3510E+00 0.1414E+00 0.2339E+00 0.1835E+00 0.3316E+00 0.1000E+00 0.1860E+00 0.3489E+00 0.2995E+00 0.1214E+00 0.1278E+00 0.6305E-01 0.6583E-01 0.3596E+00 0.2807E+00 0.1544E+00 0.0000E+00
0.0000E+00 0.1524E+00 0.1323E-01 0.6917E-01 0.9155E-02 0.2950E+00 0.1115E+00 0.3024E+00 0.3952E+00 0.2289E+00 0.1164E+00 0.1317E+00 0.2812E+00 0.2657E+00 0.1039E+00 0.9218E-01 0.1341E+00 0.6282E-01 0.3151E+00 0.2139E+00 0.6575E-02 0.0000E+00
0.0000E+00 0.0000E+00 0.0000E+00 0.0000E+00 0.0000E+00 0.0000E+00 0.0000E+00 0.0000E+00 0.0000E+00 0.0000E+00 0.0000E+00 0.0000E+00 0.0000E+00 0.0000E+00 0.0000E+00 0.0000E+00 0.0000E+00 0.0000E+00 0.0000E+00 0.0000E+00 0.0000E+00 0.0000E+00
