p2_rainA_medsm_sedtr.asc
ncols     22
nrows     62
xllcorner      0.00000000
yllcorner      0.00000000
cellsize      0.50000000
nodata_value -9999
0.0000E+00 0.0000E+00 0.0000E+00 0.0000E+00 0.0000E+00 0.0000E+00 0.0000E+00 0.0000E+00 0.0000E+00 0.0000E+00 0.0000E+00 0.0000E+00 0.0000E+00 0.0000E+00 0.0000E+00 0.0000E+00 0.0000E+00 0.0000E+00 0.0000E+00 0.0000E+00 0.0000E+00 0.0000E+00
0.0000E+00 0.2946E+00 0.2292E+00 0.2201E+00 0.1330E+00 0.3395E+00 0.4237E+00 0.1692E+00 0.9229E-01 0.2386E+00 0.2135E+00 0.4658E+00 0.3960E+00 0.3982E+00 0.3299E+00 0.1067E+00 0.4320E+00 0.6094E+00 0.1070E+00 0.2158E+00 0.6533E+00 0.0000E+00
0.0000E+00 0.2952E+00 0.8137E+00 0.2663E+00 0.7748E+00 0.6634E+00 0.4027E+00 0.1089E+00 0.1601E+00 0.4556E+00 0.5764E+00 0.5102E+00 0.5690E+00 0.9980E-01 0.8453E+00 0.3076E+00 0.3669E+00 0.7381E+00 0.3908E+00 0.6655E+00 0.9881E+00 0.0000E+00
0.0000E+00 0.4007E+00 0.1021E+01 0.5596E+00 0.6089E+00 0.6139E+00 0.4593E+00 0.2887E+00 0.5242E+00 0.8206E+00 0.8753E+00 0.1136E+01 0.9628E+00 0.4910E+00 0.1212E+01 0.4532E+00 0.3832E+00 0.1066E+01 0.6247E+00 0.1151E+01 0.1615E+01 0.0000E+00
0.0000E+00 0.3561E+00 0.1040E+01 0.1971E+01 0.1019E+01 0.7734E+00 0.5590E+00 0.4015E+00 0.2711E+00 0.9741E+00 0.4724E+00 0.1291E+01 0.1069E+01 0.6664E-01 0.1241E+01 0.3854E+00 0.7919E+00 0.1639E+01 0.7442E-01 0.5035E+00 0.1706E+01 0.0000E+00
0.0000E+00 0.4119E+00 0.3330E+00 0.1882E+01 0.1563E+00 0.4328E-01 0.7985E+00 0.4862E+00 0.3031E+00 0.9154E+00 0.1026E+00 0.1403E+01 0.1878E+01 0.3224E+00 0.1062E+01 0.1922E+00 0.2891E+00 0.1609E+01 0.4128E+00 0.8058E+00 0.1708E+01 0.0000E+00
0.0000E+00 0.1535E+00 0.5097E-01 0.1804E+01 0.1102E+00 0.9306E-01 0.7450E+00 0.9025E-01 0.6506E+00 0.8944E+00 0.4002E+00 0.3256E+00 0.1905E+01 0.3651E+00 0.1082E+01 0.1316E+01 0.1466E+01 0.2504E+01 0.2456E+01 0.9585E+00 0.1648E+01 0.0000E+00
0.0000E+00 0.3944E+00 0.1220E+00 0.1628E+01 0.1546E+00 0.2388E+00 0.6759E+00 0.2389E+00 0.5688E+00 0.1328E+01 0.6344E+00 0.2978E+00 0.1845E+01 0.7885E+00 0.3408E+00 0.9049E-01 0.3373E+00 0.5538E+00 0.2541E+01 0.2845E+01 0.3804E+01 0.0000E+00
0.0000E+00 0.3674E+00 0.1582E+01 0.1655E+01 0.3806E+00 0.5041E+00 0.6281E+00 0.4027E+00 0.7979E+00 0.1850E+01 0.6045E+00 0.6468E+00 0.2091E+01 0.6873E+00 0.9922E-01 0.5774E-01 0.4270E+00 0.3586E+00 0.4144E+00 0.6001E-01 0.3436E+01 0.0000E+00
0.0000E+00 0.4874E+00 0.1592E+01 0.9630E-01 0.5587E+00 0.5112E+00 0.1130E+01 0.1263E+01 0.1148E+01 0.2538E+01 0.2727E+01 0.9605E+00 0.2252E+01 0.4807E+00 0.2093E+00 0.9707E-01 0.2987E+00 0.7923E+00 0.4910E+00 0.9962E-01 0.3249E+01 0.0000E+00
0.0000E+00 0.3952E+00 0.1543E+01 0.8025E+00 0.5074E+00 0.5271E+00 0.1289E+00 0.6297E-01 0.7701E-01 0.1277E+00 0.2545E+01 0.3012E+01 0.1987E+01 0.9215E-01 0.7167E-01 0.1372E+00 0.4111E+00 0.1160E+01 0.4259E+00 0.6602E-01 0.3065E+01 0.0000E+00
0.0000E+00 0.6527E+00 0.1989E+01 0.2348E+01 0.4665E+00 0.4632E+00 0.2179E+00 0.2862E+00 0.6229E+00 0.4871E+00 0.5826E+00 0.4812E+01 0.2084E+01 0.4962E+00 0.5785E+00 0.2451E+00 0.2392E+00 0.1356E+01 0.4324E+00 0.6910E-01 0.3021E+01 0.0000E+00
0.0000E+00 0.1169E+00 0.1090E+00 0.2201E+01 0.2373E+01 0.2618E+01 0.2779E+00 0.7238E+00 0.1024E+01 0.1307E+00 0.1676E+00 0.4560E+01 0.2983E+00 0.2479E+00 0.6841E+00 0.1188E+00 0.2893E+00 0.1255E+01 0.7201E-01 0.4681E+00 0.2952E+01 0.0000E+00
0.0000E+00 0.4950E+00 0.4717E+00 0.5615E+00 0.2997E+00 0.2417E+01 0.3582E+01 0.1463E+01 0.1106E+01 0.5556E+00 0.1542E+00 0.4321E+01 0.2491E+00 0.7058E-01 0.5760E+00 0.2698E+00 0.7851E+00 0.1211E+01 0.3926E+00 0.7184E+00 0.2921E+01 0.0000E+00
0.0000E+00 0.5755E+00 0.4017E+00 0.1244E+01 0.2912E+00 0.6380E-01 0.3312E+01 0.5087E+00 0.5130E+00 0.2369E+00 0.7017E+00 0.4158E+01 0.6932E+00 0.1507E+00 0.7339E+00 0.4651E+00 0.1045E+01 0.1800E+01 0.7538E+00 0.1074E+01 0.2998E+01 0.0000E+00
0.0000E+00 0.5015E+00 0.3270E+00 0.1219E+01 0.4620E+00 0.2139E+00 0.3195E+01 0.8954E+00 0.8053E+00 0.2252E+00 0.6966E+00 0.4087E+01 0.9285E+00 0.5232E+00 0.1274E+01 0.3481E+00 0.3866E+00 0.1561E+01 0.9024E+00 0.1121E+01 0.2869E+01 0.0000E+00
0.0000E+00 0.4400E+00 0.1762E+00 0.1064E+01 0.7995E+00 0.2999E+00 0.3124E+01 0.1182E+01 0.7520E+00 0.6662E+00 0.1311E+01 0.3971E+01 0.9863E+00 0.1515E+01 0.1444E+01 0.3284E+00 0.5663E+00 0.1414E+01 0.1082E+01 0.1417E+01 0.2924E+01 0.0000E+00
0.0000E+00 0.4473E+00 0.5870E+00 0.1373E+01 0.1797E+01 0.2833E+00 0.3225E+01 0.1386E+01 0.4656E+00 0.4882E+00 0.1611E+01 0.3874E+01 0.1097E+01 0.1550E+01 0.3799E+00 0.7200E+00 0.7443E+00 0.1429E+01 0.2101E+01 0.1695E+01 0.3171E+01 0.0000E+00
0.0000E+00 0.1298E+00 0.8537E-01 0.3484E+00 0.1654E+01 0.2797E+00 0.3222E+01 0.1166E+01 0.9694E+00 0.3479E+00 0.1380E+01 0.4906E+01 0.2079E+01 0.1454E+01 0.3117E+00 0.1172E+01 0.9243E+00 0.7703E-01 0.2078E+01 0.3091E+01 0.3086E+01 0.0000E+00
0.0000E+00 0.1695E+00 0.5020E+00 0.6005E+00 0.1506E+01 0.4400E+00 0.3186E+01 0.1168E+01 0.1228E+01 0.6039E+00 0.2344E+00 0.4752E+01 0.1857E+01 0.5092E+00 0.5467E+00 0.1243E+01 0.1003E+01 0.3311E+00 0.5235E+00 0.3103E+01 0.5673E+01 0.0000E+00
0.0000E+00 0.1962E+00 0.7911E-01 0.5034E+00 0.1534E+01 0.8539E+00 0.2951E+01 0.3831E+01 0.1769E+01 0.6100E+00 0.4661E+00 0.4818E+01 0.1809E+01 0.4332E+00 0.8209E+00 0.1490E+01 0.9709E+00 0.6086E+00 0.4806E+00 0.4591E+00 0.5659E+01 0.0000E+00
0.0000E+00 0.2211E+00 0.1466E+00 0.5419E+00 0.1535E+01 0.6401E+00 0.3808E+00 0.3682E+01 0.1695E+01 0.2568E+00 0.2020E+00 0.4600E+01 0.1661E+01 0.1788E+01 0.2311E+01 0.1333E+01 0.1015E+01 0.1177E+01 0.5706E+00 0.5444E+00 0.5361E+01 0.0000E+00
0.0000E+00 0.2345E+00 0.5534E+00 0.5030E+00 0.1382E+01 0.6151E+00 0.4037E+00 0.3606E+01 0.1350E+01 0.2130E+00 0.5707E+00 0.4465E+01 0.8170E-01 0.8831E-01 0.2123E+01 0.1192E+01 0.8689E+00 0.1479E+01 0.4158E+00 0.8657E+00 0.5166E+01 0.0000E+00
0.0000E+00 0.4662E+00 0.9377E+00 0.4565E+00 0.1669E+01 0.2069E+01 0.4455E+00 0.4577E+01 0.1313E+01 0.4211E+00 0.5627E+00 0.4406E+01 0.5374E+00 0.1775E+00 0.1891E+01 0.9892E+00 0.1048E+01 0.1996E+01 0.6379E+00 0.8388E+00 0.5025E+01 0.0000E+00
0.0000E+00 0.7088E+00 0.8307E+00 0.7327E+00 0.4934E+00 0.1923E+01 0.2031E+01 0.4444E+01 0.1874E+00 0.8272E+00 0.8844E+00 0.4465E+01 0.4669E+01 0.3568E+00 0.1710E+01 0.1098E+01 0.3250E+00 0.2112E+01 0.5472E+00 0.1012E+01 0.4895E+01 0.0000E+00
0.0000E+00 0.6629E+00 0.1131E+01 0.5937E+00 0.8403E+00 0.1169E+00 0.1910E+01 0.4449E+01 0.5119E+00 0.8942E+00 0.1215E+01 0.4020E+00 0.4341E+01 0.4394E+01 0.1658E+01 0.2522E+01 0.3994E+00 0.1954E+01 0.7490E+00 0.8500E+00 0.4950E+01 0.0000E+00
0.0000E+00 0.5693E+00 0.1313E+01 0.8882E+00 0.9708E+00 0.2648E+00 0.2030E+01 0.4340E+01 0.4811E+00 0.1244E+01 0.1011E+01 0.6125E+00 0.5387E+00 0.4436E+01 0.6414E+00 0.2434E+01 0.7042E+00 0.1872E+01 0.8883E+00 0.9553E+00 0.4920E+01 0.0000E+00
0.0000E+00 0.5960E-01 0.1147E+01 0.1985E+01 0.8117E+00 0.1647E+00 0.2194E+01 0.4269E+01 0.4093E+00 0.1491E+01 0.1057E+01 0.6061E+00 0.7711E+00 0.4514E+01 0.5934E+00 0.2512E+01 0.8274E+00 0.1684E+01 0.7498E+00 0.9308E+00 0.5386E+01 0.0000E+00
0.0000E+00 0.1086E+00 0.2325E+00 0.1828E+01 0.7399E+00 0.5488E+00 0.2213E+01 0.4209E+01 0.6573E+00 0.1310E+01 0.1373E+01 0.8997E+00 0.6993E+00 0.4431E+01 0.6992E+00 0.2703E+01 0.7668E+00 0.1506E+01 0.1023E+01 0.3469E+00 0.5139E+01 0.0000E+00
0.0000E+00 0.1760E+00 0.3642E+00 0.2489E+01 0.7859E+00 0.7238E+00 0.2160E+01 0.4202E+01 0.5617E+00 0.1691E+01 0.1548E+01 0.1259E+01 0.8328E+00 0.4357E+01 0.8356E-01 0.2581E+01 0.6259E+00 0.1494E+01 0.9554E+00 0.7581E+00 0.5131E+01 0.0000E+00
0.0000E+00 0.3490E+00 0.2971E+00 0.2295E+01 0.9155E-01 0.1050E+01 0.2071E+01 0.4176E+01 0.5176E+00 0.1784E+01 0.1574E+01 0.1405E+01 0.1228E+01 0.4348E+01 0.5919E+00 0.2587E+01 0.1196E+01 0.1803E+01 0.1125E+01 0.7370E+00 0.5074E+01 0.0000E+00
0.0000E+00 0.2262E+00 0.3142E+00 0.2145E+01 0.1457E+00 0.1087E+01 0.2063E+01 0.4148E+01 0.8759E-01 0.1656E+01 0.2733E+01 0.1214E+01 0.2005E+01 0.4901E+01 0.6741E+00 0.2588E+01 0.1283E+01 0.2520E+01 0.1054E+01 0.5914E+00 0.4973E+01 0.0000E+00
0.0000E+00 0.5711E+00 0.2949E+00 0.2005E+01 0.1585E+00 0.1095E+01 0.2040E+01 0.4241E+01 0.7529E+00 0.2407E+00 0.2417E+01 0.4592E+00 0.1763E+01 0.4798E+01 0.2457E+00 0.2439E+01 0.2392E+01 0.2252E+01 0.1033E+01 0.7592E+00 0.4925E+01 0.0000E+00
0.0000E+00 0.5107E+00 0.4485E+00 0.2082E+01 0.7997E+00 0.1184E+01 0.2018E+01 0.4288E+01 0.6668E+00 0.6827E+00 0.2389E+01 0.4726E+00 0.1630E+01 0.5122E+01 0.6193E+00 0.5623E+00 0.2444E+01 0.2051E+01 0.9886E+00 0.1047E+01 0.4975E+01 0.0000E+00
0.0000E+00 0.6618E+00 0.5423E+00 0.2055E+01 0.9520E+00 0.1176E+01 0.2042E+01 0.4339E+01 0.8089E+00 0.1043E+01 0.2253E+01 0.9366E+00 0.1680E+01 0.5049E+01 0.6909E+00 0.1150E+01 0.2376E+01 0.1982E+01 0.2720E+01 0.1272E+01 0.4999E+01 0.0000E+00
0.0000E+00 0.1142E+01 0.4961E+00 0.2048E+01 0.9105E+00 0.1388E+01 0.3078E+01 0.4382E+01 0.8179E+00 0.1140E+01 0.2448E+01 0.1291E+01 0.1515E+01 0.4883E+01 0.9881E+00 0.1186E+01 0.2384E+01 0.6195E+00 0.2702E+01 0.5750E+01 0.4817E+01 0.0000E+00
0.0000E+00 0.1157E+01 0.1418E+00 0.2040E+01 0.9757E+00 0.1585E+00 0.2963E+01 0.4865E+01 0.7016E+00 0.8725E+00 0.2397E+01 0.1144E+01 0.6144E+01 0.4877E+01 0.1239E+01 0.1113E+01 0.2457E+01 0.7017E+00 0.2867E+01 0.5549E+01 0.1070E+00 0.0000E+00
0.0000E+00 0.1595E+01 0.3010E+00 0.1993E+01 0.9073E+00 0.3267E+00 0.2821E+01 0.4779E+01 0.8523E-01 0.7708E+00 0.2719E+01 0.3355E+01 0.5981E+01 0.4813E+00 0.1350E+01 0.1077E+01 0.2436E+01 0.4870E+00 0.2709E+01 0.5496E+01 0.2065E+00 0.0000E+00
0.0000E+00 -.8261E-07 0.8880E+00 0.1915E+01 0.9192E+00 0.5031E+00 0.2813E+01 0.4665E+01 0.9811E-01 0.8826E-01 0.5092E-01 0.3104E+01 0.6354E+01 0.8933E+00 0.1193E+01 0.1151E+01 0.2464E+01 0.1068E+01 0.2724E+01 0.5523E+01 0.4333E+00 0.0000E+00
0.0000E+00 0.2292E+00 0.1180E+01 0.1929E+01 0.8267E+00 0.7498E+00 0.2700E+01 0.4648E+01 0.1601E+00 0.1756E+00 0.1315E+00 0.2923E+01 0.6159E+01 0.6447E+00 0.1196E+01 0.9685E+00 0.2500E+01 0.1069E+01 0.2623E+01 0.5398E+01 0.3994E+00 0.0000E+00
0.0000E+00 0.1018E+00 0.1022E+01 0.2619E+01 0.7939E+00 0.9218E+00 0.2653E+01 0.4638E+01 0.4277E+00 0.5796E+00 0.3653E+00 0.2894E+01 0.6129E+01 0.1014E+01 0.1560E+01 0.1079E+01 0.2624E+01 0.1271E+01 0.2703E+01 0.5396E+01 0.5369E+00 0.0000E+00
0.0000E+00 0.1123E+00 0.1001E+00 0.2556E+01 0.7819E+00 0.1280E+01 0.2612E+01 0.4707E+01 0.1056E+01 0.5534E+00 0.4105E+00 0.2826E+01 0.6799E+01 0.1227E+01 0.1802E+01 0.9622E+00 0.2556E+01 0.1128E+01 0.2817E+01 0.5546E+01 0.6737E+00 0.0000E+00
0.0000E+00 0.4408E+00 0.4914E+00 0.2552E+01 0.1323E+01 0.1462E+01 0.2606E+01 0.4689E+01 0.1238E+01 0.9737E+00 0.4313E+00 0.2704E+01 0.6561E+01 0.1309E+00 0.1875E+01 0.1486E+01 0.2620E+01 0.1503E+01 0.2815E+01 0.5971E+01 0.6597E+00 0.0000E+00
0.0000E+00 0.4441E+00 0.1030E+01 0.2391E+01 0.1390E+01 0.1424E+01 0.2586E+01 0.4639E+01 0.1336E+01 0.9836E+00 0.1176E+01 0.2873E+01 0.6446E+01 0.1896E+00 0.1867E+01 0.2005E+01 0.3099E+01 0.1333E+01 0.2919E+01 0.6258E+01 0.2579E+00 0.0000E+00
0.0000E+00 0.6808E+00 0.1203E+01 0.2314E+01 0.1218E+01 0.1702E+01 0.2585E+01 0.4718E+01 0.1175E+01 0.1410E+01 0.1586E+01 0.2959E+01 0.6380E+01 0.3275E+00 0.1922E+01 0.1714E+01 0.3041E+01 0.1596E+01 0.2806E+01 0.6451E+01 0.5044E+00 0.0000E+00
0.0000E+00 0.1388E+01 0.9917E+00 0.2275E+01 0.1477E+01 0.1831E+01 0.2804E+01 0.4756E+01 0.1052E+01 0.1657E+01 0.1766E+01 0.2842E+01 0.6323E+01 0.9253E+00 0.2176E+01 0.1957E+01 0.3035E+01 0.1751E+01 0.2892E+01 0.6367E+01 0.2539E+00 0.0000E+00
0.0000E+00 0.2349E+01 0.1016E+01 0.2349E+01 0.1426E+01 0.1745E+01 0.2800E+01 0.4678E+01 0.1178E+01 0.1561E+01 0.1742E+01 0.2855E+01 0.6266E+01 0.1192E+01 0.1897E+01 0.1965E+01 0.3221E+01 0.1832E+01 0.2951E+01 0.6207E+01 0.2871E+00 0.0000E+00
0.0000E+00 0.1948E+01 0.1072E+00 0.2406E+01 0.1292E+01 0.1549E+01 0.2813E+01 0.4638E+01 0.1108E+01 0.1712E+01 0.1467E+01 0.2729E+01 0.6238E+01 0.9849E+00 0.1876E+01 0.1797E+01 0.3257E+01 0.1606E+01 0.2797E+01 0.6068E+01 0.2955E+00 0.0000E+00
0.0000E+00 0.2048E+01 0.3066E+00 0.2355E+01 0.1611E+01 0.4036E+01 0.2817E+01 0.4799E+01 0.1151E+01 0.2617E+01 0.1361E+01 0.2611E+01 0.6201E+01 0.9017E+00 0.1879E+01 0.1936E+01 0.3199E+01 0.1434E+01 0.2736E+01 0.6013E+01 0.3345E+00 0.0000E+00
0.0000E+00 0.1927E+01 0.1199E+00 0.2333E+01 0.1869E+01 0.4074E+01 0.1153E+00 0.5018E+01 0.1402E+01 0.2399E+01 0.7497E-01 0.2748E+01 0.6413E+01 0.1503E+01 0.2165E+01 0.1736E+01 0.3131E+01 0.1319E+01 0.2713E+01 0.6008E+01 0.3725E+00 0.0000E+00
0.0000E+00 0.1826E+01 0.5230E+00 0.2323E+01 0.2011E+01 0.3933E+01 0.1598E+00 0.4978E+01 0.1492E+01 0.2549E+01 0.5930E+00 0.2982E+01 0.8998E+01 0.1639E+01 0.2285E+01 0.2099E+01 0.3450E+01 0.1550E+01 0.2712E+01 0.6027E+01 0.4329E+00 0.0000E+00
0.0000E+00 0.1745E+01 0.5174E+00 0.2423E+01 0.2071E+01 0.3820E+01 0.2234E+00 0.4933E+01 0.1330E+01 0.2436E+01 0.6255E+00 0.6496E+00 0.8880E+01 0.1741E+01 0.2307E+01 0.1879E+01 0.3299E+01 0.1819E+01 0.2802E+01 0.6084E+01 0.9022E+00 0.0000E+00
0.0000E+00 0.1758E+01 0.8552E+00 0.2609E+01 0.2190E+01 0.3879E+01 0.3222E+00 0.5022E+01 0.1304E+01 0.2587E+01 0.5614E+00 0.9538E+00 0.8841E+01 0.1869E+01 0.2145E+01 0.1904E+01 0.3363E+01 0.1866E+01 0.2964E+01 0.6046E+01 0.9827E+00 0.0000E+00
0.0000E+00 0.1733E+01 0.8939E+00 0.2441E+01 0.2064E+01 0.3775E+01 0.8351E+00 0.5169E+01 0.1625E+01 0.2502E+01 0.6984E+00 0.8947E+00 0.8750E+01 0.2029E+01 0.2003E+01 0.1910E+01 0.3373E+01 0.2272E+01 0.2958E+01 0.6099E+01 0.1043E+01 0.0000E+00
0.0000E+00 0.1768E+01 0.9482E+00 0.2432E+01 0.1860E+01 0.3793E+01 0.1430E+01 0.5234E+01 0.1669E+01 0.2501E+01 0.8373E+00 0.8047E+00 0.8693E+01 0.2097E+01 0.1877E+01 0.1893E+01 0.5029E+01 0.2439E+01 0.3134E+01 0.6114E+01 0.1223E+01 0.0000E+00
0.0000E+00 0.1647E+01 0.1129E+01 0.2392E+01 0.1709E+01 0.3669E+01 0.1701E+01 0.5277E+01 0.1839E+01 0.2376E+01 0.1139E+01 0.1066E+01 0.8761E+01 0.2050E+01 0.2061E+01 0.1458E+00 0.4921E+01 0.6807E+01 0.3215E+01 0.6198E+01 0.1678E+01 0.0000E+00
0.0000E+00 0.1654E+01 0.9581E+00 0.2471E+01 0.1614E+01 0.3742E+01 0.1781E+01 0.5326E+01 0.1999E+01 0.2548E+01 0.1107E+01 0.1274E+01 0.8704E+01 0.2083E+01 0.2013E+01 0.8356E+00 0.3980E+00 0.6592E+01 0.3179E+01 0.6130E+01 0.1418E+01 0.0000E+00
0.0000E+00 0.1532E+01 0.1053E+01 0.2501E+01 0.1861E+01 0.3789E+01 0.1513E+01 0.5284E+01 0.2208E+01 0.2615E+01 0.1025E+01 0.1543E+01 0.8809E+01 0.2198E+01 0.2181E+01 0.1091E+01 0.3801E+00 0.6202E+01 0.8901E+01 0.6220E+01 0.1282E+01 0.0000E+00
0.0000E+00 0.1756E+01 0.9739E+00 0.2458E+01 0.1908E+01 0.3710E+01 0.1565E+01 0.5267E+01 0.1921E+01 0.2517E+01 0.1025E+01 0.1705E+01 0.8735E+01 0.2347E+01 0.2194E+01 0.8995E+00 0.6337E+00 0.4998E+00 0.8621E+01 0.6337E+01 0.1690E+01 0.0000E+00
0.0000E+00 0.1865E+01 0.8076E+00 0.3153E+01 0.1691E+01 0.5203E+01 0.1392E+01 0.5333E+01 0.1760E+01 0.2556E+01 0.1047E+01 0.1671E+01 0.8811E+01 0.2500E+01 0.1984E+01 0.1151E+01 0.6118E+00 0.5636E+00 0.8405E+01 0.7491E+01 0.1476E+01 0.0000E+00
0.0000E+00 0.1766E+01 0.1017E+00 0.3044E+01 0.9234E-01 0.5098E+01 0.1240E+01 0.6392E+01 0.7812E+01 0.2299E+01 0.1157E+01 0.1509E+01 0.8739E+01 0.3994E+01 0.1926E+01 0.1057E+01 0.1590E+01 0.6805E+00 0.8168E+01 0.7345E+01 0.6932E-01 0.0000E+00
0.0000E+00 0.0000E+00 0.0000E+00 0.0000E+00 0.0000E+00 0.0000E+00 0.0000E+00 0.0000E+00 0.0000E+00 0.0000E+00 0.0000E+00 0.0000E+00 0.0000E+00 0.0000E+00 0.0000E+00 0.0000E+00 0.0000E+00 0.0000E+00 0.0000E+00 0.0000E+00 0.0000E+00 0.0000E+00
