p2_rainD_highsm_sedtr.asc
ncols     22
nrows     62
xllcorner      0.00000000
yllcorner      0.00000000
cellsize      0.50000000
nodata_value -9999
0.0000E+00 0.0000E+00 0.0000E+00 0.0000E+00 0.0000E+00 0.0000E+00 0.0000E+00 0.0000E+00 0.0000E+00 0.0000E+00 0.0000E+00 0.0000E+00 0.0000E+00 0.0000E+00 0.0000E+00 0.0000E+00 0.0000E+00 0.0000E+00 0.0000E+00 0.0000E+00 0.0000E+00 0.0000E+00
0.0000E+00 0.3665E-03 0.5014E-03 0.5914E-03 0.3629E-03 0.9608E-03 0.1325E-02 0.1335E-03 0.1905E-03 0.7281E-03 0.5032E-03 0.1192E-02 0.7004E-03 0.4606E-03 0.3093E-03 0.2737E-03 0.1432E-02 0.1819E-02 0.3037E-03 0.6738E-03 0.2249E-02 0.0000E+00
0.0000E+00 0.6979E-03 0.5559E-02 0.8448E-03 0.4363E-02 0.2755E-02 0.5485E-03 0.3196E-03 0.4279E-03 0.1057E-02 0.1469E-02 0.9852E-03 0.1035E-02 0.2447E-03 0.4888E-02 0.3079E-03 0.3046E-03 0.8057E-03 0.5050E-03 0.2709E-02 0.3151E-02 0.0000E+00
0.0000E+00 0.9612E-03 0.3763E-02 0.2828E-02 0.1245E-02 0.1055E-02 0.1315E-02 0.1378E-02 0.1227E-02 0.9243E-03 0.2568E-02 0.1831E-02 0.5506E-02 0.2554E-02 0.3737E-02 0.5230E-03 0.2474E-03 0.2932E-02 0.1470E-02 0.1899E-02 0.2151E-02 0.0000E+00
0.0000E+00 0.4034E-03 0.2414E-02 0.2823E-02 0.1333E-02 0.2580E-02 0.1139E-02 0.2552E-03 0.1914E-03 0.2304E-02 0.1472E-02 0.1575E-02 0.4829E-02 0.6811E-04 0.1993E-02 0.2969E-03 0.2848E-02 0.3165E-02 0.9644E-04 0.1387E-02 0.7372E-02 0.0000E+00
0.0000E+00 0.2743E-03 0.1368E-03 0.2499E-02 0.6058E-04 0.1530E-04 0.6584E-03 0.6125E-03 0.8494E-03 0.1658E-02 0.1472E-03 0.4667E-02 0.2729E-02 0.7229E-03 0.1557E-02 0.3066E-03 0.6082E-03 0.4280E-02 0.1298E-02 0.2406E-02 0.5990E-02 0.0000E+00
0.0000E+00 0.2266E-03 0.2733E-04 0.5196E-02 0.2862E-04 0.1875E-05 0.6496E-03 0.1775E-03 0.1542E-02 0.1227E-02 0.5340E-03 0.3822E-03 0.4266E-02 0.2685E-03 0.3082E-02 0.6067E-02 0.4795E-02 0.5286E-02 0.5966E-02 0.2184E-02 0.4304E-02 0.0000E+00
0.0000E+00 0.1854E-02 0.1720E-03 0.1978E-02 0.1847E-03 0.1956E-03 0.1504E-02 0.4767E-03 0.8012E-03 0.7986E-02 0.1641E-02 0.8396E-03 0.9048E-02 0.1791E-02 0.2918E-03 0.1559E-03 0.5994E-03 0.1501E-02 0.5828E-02 0.4497E-02 0.4889E-02 0.0000E+00
0.0000E+00 0.6458E-03 0.2123E-02 0.2024E-02 0.4596E-03 0.1363E-02 0.1065E-02 0.5669E-03 0.1690E-02 0.4053E-02 0.9196E-03 0.1848E-02 0.3986E-02 0.1168E-02 0.1339E-03 0.4199E-04 0.8874E-03 0.4933E-03 0.2949E-03 0.2366E-06 0.3736E-02 0.0000E+00
0.0000E+00 0.5394E-03 0.5232E-02 0.2167E-03 0.1457E-02 0.6753E-03 0.4074E-02 0.2235E-02 0.2683E-02 0.4636E-02 0.6562E-02 0.4146E-02 0.8142E-02 0.1196E-02 0.9267E-04 0.9298E-05 0.1446E-02 0.4790E-02 0.4520E-03 0.1172E-04 0.3991E-02 0.0000E+00
0.0000E+00 0.1973E-03 0.3776E-02 0.6009E-02 0.8204E-03 0.1375E-02 0.2634E-03 0.3499E-04 0.1073E-03 0.1925E-03 0.5857E-02 0.8938E-02 0.4596E-02 0.1902E-03 0.8693E-04 0.2836E-03 0.1331E-02 0.3037E-02 0.2289E-03 0.6812E-04 0.3133E-02 0.0000E+00
0.0000E+00 0.1992E-02 0.4618E-02 0.4689E-02 0.6666E-03 0.9071E-03 0.8786E-03 0.1632E-02 0.2032E-02 0.1186E-02 0.1331E-02 0.6892E-02 0.4023E-02 0.1568E-02 0.1827E-02 0.4323E-03 0.2741E-03 0.1625E-02 0.2382E-03 0.7717E-04 0.5341E-02 0.0000E+00
0.0000E+00 0.4004E-03 0.2097E-03 0.7005E-02 0.5005E-02 0.1037E-01 0.6928E-03 0.3005E-02 0.3978E-02 0.3435E-03 0.2420E-03 0.4448E-02 0.6780E-04 0.1489E-03 0.1282E-02 0.2196E-03 0.5762E-03 0.2591E-02 0.8677E-04 0.9919E-03 0.4080E-02 0.0000E+00
0.0000E+00 0.2349E-02 0.2300E-02 0.3320E-02 0.7939E-03 0.6756E-02 0.7492E-02 0.2069E-02 0.1398E-02 0.1555E-02 0.2219E-03 0.4594E-02 0.3600E-03 0.8703E-04 0.6457E-03 0.2962E-03 0.1774E-02 0.3965E-02 0.8587E-03 0.1290E-02 0.4662E-02 0.0000E+00
0.0000E+00 0.8312E-03 0.7811E-03 0.6133E-02 0.4295E-03 0.5884E-04 0.1082E-01 0.1048E-02 0.1085E-02 0.5511E-03 0.2950E-02 0.6991E-02 0.3630E-02 0.4778E-03 0.8677E-03 0.7942E-03 0.1072E-02 0.2398E-02 0.1950E-02 0.3383E-02 0.9026E-02 0.0000E+00
0.0000E+00 0.6263E-03 0.9084E-03 0.2002E-02 0.4090E-03 0.1896E-03 0.7756E-02 0.2450E-02 0.1392E-02 0.2316E-03 0.1614E-02 0.1031E-01 0.2652E-02 0.3604E-02 0.7747E-02 0.9342E-03 0.7333E-03 0.2861E-02 0.1944E-02 0.1669E-02 0.3850E-02 0.0000E+00
0.0000E+00 0.5192E-03 0.4468E-03 0.1496E-02 0.2767E-02 0.6424E-03 0.1305E-01 0.8122E-03 0.5651E-03 0.2070E-02 0.2293E-02 0.6783E-02 0.1467E-02 0.2881E-02 0.4734E-02 0.5162E-03 0.1314E-02 0.2652E-02 0.3297E-02 0.4611E-02 0.6837E-02 0.0000E+00
0.0000E+00 0.6129E-03 0.4194E-03 0.2119E-02 0.3527E-02 0.1515E-03 0.1334E-01 0.4554E-02 0.9502E-03 0.1280E-02 0.2743E-02 0.4974E-02 0.1526E-02 0.1927E-02 0.4068E-03 0.1964E-02 0.2173E-02 0.4094E-02 0.3201E-02 0.6430E-02 0.1577E-01 0.0000E+00
0.0000E+00 0.1019E-03 0.1061E-03 0.7817E-03 0.4244E-02 0.5204E-03 0.9728E-02 0.1995E-02 0.4483E-02 0.5804E-03 0.1601E-02 0.1061E-01 0.2637E-02 0.2298E-02 0.5545E-03 0.3093E-02 0.3137E-02 0.1070E-03 0.9138E-02 0.4855E-02 0.8383E-02 0.0000E+00
0.0000E+00 0.3372E-03 0.1561E-02 0.7202E-03 0.3323E-02 0.1769E-02 0.1296E-01 0.1339E-02 0.3273E-02 0.6832E-03 0.3630E-03 0.7187E-02 0.2143E-02 0.1076E-02 0.2045E-02 0.4187E-02 0.1120E-02 0.1067E-02 0.1167E-02 0.5609E-02 0.1049E-01 0.0000E+00
0.0000E+00 0.3131E-03 0.1184E-03 0.6748E-03 0.5945E-02 0.2546E-02 0.3496E-02 0.3739E-02 0.3948E-02 0.6034E-03 0.8597E-03 0.9980E-02 0.3832E-02 0.6862E-03 0.2776E-02 0.5493E-02 0.1438E-02 0.1819E-02 0.8760E-03 0.9822E-03 0.1471E-01 0.0000E+00
0.0000E+00 0.3283E-03 0.3540E-03 0.1198E-02 0.5142E-02 0.4352E-03 0.4332E-03 0.3799E-02 0.2238E-02 0.5160E-03 0.5137E-03 0.7546E-02 0.2353E-02 0.1884E-02 0.5025E-02 0.2565E-02 0.2218E-02 0.1969E-02 0.9647E-03 0.1540E-02 0.9560E-02 0.0000E+00
0.0000E+00 0.2481E-03 0.2385E-02 0.7762E-03 0.2456E-02 0.1087E-02 0.9777E-03 0.4038E-02 0.1195E-02 0.4403E-03 0.1086E-02 0.5969E-02 0.1296E-03 0.1651E-03 0.5581E-02 0.2027E-02 0.9656E-03 0.7783E-02 0.1587E-02 0.1755E-02 0.9009E-02 0.0000E+00
0.0000E+00 0.1343E-02 0.1630E-02 0.4158E-03 0.2097E-02 0.3487E-02 0.4939E-03 0.3718E-02 0.2975E-02 0.1064E-02 0.5403E-03 0.6774E-02 0.2873E-02 0.3752E-03 0.2549E-02 0.5895E-03 0.3457E-02 0.3872E-02 0.1639E-02 0.9951E-03 0.7749E-02 0.0000E+00
0.0000E+00 0.3372E-02 0.2608E-02 0.3259E-02 0.1454E-02 0.2554E-02 0.9583E-03 0.7265E-02 0.7402E-03 0.2566E-02 0.2301E-02 0.1230E-01 0.8214E-02 0.2788E-03 0.1238E-02 0.1318E-02 0.6989E-03 0.6615E-02 0.8195E-03 0.1687E-02 0.6582E-02 0.0000E+00
0.0000E+00 0.1159E-02 0.8075E-02 0.1116E-02 0.3617E-02 0.4005E-03 0.1153E-02 0.1380E-01 0.1921E-02 0.1560E-02 0.5163E-02 0.8229E-03 0.3905E-02 0.2701E-02 0.1474E-02 0.2483E-02 0.9300E-03 0.6159E-02 0.2276E-02 0.9892E-03 0.1405E-01 0.0000E+00
0.0000E+00 0.9116E-03 0.2053E-02 0.2100E-02 0.1456E-02 0.3644E-03 0.8135E-02 0.7804E-02 0.9820E-03 0.5415E-02 0.1725E-02 0.1103E-02 0.1753E-02 0.9533E-02 0.2032E-02 0.3890E-02 0.1377E-02 0.5366E-02 0.1525E-02 0.1049E-02 0.1333E-01 0.0000E+00
0.0000E+00 0.2255E-06 0.1229E-02 0.1064E-01 0.1608E-02 0.3949E-03 0.1421E-01 0.6881E-02 0.5907E-03 0.6415E-02 0.1944E-02 0.1126E-02 0.3498E-02 0.1277E-01 0.1041E-02 0.9390E-02 0.1838E-02 0.3290E-02 0.6463E-03 0.5374E-03 0.6097E-02 0.0000E+00
0.0000E+00 0.3192E-03 0.8692E-03 0.9338E-02 0.1878E-02 0.3215E-02 0.1060E-01 0.5310E-02 0.1799E-02 0.3141E-02 0.6258E-02 0.3463E-02 0.1018E-02 0.7049E-02 0.8269E-03 0.2050E-02 0.7133E-03 0.1254E-02 0.3510E-02 0.3965E-03 0.3519E-02 0.0000E+00
0.0000E+00 0.4772E-03 0.1225E-02 0.6650E-02 0.2168E-02 0.2958E-02 0.6989E-02 0.6464E-02 0.8638E-03 0.1080E-01 0.7146E-02 0.5980E-02 0.2621E-02 0.5391E-02 0.1408E-03 0.2819E-02 0.5670E-03 0.3251E-02 0.1802E-02 0.2320E-02 0.9397E-02 0.0000E+00
0.0000E+00 0.5493E-03 0.2835E-03 0.9031E-02 0.1905E-03 0.4695E-02 0.4837E-02 0.5909E-02 0.7649E-03 0.3990E-02 0.4125E-02 0.4988E-02 0.5502E-02 0.5264E-02 0.2223E-02 0.5773E-02 0.8143E-02 0.1164E-01 0.3847E-02 0.1747E-02 0.7262E-02 0.0000E+00
0.0000E+00 0.7969E-03 0.6713E-03 0.7417E-02 0.2635E-03 0.3509E-02 0.5541E-02 0.4523E-02 0.1245E-03 0.3209E-02 0.3990E-02 0.2203E-02 0.3778E-02 0.9599E-02 0.1358E-02 0.5270E-02 0.3837E-02 0.5039E-02 0.1251E-02 0.8082E-03 0.4619E-02 0.0000E+00
0.0000E+00 0.2682E-02 0.3027E-03 0.5628E-02 0.1403E-03 0.2143E-02 0.4213E-02 0.9911E-02 0.4551E-02 0.6685E-03 0.3607E-02 0.1006E-02 0.3711E-02 0.4457E-02 0.4422E-03 0.1707E-02 0.1435E-02 0.4097E-02 0.1153E-02 0.1033E-02 0.3791E-02 0.0000E+00
0.0000E+00 0.1040E-02 0.2350E-02 0.1298E-01 0.6971E-02 0.5581E-02 0.4373E-02 0.9396E-02 0.1723E-02 0.3046E-02 0.8504E-02 0.4398E-03 0.2439E-02 0.6792E-02 0.1875E-02 0.2072E-02 0.4183E-02 0.2656E-02 0.1394E-02 0.3896E-02 0.8013E-02 0.0000E+00
0.0000E+00 0.2719E-02 0.1044E-02 0.1131E-01 0.3554E-02 0.4402E-02 0.5156E-02 0.9000E-02 0.1478E-02 0.4391E-02 0.6752E-02 0.3702E-02 0.5417E-02 0.1011E-01 0.2571E-02 0.6430E-02 0.1640E-02 0.3443E-02 0.3720E-02 0.6516E-02 0.8364E-02 0.0000E+00
0.0000E+00 0.2885E-02 0.8579E-03 0.1055E-01 0.2832E-02 0.6062E-02 0.6217E-02 0.9019E-02 0.2209E-02 0.5440E-02 0.1736E-01 0.9109E-02 0.3203E-02 0.5880E-02 0.3702E-02 0.3035E-02 0.2469E-02 0.3701E-02 0.1148E-01 0.6553E-02 0.2782E-02 0.0000E+00
0.0000E+00 0.3492E-02 0.3136E-03 0.1013E-01 0.3369E-02 0.1631E-03 0.4927E-02 0.6140E-02 0.1028E-02 0.1404E-02 0.1232E-01 0.3780E-02 0.1628E-01 0.8684E-02 0.4575E-02 0.2557E-02 0.4451E-02 0.1288E-02 0.3902E-02 0.4921E-02 0.1665E-03 0.0000E+00
0.0000E+00 0.1742E-01 0.1419E-02 0.7695E-02 0.2371E-02 0.1307E-02 0.5278E-02 0.5000E-02 0.1531E-03 0.1096E-02 0.4703E-02 0.5914E-02 0.9823E-02 0.1844E-02 0.3602E-02 0.1507E-02 0.2908E-02 0.1443E-02 0.6773E-02 0.1020E-01 0.2542E-03 0.0000E+00
0.0000E+00 -.1123E-06 0.8100E-02 0.5497E-02 0.1573E-02 0.9491E-03 0.1108E-01 0.4147E-02 0.2309E-03 0.1652E-03 0.2770E-04 0.7777E-02 0.1024E-01 0.5681E-02 0.1999E-02 0.3270E-02 0.4750E-02 0.8767E-02 0.1386E-01 0.1574E-01 0.1566E-02 0.0000E+00
0.0000E+00 0.4532E-03 0.5355E-02 0.8168E-02 0.1280E-02 0.3723E-02 0.5998E-02 0.8773E-02 0.3639E-03 0.6575E-03 0.4997E-03 0.7111E-02 0.1037E-01 0.2300E-02 0.3402E-02 0.1434E-02 0.4884E-02 0.3129E-02 0.7982E-02 0.6934E-02 0.8286E-03 0.0000E+00
0.0000E+00 0.2593E-03 0.2774E-02 0.6707E-02 0.1587E-02 0.4774E-02 0.7654E-02 0.1212E-01 0.2314E-02 0.4203E-02 0.1419E-02 0.1403E-01 0.2309E-01 0.3491E-02 0.9059E-02 0.4033E-02 0.7958E-02 0.8848E-02 0.1453E-01 0.8058E-02 0.1312E-02 0.0000E+00
0.0000E+00 0.8471E-04 0.2451E-03 0.1362E-01 0.1661E-02 0.9336E-02 0.5471E-02 0.1721E-01 0.1384E-01 0.2581E-02 0.9984E-03 0.1239E-01 0.1435E-01 0.3631E-02 0.9903E-02 0.2007E-02 0.3924E-02 0.4422E-02 0.2004E-01 0.1622E-01 0.9139E-03 0.0000E+00
0.0000E+00 0.2396E-02 0.3116E-02 0.1713E-01 0.1538E-01 0.1372E-01 0.5535E-02 0.1255E-01 0.1243E-01 0.1038E-01 0.1757E-02 0.7822E-02 0.2125E-01 0.3287E-03 0.9390E-02 0.1247E-01 0.6957E-02 0.9798E-02 0.1613E-01 0.9444E-02 0.1619E-02 0.0000E+00
0.0000E+00 0.1405E-02 0.1092E-01 0.8877E-02 0.8360E-02 0.8137E-02 0.4604E-02 0.9055E-02 0.8351E-02 0.6275E-02 0.1877E-01 0.2167E-01 0.2646E-01 0.4767E-03 0.7115E-02 0.2199E-01 0.2997E-01 0.5255E-02 0.1829E-01 0.2793E-01 0.9579E-03 0.0000E+00
0.0000E+00 0.3333E-02 0.6694E-02 0.7142E-02 0.4744E-02 0.1527E-01 0.6091E-02 0.1267E-01 0.6018E-02 0.1552E-01 0.2216E-01 0.2298E-01 0.2558E-01 0.1542E-02 0.6579E-02 0.7069E-02 0.1600E-01 0.8691E-02 0.1169E-01 0.1954E-01 0.2597E-02 0.0000E+00
0.0000E+00 0.1814E-01 0.3868E-02 0.6571E-02 0.1379E-01 0.1426E-01 0.2096E-01 0.1339E-01 0.5393E-02 0.1655E-01 0.1793E-01 0.1387E-01 0.2151E-01 0.8360E-02 0.1171E-01 0.1252E-01 0.1303E-01 0.7467E-02 0.1625E-01 0.2184E-01 0.8398E-03 0.0000E+00
0.0000E+00 0.1868E-01 0.3873E-02 0.1305E-01 0.8502E-02 0.9719E-02 0.1599E-01 0.8400E-02 0.8685E-02 0.9651E-02 0.1178E-01 0.1464E-01 0.1668E-01 0.5769E-02 0.4975E-02 0.1027E-01 0.2061E-01 0.9119E-02 0.1593E-01 0.1447E-01 0.7774E-03 0.0000E+00
0.0000E+00 0.9185E-02 0.3035E-03 0.1337E-01 0.5888E-02 0.7494E-02 0.1591E-01 0.6645E-02 0.6061E-02 0.1345E-01 0.8260E-02 0.9737E-02 0.1545E-01 0.3073E-02 0.5991E-02 0.7063E-02 0.1641E-01 0.4848E-02 0.9037E-02 0.9894E-02 0.4856E-03 0.0000E+00
0.0000E+00 0.9318E-02 0.2404E-03 0.9187E-02 0.1897E-01 0.1385E-01 0.1284E-01 0.1516E-01 0.5901E-02 0.1265E-01 0.6897E-02 0.6802E-02 0.1161E-01 0.3219E-02 0.5820E-02 0.8992E-02 0.1122E-01 0.3267E-02 0.8480E-02 0.9541E-02 0.8844E-03 0.0000E+00
0.0000E+00 0.8881E-02 0.4342E-03 0.8024E-02 0.2379E-01 0.3552E-01 0.3188E-03 0.2181E-01 0.9800E-02 0.1438E-01 0.6420E-04 0.1283E-01 0.3026E-01 0.1505E-01 0.1157E-01 0.5227E-02 0.8809E-02 0.2687E-02 0.8397E-02 0.1029E-01 0.1105E-02 0.0000E+00
0.0000E+00 0.8642E-02 0.3479E-02 0.8052E-02 0.2278E-01 0.2742E-01 0.2575E-03 0.1257E-01 0.9301E-02 0.3087E-01 0.3588E-02 0.1864E-01 0.2369E-01 0.1110E-01 0.1057E-01 0.1628E-01 0.2474E-01 0.8967E-02 0.8566E-02 0.1111E-01 0.1874E-02 0.0000E+00
0.0000E+00 0.9179E-02 0.2509E-02 0.1284E-01 0.2015E-01 0.2177E-01 0.5949E-03 0.8449E-02 0.4761E-02 0.2380E-01 0.1899E-02 0.2397E-02 0.2945E-01 0.8126E-02 0.7187E-02 0.6997E-02 0.1086E-01 0.1107E-01 0.9625E-02 0.1265E-01 0.8222E-02 0.0000E+00
0.0000E+00 0.1028E-01 0.5636E-02 0.2132E-01 0.2477E-01 0.2852E-01 0.1905E-02 0.1223E-01 0.6081E-02 0.3129E-01 0.1173E-02 0.3819E-02 0.3606E-01 0.7814E-02 0.4195E-02 0.8648E-02 0.1276E-01 0.8434E-02 0.1291E-01 0.8435E-02 0.5989E-02 0.0000E+00
0.0000E+00 0.1022E-01 0.2295E-02 0.7972E-02 0.1549E-01 0.2245E-01 0.7202E-02 0.1666E-01 0.1518E-01 0.2522E-01 0.3352E-02 0.2148E-02 0.2507E-01 0.9646E-02 0.3409E-02 0.5675E-02 0.1040E-01 0.1910E-01 0.8784E-02 0.9632E-02 0.5003E-02 0.0000E+00
0.0000E+00 0.8979E-02 0.4152E-02 0.7941E-02 0.1168E-01 0.2550E-01 0.1854E-01 0.1520E-01 0.1148E-01 0.2461E-01 0.4941E-02 0.1726E-02 0.1922E-01 0.7018E-02 0.2227E-02 0.3977E-02 0.1257E-01 0.1937E-01 0.1434E-01 0.7912E-02 0.5588E-02 0.0000E+00
0.0000E+00 0.6023E-02 0.5244E-02 0.5908E-02 0.1020E-01 0.1694E-01 0.1643E-01 0.1324E-01 0.1574E-01 0.1929E-01 0.7163E-02 0.4383E-02 0.2867E-01 0.7536E-02 0.1069E-01 0.6546E-03 0.1489E-01 0.2120E-01 0.1270E-01 0.1108E-01 0.1438E-01 0.0000E+00
0.0000E+00 0.7273E-02 0.2499E-02 0.9398E-02 0.9913E-02 0.2567E-01 0.1183E-01 0.1191E-01 0.1914E-01 0.2763E-01 0.3842E-02 0.3606E-02 0.2047E-01 0.5414E-02 0.5191E-02 0.5149E-02 0.1042E-02 0.1222E-01 0.8098E-02 0.5183E-02 0.3737E-02 0.0000E+00
0.0000E+00 0.2619E-02 0.5879E-02 0.7603E-02 0.2242E-01 0.2799E-01 0.7763E-02 0.7908E-02 0.2445E-01 0.2692E-01 0.3291E-02 0.7831E-02 0.2849E-01 0.6224E-02 0.9562E-02 0.4004E-02 0.5296E-03 0.9018E-02 0.1333E-01 0.9565E-02 0.3037E-02 0.0000E+00
0.0000E+00 0.1219E-01 0.3491E-02 0.5043E-02 0.1837E-01 0.1894E-01 0.7375E-02 0.6010E-02 0.1064E-01 0.1939E-01 0.2790E-02 0.7154E-02 0.1910E-01 0.9853E-02 0.7640E-02 0.2061E-02 0.2506E-02 0.1966E-02 0.1683E-01 0.1104E-01 0.1149E-01 0.0000E+00
0.0000E+00 0.1037E-01 0.7181E-03 0.5174E-02 0.9683E-02 0.2685E-01 0.6139E-02 0.8654E-02 0.8772E-02 0.1974E-01 0.3719E-02 0.5379E-02 0.2470E-01 0.9465E-02 0.3459E-02 0.3075E-02 0.1512E-02 0.1502E-02 0.1825E-01 0.6429E-02 0.3747E-02 0.0000E+00
0.0000E+00 0.4436E-02 0.2594E-03 0.3536E-02 0.1165E-03 0.2211E-01 0.4745E-02 0.1083E-01 0.1558E-01 0.1133E-01 0.2378E-02 0.2799E-02 0.1474E-01 0.5845E-02 0.2966E-02 0.1849E-02 0.2671E-02 0.9097E-03 0.1134E-01 0.4807E-02 0.7743E-04 0.0000E+00
0.0000E+00 0.0000E+00 0.0000E+00 0.0000E+00 0.0000E+00 0.0000E+00 0.0000E+00 0.0000E+00 0.0000E+00 0.0000E+00 0.0000E+00 0.0000E+00 0.0000E+00 0.0000E+00 0.0000E+00 0.0000E+00 0.0000E+00 0.0000E+00 0.0000E+00 0.0000E+00 0.0000E+00 0.0000E+00
