p2_rainA_highsm_dschg.asc
ncols     22
nrows     62
xllcorner      0.00000000
yllcorner      0.00000000
cellsize      0.50000000
nodata_value -9999
0.0000E+00 0.0000E+00 0.0000E+00 0.0000E+00 0.0000E+00 0.0000E+00 0.0000E+00 0.0000E+00 0.0000E+00 0.0000E+00 0.0000E+00 0.0000E+00 0.0000E+00 0.0000E+00 0.0000E+00 0.0000E+00 0.0000E+00 0.0000E+00 0.0000E+00 0.0000E+00 0.0000E+00 0.0000E+00
0.0000E+00 0.6485E-02 0.6744E-02 0.6512E-02 0.6271E-02 0.1245E-01 0.2049E-01 0.1305E-01 0.6250E-02 0.6299E-02 0.6252E-02 0.6252E-02 0.6384E-02 0.6214E-02 0.1238E-01 0.6264E-02 0.6500E-02 0.6330E-02 0.6262E-02 0.6302E-02 0.6336E-02 0.0000E+00
0.0000E+00 0.1267E-01 0.1333E-01 0.1271E-01 0.6650E-02 0.2130E-01 0.3256E-01 0.6264E-02 0.6263E-02 0.1874E-01 0.1254E-01 0.1246E-01 0.1276E-01 0.6257E-02 0.1988E-01 0.1366E-01 0.1274E-01 0.1247E-01 0.1244E-01 0.1382E-01 0.1324E-01 0.0000E+00
0.0000E+00 0.1920E-01 0.2062E-01 0.1993E-01 0.1283E-01 0.2856E-01 0.3929E-01 0.6651E-02 0.6428E-02 0.3118E-01 0.1874E-01 0.3781E-01 0.2239E-01 0.1395E-01 0.4056E-01 0.2062E-01 0.1875E-01 0.1875E-01 0.1865E-01 0.3911E-01 0.5821E-01 0.0000E+00
0.0000E+00 0.2526E-01 0.3003E-01 0.1095E+00 0.5491E-01 0.3703E-01 0.4651E-01 0.2124E-01 0.6251E-02 0.3731E-01 0.6882E-02 0.5179E-01 0.3044E-01 0.6218E-02 0.7465E-01 0.2670E-01 0.2538E-01 0.5147E-01 0.6226E-02 0.6912E-02 0.6423E-01 0.0000E+00
0.0000E+00 0.3276E-01 0.3869E-01 0.1531E+00 0.7827E-02 0.6171E-02 0.8867E-01 0.2805E-01 0.6288E-02 0.4326E-01 0.6230E-02 0.6449E-01 0.9986E-01 0.1372E-01 0.8199E-01 0.6349E-02 0.6527E-02 0.5836E-01 0.1251E-01 0.1420E-01 0.7065E-01 0.0000E+00
0.0000E+00 0.6738E-02 0.6183E-02 0.1738E+00 0.1368E-01 0.6265E-02 0.1006E+00 0.6248E-02 0.1873E-01 0.4914E-01 0.6400E-02 0.6901E-02 0.1129E+00 0.2053E-01 0.8725E-01 0.9916E-01 0.1116E+00 0.1752E+00 0.1940E+00 0.2139E-01 0.7700E-01 0.0000E+00
0.0000E+00 0.1325E-01 0.1232E-01 0.1866E+00 0.6871E-02 0.6271E-02 0.1056E+00 0.6244E-02 0.2476E-01 0.5532E-01 0.1276E-01 0.6410E-02 0.1185E+00 0.3328E-01 0.6271E-02 0.6243E-02 0.1262E-01 0.1960E-01 0.2206E+00 0.2481E+00 0.3308E+00 0.0000E+00
0.0000E+00 0.1939E-01 0.2145E+00 0.1976E+00 0.6395E-02 0.1250E-01 0.1106E+00 0.1238E-01 0.3074E-01 0.9227E-01 0.1893E-01 0.1391E-01 0.1639E+00 0.3928E-01 0.6230E-02 0.6200E-02 0.6749E-02 0.1290E-01 0.1927E-01 0.6884E-02 0.3432E+00 0.0000E+00
0.0000E+00 0.2593E-01 0.2191E+00 0.6254E-02 0.6252E-02 0.1856E-01 0.1343E+00 0.1517E+00 0.1567E+00 0.2550E+00 0.2801E+00 0.2138E-01 0.1914E+00 0.2095E-01 0.1231E-01 0.1334E-01 0.1951E-01 0.2627E-01 0.2558E-01 0.6659E-02 0.3557E+00 0.0000E+00
0.0000E+00 0.3174E-01 0.2238E+00 0.1282E-01 0.1245E-01 0.6318E-02 0.6248E-02 0.6190E-02 0.6232E-02 0.1239E-01 0.2989E+00 0.3270E+00 0.1963E+00 0.6248E-02 0.6227E-02 0.6248E-02 0.1252E-01 0.4540E-01 0.3753E-01 0.6219E-02 0.3597E+00 0.0000E+00
0.0000E+00 0.3754E-01 0.2665E+00 0.2840E+00 0.1859E-01 0.1253E-01 0.1247E-01 0.1239E-01 0.6261E-02 0.6795E-02 0.1335E-01 0.5618E+00 0.2162E+00 0.1374E-01 0.1246E-01 0.6283E-02 0.1245E-01 0.1067E+00 0.4326E-01 0.6223E-02 0.3641E+00 0.0000E+00
0.0000E+00 0.6270E-02 0.6252E-02 0.2897E+00 0.3127E+00 0.3306E+00 0.1876E-01 0.1927E-01 0.1280E-01 0.6270E-02 0.6327E-02 0.5865E+00 0.1290E-01 0.6786E-02 0.1857E-01 0.6249E-02 0.6278E-02 0.1123E+00 0.6227E-02 0.1236E-01 0.3682E+00 0.0000E+00
0.0000E+00 0.1298E-01 0.1280E-01 0.6941E-02 0.6506E-02 0.3353E+00 0.4160E+00 0.5715E-01 0.3148E-01 0.1300E-01 0.6246E-02 0.5969E+00 0.6263E-02 0.6226E-02 0.2451E-01 0.1236E-01 0.2470E-01 0.1176E+00 0.1237E-01 0.1842E-01 0.3724E+00 0.0000E+00
0.0000E+00 0.1971E-01 0.1887E-01 0.3182E-01 0.1268E-01 0.6214E-02 0.4205E+00 0.6313E-02 0.6278E-02 0.6274E-02 0.6378E-02 0.6011E+00 0.1254E-01 0.1241E-01 0.3043E-01 0.6304E-02 0.3688E-01 0.1595E+00 0.1845E-01 0.2445E-01 0.3766E+00 0.0000E+00
0.0000E+00 0.2562E-01 0.6435E-02 0.4510E-01 0.1903E-01 0.1234E-01 0.4371E+00 0.1264E-01 0.1250E-01 0.1242E-01 0.1258E-01 0.6052E+00 0.1897E-01 0.1885E-01 0.3640E-01 0.6255E-02 0.6239E-02 0.1646E+00 0.2447E-01 0.3047E-01 0.3806E+00 0.0000E+00
0.0000E+00 0.3148E-01 0.6386E-02 0.5183E-01 0.2600E-01 0.6246E-02 0.4415E+00 0.3660E-01 0.1845E-01 0.1854E-01 0.3744E-01 0.6093E+00 0.2530E-01 0.6674E-01 0.4230E-01 0.1245E-01 0.1242E-01 0.1697E+00 0.3047E-01 0.3638E-01 0.3848E+00 0.0000E+00
0.0000E+00 0.3734E-01 0.4991E-01 0.1073E+00 0.1391E+00 0.1242E-01 0.4581E+00 0.4228E-01 0.6241E-02 0.6407E-02 0.4982E-01 0.6133E+00 0.3137E-01 0.7837E-01 0.6246E-02 0.1869E-01 0.1894E-01 0.1749E+00 0.2107E+00 0.4247E-01 0.3890E+00 0.0000E+00
0.0000E+00 0.6478E-02 0.6234E-02 0.6355E-02 0.1456E+00 0.6427E-02 0.4690E+00 0.4800E-01 0.1248E-01 0.6233E-02 0.5582E-01 0.6733E+00 0.1211E+00 0.8438E-01 0.6258E-02 0.3115E-01 0.2504E-01 0.6231E-02 0.2161E+00 0.2631E+00 0.3930E+00 0.0000E+00
0.0000E+00 0.1263E-01 0.1255E-01 0.2486E-01 0.1511E+00 0.6373E-02 0.4733E+00 0.5402E-01 0.1859E-01 0.1235E-01 0.6278E-02 0.6835E+00 0.1264E+00 0.6351E-02 0.6268E-02 0.3723E-01 0.4395E-01 0.1248E-01 0.6353E-02 0.2743E+00 0.6716E+00 0.0000E+00
0.0000E+00 0.1871E-01 0.6236E-02 0.3078E-01 0.1565E+00 0.1278E-01 0.4773E+00 0.5356E+00 0.4366E-01 0.1844E-01 0.6416E-02 0.6940E+00 0.1318E+00 0.1254E-01 0.1252E-01 0.4338E-01 0.5010E-01 0.6330E-02 0.6308E-02 0.6244E-02 0.6821E+00 0.0000E+00
0.0000E+00 0.2473E-01 0.1241E-01 0.3675E-01 0.1618E+00 0.1863E-01 0.6320E-02 0.5395E+00 0.5634E-01 0.6244E-02 0.6255E-02 0.6978E+00 0.1370E+00 0.1546E+00 0.1724E+00 0.4934E-01 0.5579E-01 0.2562E-01 0.1250E-01 0.6321E-02 0.6861E+00 0.0000E+00
0.0000E+00 0.3068E-01 0.1853E-01 0.4257E-01 0.1669E+00 0.2455E-01 0.1257E-01 0.5435E+00 0.6184E-01 0.6246E-02 0.1240E-01 0.7017E+00 0.6239E-02 0.6246E-02 0.1777E+00 0.5517E-01 0.6139E-01 0.3237E-01 0.6473E-02 0.1252E-01 0.6909E+00 0.0000E+00
0.0000E+00 0.3680E-01 0.6112E-01 0.4825E-01 0.2201E+00 0.2509E+00 0.1885E-01 0.6156E+00 0.6734E-01 0.1242E-01 0.1843E-01 0.7056E+00 0.1244E-01 0.1241E-01 0.1831E+00 0.6061E-01 0.6728E-01 0.1051E+00 0.1300E-01 0.1861E-01 0.6949E+00 0.0000E+00
0.0000E+00 0.6642E-02 0.6688E-01 0.6383E-02 0.6403E-02 0.2570E+00 0.2821E+00 0.6207E+00 0.6274E-02 0.1864E-01 0.2458E-01 0.7096E+00 0.7258E+00 0.1857E-01 0.1879E+00 0.6602E-01 0.6305E-02 0.1173E+00 0.1909E-01 0.2478E-01 0.6987E+00 0.0000E+00
0.0000E+00 0.1280E-01 0.7318E-01 0.1258E-01 0.1286E-01 0.6270E-02 0.2866E+00 0.6247E+00 0.1334E-01 0.2509E-01 0.3057E-01 0.6269E-02 0.7291E+00 0.7509E+00 0.1926E+00 0.2633E+00 0.6323E-02 0.1230E+00 0.2559E-01 0.3076E-01 0.7031E+00 0.0000E+00
0.0000E+00 0.1890E-01 0.9899E-01 0.1944E-01 0.3253E-01 0.1327E-01 0.2914E+00 0.6289E+00 0.1955E-01 0.3207E-01 0.3653E-01 0.1334E-01 0.6777E-02 0.7545E+00 0.6260E-02 0.2682E+00 0.1304E-01 0.1295E+00 0.3227E-01 0.3740E-01 0.7087E+00 0.0000E+00
0.0000E+00 0.6696E-02 0.1115E+00 0.1368E+00 0.3839E-01 0.6254E-02 0.2963E+00 0.6341E+00 0.2549E-01 0.3878E-01 0.4241E-01 0.1963E-01 0.1304E-01 0.7586E+00 0.1246E-01 0.2737E+00 0.1965E-01 0.1349E+00 0.3810E-01 0.4375E-01 0.7569E+00 0.0000E+00
0.0000E+00 0.6263E-02 0.6347E-02 0.1423E+00 0.4427E-01 0.1276E-01 0.3013E+00 0.6380E+00 0.3151E-01 0.4473E-01 0.4823E-01 0.2629E-01 0.1908E-01 0.7626E+00 0.1872E-01 0.2969E+00 0.2597E-01 0.1401E+00 0.4397E-01 0.6214E-02 0.7606E+00 0.0000E+00
0.0000E+00 0.1246E-01 0.1258E-01 0.2119E+00 0.5034E-01 0.1984E-01 0.3062E+00 0.6420E+00 0.3735E-01 0.5139E-01 0.5430E-01 0.3228E-01 0.2526E-01 0.7661E+00 0.6241E-02 0.3016E+00 0.3177E-01 0.1452E+00 0.4964E-01 0.1295E-01 0.7642E+00 0.0000E+00
0.0000E+00 0.1866E-01 0.2461E-01 0.2178E+00 0.6250E-02 0.2738E-01 0.3107E+00 0.6458E+00 0.4316E-01 0.1001E+00 0.6107E-01 0.3852E-01 0.3163E-01 0.7697E+00 0.1242E-01 0.3061E+00 0.3771E-01 0.1504E+00 0.5531E-01 0.1910E-01 0.7685E+00 0.0000E+00
0.0000E+00 0.6345E-02 0.3056E-01 0.2241E+00 0.1242E-01 0.3402E-01 0.3151E+00 0.6497E+00 0.6233E-02 0.1058E+00 0.1724E+00 0.4424E-01 0.8158E-01 0.7927E+00 0.1857E-01 0.3108E+00 0.4367E-01 0.1989E+00 0.6118E-01 0.2505E-01 0.7740E+00 0.0000E+00
0.0000E+00 0.1267E-01 0.3640E-01 0.2295E+00 0.1846E-01 0.4013E-01 0.3196E+00 0.6536E+00 0.1244E-01 0.6258E-02 0.1776E+00 0.6275E-02 0.8721E-01 0.8033E+00 0.6314E-02 0.3152E+00 0.3200E+00 0.2038E+00 0.6704E-01 0.3110E-01 0.7777E+00 0.0000E+00
0.0000E+00 0.1882E-01 0.4243E-01 0.2349E+00 0.2591E-01 0.4672E-01 0.3240E+00 0.6584E+00 0.1864E-01 0.1293E-01 0.1828E+00 0.1239E-01 0.9352E-01 0.8140E+00 0.6294E-02 0.6325E-02 0.3249E+00 0.2092E+00 0.7253E-01 0.3707E-01 0.7818E+00 0.0000E+00
0.0000E+00 0.2538E-01 0.4843E-01 0.2450E+00 0.3247E-01 0.5307E-01 0.3285E+00 0.6625E+00 0.2507E-01 0.2006E-01 0.1880E+00 0.1881E-01 0.9912E-01 0.8178E+00 0.6266E-02 0.1292E-01 0.3300E+00 0.2153E+00 0.2925E+00 0.4408E-01 0.7865E+00 0.0000E+00
0.0000E+00 0.8662E-01 0.5414E-01 0.2496E+00 0.3838E-01 0.6048E-01 0.3973E+00 0.6670E+00 0.3114E-01 0.2681E-01 0.1935E+00 0.2554E-01 0.1046E+00 0.8210E+00 0.1357E-01 0.2064E-01 0.3345E+00 0.7043E-02 0.3007E+00 0.8454E+00 0.7918E+00 0.0000E+00
0.0000E+00 0.9278E-01 0.6337E-02 0.2546E+00 0.4454E-01 0.6464E-02 0.4079E+00 0.7078E+00 0.3702E-01 0.3241E-01 0.2015E+00 0.3200E-01 0.9385E+00 0.8254E+00 0.2123E-01 0.2768E-01 0.3391E+00 0.1403E-01 0.3219E+00 0.8506E+00 0.6414E-02 0.0000E+00
0.0000E+00 0.9852E-01 0.1262E-01 0.2594E+00 0.5038E-01 0.6647E-02 0.4121E+00 0.7178E+00 0.6244E-02 0.3814E-01 0.2449E+00 0.2863E+00 0.9424E+00 0.6819E-02 0.2837E-01 0.3411E-01 0.3462E+00 0.7166E-02 0.3274E+00 0.8563E+00 0.1300E-01 0.0000E+00
0.0000E+00 0.0000E+00 0.2186E-01 0.2641E+00 0.5692E-01 0.1370E-01 0.4184E+00 0.7216E+00 0.6255E-02 0.6246E-02 0.6190E-02 0.3019E+00 0.9709E+00 0.1745E-01 0.3424E-01 0.4012E-01 0.3516E+00 0.1490E-01 0.3337E+00 0.8616E+00 0.1915E-01 0.0000E+00
0.0000E+00 0.6306E-02 0.3704E-01 0.2732E+00 0.6255E-01 0.1988E-01 0.4227E+00 0.7294E+00 0.1244E-01 0.1245E-01 0.6332E-02 0.3058E+00 0.9737E+00 0.6447E-02 0.4031E-01 0.4582E-01 0.3590E+00 0.2184E-01 0.3387E+00 0.8648E+00 0.2518E-01 0.0000E+00
0.0000E+00 0.6259E-02 0.4212E-01 0.3225E+00 0.6825E-01 0.2703E-01 0.4300E+00 0.7389E+00 0.2028E-01 0.2054E-01 0.1392E-01 0.3117E+00 0.9786E+00 0.1339E-01 0.4652E-01 0.5174E-01 0.3644E+00 0.2847E-01 0.3434E+00 0.8680E+00 0.3139E-01 0.0000E+00
0.0000E+00 0.1234E-01 0.6257E-02 0.3270E+00 0.7392E-01 0.3695E-01 0.4342E+00 0.7461E+00 0.3071E-01 0.2655E-01 0.2038E-01 0.3181E+00 0.1005E+01 0.1961E-01 0.5255E-01 0.5743E-01 0.3688E+00 0.3462E-01 0.3498E+00 0.8714E+00 0.3779E-01 0.0000E+00
0.0000E+00 0.1848E-01 0.1329E-01 0.3316E+00 0.8263E-01 0.4501E-01 0.4384E+00 0.7496E+00 0.3891E-01 0.3525E-01 0.2642E-01 0.3224E+00 0.1012E+01 0.6308E-02 0.5880E-01 0.6356E-01 0.3745E+00 0.4112E-01 0.3553E+00 0.9183E+00 0.4365E-01 0.0000E+00
0.0000E+00 0.2455E-01 0.2194E-01 0.3384E+00 0.9172E-01 0.5243E-01 0.4426E+00 0.7546E+00 0.4606E-01 0.4200E-01 0.3741E-01 0.3271E+00 0.1018E+01 0.1250E-01 0.6520E-01 0.7073E-01 0.3823E+00 0.4700E-01 0.3600E+00 0.9292E+00 0.6365E-02 0.0000E+00
0.0000E+00 0.3130E-01 0.3026E-01 0.3429E+00 0.9642E-01 0.6264E-01 0.4489E+00 0.7584E+00 0.5126E-01 0.5191E-01 0.4692E-01 0.3320E+00 0.1022E+01 0.1867E-01 0.7223E-01 0.7653E-01 0.3898E+00 0.5428E-01 0.3645E+00 0.9400E+00 0.6621E-02 0.0000E+00
0.0000E+00 0.4001E-01 0.3578E-01 0.3473E+00 0.1058E+00 0.7207E-01 0.4585E+00 0.7639E+00 0.5686E-01 0.6250E-01 0.5749E-01 0.3367E+00 0.1025E+01 0.2565E-01 0.7790E-01 0.8336E-01 0.3981E+00 0.5997E-01 0.3704E+00 0.9442E+00 0.6367E-02 0.0000E+00
0.0000E+00 0.8881E-01 0.4248E-01 0.3544E+00 0.1121E+00 0.7794E-01 0.4686E+00 0.7709E+00 0.6468E-01 0.6924E-01 0.6388E-01 0.3425E+00 0.1028E+01 0.3202E-01 0.8347E-01 0.8886E-01 0.4031E+00 0.6591E-01 0.3762E+00 0.9480E+00 0.1257E-01 0.0000E+00
0.0000E+00 0.9436E-01 0.6261E-02 0.3591E+00 0.1172E+00 0.8266E-01 0.4785E+00 0.7744E+00 0.7052E-01 0.7864E-01 0.6833E-01 0.3469E+00 0.1032E+01 0.3792E-01 0.8902E-01 0.9438E-01 0.4080E+00 0.7159E-01 0.3805E+00 0.9514E+00 0.1869E-01 0.0000E+00
0.0000E+00 0.1130E+00 0.1288E-01 0.3642E+00 0.1278E+00 0.5727E+00 0.4852E+00 0.7780E+00 0.7609E-01 0.1576E+00 0.7397E-01 0.3511E+00 0.1035E+01 0.4383E-01 0.9462E-01 0.1007E+00 0.4134E+00 0.7719E-01 0.3848E+00 0.9555E+00 0.2478E-01 0.0000E+00
0.0000E+00 0.1187E+00 0.6272E-02 0.3689E+00 0.1330E+00 0.5772E+00 0.6262E-02 0.7816E+00 0.8161E-01 0.1625E+00 0.6215E-02 0.3556E+00 0.1039E+01 0.5011E-01 0.1001E+00 0.1061E+00 0.4180E+00 0.8277E-01 0.3891E+00 0.9595E+00 0.3082E-01 0.0000E+00
0.0000E+00 0.1244E+00 0.1359E-01 0.3745E+00 0.1418E+00 0.5821E+00 0.1243E-01 0.7859E+00 0.8746E-01 0.1675E+00 0.1249E-01 0.3600E+00 0.1401E+01 0.5647E-01 0.1058E+00 0.1118E+00 0.4234E+00 0.8848E-01 0.3934E+00 0.9636E+00 0.3685E-01 0.0000E+00
0.0000E+00 0.1298E+00 0.1973E-01 0.3803E+00 0.1504E+00 0.5863E+00 0.1855E-01 0.7900E+00 0.9291E-01 0.1727E+00 0.1865E-01 0.6266E-02 0.1406E+01 0.6348E-01 0.1123E+00 0.1172E+00 0.4279E+00 0.9467E-01 0.3980E+00 0.9679E+00 0.4361E-01 0.0000E+00
0.0000E+00 0.1369E+00 0.2675E-01 0.3884E+00 0.1583E+00 0.5910E+00 0.2467E-01 0.7944E+00 0.9860E-01 0.1781E+00 0.2472E-01 0.1301E-01 0.1411E+01 0.6947E-01 0.1178E+00 0.1226E+00 0.4325E+00 0.1002E+00 0.4028E+00 0.9719E+00 0.4975E-01 0.0000E+00
0.0000E+00 0.1430E+00 0.3339E-01 0.3945E+00 0.1672E+00 0.5964E+00 0.3339E-01 0.7992E+00 0.1070E+00 0.1833E+00 0.3081E-01 0.1915E-01 0.1415E+01 0.7529E-01 0.1232E+00 0.1281E+00 0.4375E+00 0.1066E+00 0.4073E+00 0.9765E+00 0.5602E-01 0.0000E+00
0.0000E+00 0.1510E+00 0.3925E-01 0.3985E+00 0.1711E+00 0.6022E+00 0.4146E-01 0.8051E+00 0.1146E+00 0.1887E+00 0.3723E-01 0.2525E-01 0.1418E+01 0.8094E-01 0.1286E+00 0.1334E+00 0.5763E+00 0.1133E+00 0.4127E+00 0.9806E+00 0.6263E-01 0.0000E+00
0.0000E+00 0.1561E+00 0.4888E-01 0.4026E+00 0.1755E+00 0.6061E+00 0.4910E-01 0.8104E+00 0.1242E+00 0.1941E+00 0.4461E-01 0.3169E-01 0.1422E+01 0.8655E-01 0.1348E+00 0.6280E-02 0.5811E+00 0.7007E+00 0.4172E+00 0.9847E+00 0.6866E-01 0.0000E+00
0.0000E+00 0.1616E+00 0.5400E-01 0.4073E+00 0.1803E+00 0.6123E+00 0.5639E-01 0.8163E+00 0.1339E+00 0.1999E+00 0.5083E-01 0.3822E-01 0.1425E+01 0.9269E-01 0.1405E+00 0.1264E-01 0.6371E-02 0.7116E+00 0.4217E+00 0.9885E+00 0.7428E-01 0.0000E+00
0.0000E+00 0.1670E+00 0.5969E-01 0.4115E+00 0.1857E+00 0.6196E+00 0.6191E-01 0.8204E+00 0.1382E+00 0.2054E+00 0.5666E-01 0.4443E-01 0.1429E+01 0.9825E-01 0.1458E+00 0.1899E-01 0.6353E-02 0.7158E+00 0.1141E+01 0.9925E+00 0.7983E-01 0.0000E+00
0.0000E+00 0.1725E+00 0.6535E-01 0.4156E+00 0.1911E+00 0.6239E+00 0.6746E-01 0.8242E+00 0.1429E+00 0.2109E+00 0.6281E-01 0.5030E-01 0.1432E+01 0.1038E+00 0.1511E+00 0.2505E-01 0.1262E-01 0.6318E-02 0.1146E+01 0.9965E+00 0.8581E-01 0.0000E+00
0.0000E+00 0.1777E+00 0.7044E-01 0.4902E+00 0.1958E+00 0.8251E+00 0.7305E-01 0.8283E+00 0.1479E+00 0.2171E+00 0.6861E-01 0.5613E-01 0.1436E+01 0.1093E+00 0.1563E+00 0.3113E-01 0.1876E-01 0.1254E-01 0.1150E+01 0.1091E+01 0.9120E-01 0.0000E+00
0.0000E+00 0.1888E+00 0.6259E-02 0.4943E+00 0.6238E-02 0.8362E+00 0.7856E-01 0.9107E+00 0.1063E+01 0.2218E+00 0.7439E-01 0.6180E-01 0.1439E+01 0.2762E+00 0.1619E+00 0.3704E-01 0.6164E-01 0.1859E-01 0.1154E+01 0.1101E+01 0.6223E-02 0.0000E+00
0.0000E+00 0.0000E+00 0.0000E+00 0.0000E+00 0.0000E+00 0.0000E+00 0.0000E+00 0.0000E+00 0.0000E+00 0.0000E+00 0.0000E+00 0.0000E+00 0.0000E+00 0.0000E+00 0.0000E+00 0.0000E+00 0.0000E+00 0.0000E+00 0.0000E+00 0.0000E+00 0.0000E+00 0.0000E+00
