p2_rainA_medsm_dschg.asc
ncols     22
nrows     62
xllcorner      0.00000000
yllcorner      0.00000000
cellsize      0.50000000
nodata_value -9999
0.0000E+00 0.0000E+00 0.0000E+00 0.0000E+00 0.0000E+00 0.0000E+00 0.0000E+00 0.0000E+00 0.0000E+00 0.0000E+00 0.0000E+00 0.0000E+00 0.0000E+00 0.0000E+00 0.0000E+00 0.0000E+00 0.0000E+00 0.0000E+00 0.0000E+00 0.0000E+00 0.0000E+00 0.0000E+00
0.0000E+00 0.6445E-02 0.6692E-02 0.6464E-02 0.6244E-02 0.1239E-01 0.2041E-01 0.1299E-01 0.6203E-02 0.6268E-02 0.6203E-02 0.6219E-02 0.6369E-02 0.6209E-02 0.1232E-01 0.6261E-02 0.6464E-02 0.6293E-02 0.6186E-02 0.6277E-02 0.6310E-02 0.0000E+00
0.0000E+00 0.1262E-01 0.1325E-01 0.1256E-01 0.6622E-02 0.2120E-01 0.3237E-01 0.6246E-02 0.6242E-02 0.1868E-01 0.1247E-01 0.1231E-01 0.1271E-01 0.6157E-02 0.1977E-01 0.1365E-01 0.1269E-01 0.1241E-01 0.1230E-01 0.1372E-01 0.1319E-01 0.0000E+00
0.0000E+00 0.1910E-01 0.2051E-01 0.1977E-01 0.1269E-01 0.2836E-01 0.3892E-01 0.6614E-02 0.6380E-02 0.3100E-01 0.1857E-01 0.3743E-01 0.2231E-01 0.1384E-01 0.4029E-01 0.2058E-01 0.1867E-01 0.1867E-01 0.1844E-01 0.3873E-01 0.5772E-01 0.0000E+00
0.0000E+00 0.2508E-01 0.2985E-01 0.1088E+00 0.5453E-01 0.3681E-01 0.4604E-01 0.2115E-01 0.6232E-02 0.3711E-01 0.6868E-02 0.5134E-01 0.3033E-01 0.6195E-02 0.7425E-01 0.2664E-01 0.2525E-01 0.5124E-01 0.6151E-02 0.6886E-02 0.6371E-01 0.0000E+00
0.0000E+00 0.3252E-01 0.3843E-01 0.1517E+00 0.7723E-02 0.6090E-02 0.8792E-01 0.2791E-01 0.6266E-02 0.4301E-01 0.6226E-02 0.6398E-01 0.9919E-01 0.1367E-01 0.8155E-01 0.6252E-02 0.6480E-02 0.5811E-01 0.1240E-01 0.1410E-01 0.7008E-01 0.0000E+00
0.0000E+00 0.6643E-02 0.6168E-02 0.1723E+00 0.1357E-01 0.6136E-02 0.9972E-01 0.6197E-02 0.1858E-01 0.4883E-01 0.6367E-02 0.6885E-02 0.1121E+00 0.2044E-01 0.8674E-01 0.9847E-01 0.1108E+00 0.1741E+00 0.1927E+00 0.2128E-01 0.7639E-01 0.0000E+00
0.0000E+00 0.1312E-01 0.1224E-01 0.1850E+00 0.6829E-02 0.6260E-02 0.1046E+00 0.6201E-02 0.2457E-01 0.5499E-01 0.1264E-01 0.6364E-02 0.1177E+00 0.3306E-01 0.6225E-02 0.5799E-02 0.1212E-01 0.1909E-01 0.2186E+00 0.2460E+00 0.3280E+00 0.0000E+00
0.0000E+00 0.1921E-01 0.2125E+00 0.1957E+00 0.6260E-02 0.1246E-01 0.1096E+00 0.1227E-01 0.3051E-01 0.9170E-01 0.1874E-01 0.1382E-01 0.1627E+00 0.3901E-01 0.6190E-02 0.6198E-02 0.6719E-02 0.1284E-01 0.1915E-01 0.6864E-02 0.3404E+00 0.0000E+00
0.0000E+00 0.2571E-01 0.2171E+00 0.6233E-02 0.6219E-02 0.1850E-01 0.1332E+00 0.1504E+00 0.1553E+00 0.2530E+00 0.2778E+00 0.2128E-01 0.1901E+00 0.2080E-01 0.1220E-01 0.1330E-01 0.1946E-01 0.2620E-01 0.2540E-01 0.6604E-02 0.3527E+00 0.0000E+00
0.0000E+00 0.3151E-01 0.2218E+00 0.1274E-01 0.1226E-01 0.6235E-02 0.6235E-02 0.6137E-02 0.6211E-02 0.1215E-01 0.2963E+00 0.3243E+00 0.1949E+00 0.6154E-02 0.6058E-02 0.6127E-02 0.1236E-01 0.4512E-01 0.3689E-01 0.5915E-02 0.3567E+00 0.0000E+00
0.0000E+00 0.3723E-01 0.2641E+00 0.2816E+00 0.1832E-01 0.1232E-01 0.1228E-01 0.1231E-01 0.6242E-02 0.6765E-02 0.1328E-01 0.5573E+00 0.2146E+00 0.1363E-01 0.1228E-01 0.6214E-02 0.1237E-01 0.1055E+00 0.4253E-01 0.6077E-02 0.3609E+00 0.0000E+00
0.0000E+00 0.6204E-02 0.6201E-02 0.2871E+00 0.3098E+00 0.3274E+00 0.1856E-01 0.1915E-01 0.1274E-01 0.6247E-02 0.6297E-02 0.5819E+00 0.1287E-01 0.6776E-02 0.1838E-01 0.6220E-02 0.6178E-02 0.1112E+00 0.6204E-02 0.1218E-01 0.3650E+00 0.0000E+00
0.0000E+00 0.1284E-01 0.1267E-01 0.6912E-02 0.6487E-02 0.3320E+00 0.4120E+00 0.5668E-01 0.3114E-01 0.1293E-01 0.6226E-02 0.5921E+00 0.6221E-02 0.5635E-02 0.2421E-01 0.1232E-01 0.2454E-01 0.1163E+00 0.1224E-01 0.1819E-01 0.3691E+00 0.0000E+00
0.0000E+00 0.1954E-01 0.1874E-01 0.3161E-01 0.1259E-01 0.6193E-02 0.4163E+00 0.6265E-02 0.6260E-02 0.6183E-02 0.6367E-02 0.5963E+00 0.1247E-01 0.1183E-01 0.3006E-01 0.6273E-02 0.3668E-01 0.1580E+00 0.1832E-01 0.2417E-01 0.3733E+00 0.0000E+00
0.0000E+00 0.2545E-01 0.6416E-02 0.4483E-01 0.1893E-01 0.1230E-01 0.4326E+00 0.1257E-01 0.1239E-01 0.1231E-01 0.1244E-01 0.6004E+00 0.1885E-01 0.1811E-01 0.3589E-01 0.6203E-02 0.6209E-02 0.1631E+00 0.2433E-01 0.3019E-01 0.3772E+00 0.0000E+00
0.0000E+00 0.3131E-01 0.6267E-02 0.5152E-01 0.2589E-01 0.6235E-02 0.4368E+00 0.3625E-01 0.1829E-01 0.1842E-01 0.3700E-01 0.6044E+00 0.2516E-01 0.6546E-01 0.4178E-01 0.1236E-01 0.1237E-01 0.1680E+00 0.3026E-01 0.3608E-01 0.3812E+00 0.0000E+00
0.0000E+00 0.3715E-01 0.4957E-01 0.1066E+00 0.1383E+00 0.1238E-01 0.4535E+00 0.4185E-01 0.6196E-02 0.6378E-02 0.4916E-01 0.6084E+00 0.3119E-01 0.7700E-01 0.6204E-02 0.1857E-01 0.1887E-01 0.1732E+00 0.2087E+00 0.4210E-01 0.3854E+00 0.0000E+00
0.0000E+00 0.6394E-02 0.6126E-02 0.6325E-02 0.1447E+00 0.6378E-02 0.4642E+00 0.4756E-01 0.1242E-01 0.6191E-02 0.5514E-01 0.6677E+00 0.1195E+00 0.8298E-01 0.6186E-02 0.3088E-01 0.2494E-01 0.6218E-02 0.2140E+00 0.2607E+00 0.3894E+00 0.0000E+00
0.0000E+00 0.1254E-01 0.1240E-01 0.2463E-01 0.1501E+00 0.6362E-02 0.4686E+00 0.5354E-01 0.1851E-01 0.1226E-01 0.6236E-02 0.6778E+00 0.1247E+00 0.6299E-02 0.6205E-02 0.3689E-01 0.4373E-01 0.1244E-01 0.6335E-02 0.2718E+00 0.6654E+00 0.0000E+00
0.0000E+00 0.1861E-01 0.6106E-02 0.3051E-01 0.1554E+00 0.1274E-01 0.4724E+00 0.5301E+00 0.4336E-01 0.1828E-01 0.6345E-02 0.6880E+00 0.1300E+00 0.1246E-01 0.1245E-01 0.4299E-01 0.4985E-01 0.6252E-02 0.6304E-02 0.6235E-02 0.6759E+00 0.0000E+00
0.0000E+00 0.2453E-01 0.1227E-01 0.3644E-01 0.1607E+00 0.1854E-01 0.6281E-02 0.5340E+00 0.5589E-01 0.6226E-02 0.6141E-02 0.6918E+00 0.1351E+00 0.1525E+00 0.1701E+00 0.4891E-01 0.5543E-01 0.2541E-01 0.1244E-01 0.6277E-02 0.6794E+00 0.0000E+00
0.0000E+00 0.3047E-01 0.1835E-01 0.4221E-01 0.1658E+00 0.2442E-01 0.1249E-01 0.5379E+00 0.6109E-01 0.6177E-02 0.1225E-01 0.6956E+00 0.6215E-02 0.6239E-02 0.1754E+00 0.5469E-01 0.6090E-01 0.3214E-01 0.6383E-02 0.1241E-01 0.6841E+00 0.0000E+00
0.0000E+00 0.3657E-01 0.6065E-01 0.4780E-01 0.2186E+00 0.2490E+00 0.1872E-01 0.6090E+00 0.6645E-01 0.1234E-01 0.1821E-01 0.6994E+00 0.1238E-01 0.1237E-01 0.1806E+00 0.6007E-01 0.6672E-01 0.1043E+00 0.1284E-01 0.1845E-01 0.6881E+00 0.0000E+00
0.0000E+00 0.6565E-02 0.6624E-01 0.6345E-02 0.6390E-02 0.2548E+00 0.2798E+00 0.6141E+00 0.6270E-02 0.1853E-01 0.2435E-01 0.7034E+00 0.7195E+00 0.1844E-01 0.1854E+00 0.6544E-01 0.6283E-02 0.1164E+00 0.1893E-01 0.2457E-01 0.6917E+00 0.0000E+00
0.0000E+00 0.1271E-01 0.7250E-01 0.1241E-01 0.1283E-01 0.6213E-02 0.2841E+00 0.6182E+00 0.1330E-01 0.2497E-01 0.3031E-01 0.6241E-02 0.7227E+00 0.7442E+00 0.1900E+00 0.2601E+00 0.6316E-02 0.1220E+00 0.2527E-01 0.3050E-01 0.6960E+00 0.0000E+00
0.0000E+00 0.1877E-01 0.9811E-01 0.1920E-01 0.3238E-01 0.1319E-01 0.2888E+00 0.6220E+00 0.1945E-01 0.3191E-01 0.3615E-01 0.1327E-01 0.6749E-02 0.7478E+00 0.6241E-02 0.2650E+00 0.1298E-01 0.1285E+00 0.3194E-01 0.3711E-01 0.7015E+00 0.0000E+00
0.0000E+00 0.6633E-02 0.1104E+00 0.1354E+00 0.3823E-01 0.6098E-02 0.2937E+00 0.6272E+00 0.2534E-01 0.3860E-01 0.4198E-01 0.1945E-01 0.1293E-01 0.7518E+00 0.1226E-01 0.2705E+00 0.1954E-01 0.1337E+00 0.3771E-01 0.4346E-01 0.7494E+00 0.0000E+00
0.0000E+00 0.6160E-02 0.6306E-02 0.1407E+00 0.4388E-01 0.1258E-01 0.2985E+00 0.6311E+00 0.3133E-01 0.4450E-01 0.4775E-01 0.2604E-01 0.1892E-01 0.7557E+00 0.1851E-01 0.2935E+00 0.2582E-01 0.1388E+00 0.4355E-01 0.6057E-02 0.7529E+00 0.0000E+00
0.0000E+00 0.1228E-01 0.1253E-01 0.2097E+00 0.4985E-01 0.1961E-01 0.3034E+00 0.6350E+00 0.3696E-01 0.5112E-01 0.5379E-01 0.3199E-01 0.2506E-01 0.7591E+00 0.6078E-02 0.2981E+00 0.3161E-01 0.1438E+00 0.4907E-01 0.1278E-01 0.7565E+00 0.0000E+00
0.0000E+00 0.1848E-01 0.2437E-01 0.2155E+00 0.5963E-02 0.2711E-01 0.3078E+00 0.6388E+00 0.4274E-01 0.9934E-01 0.6053E-01 0.3813E-01 0.3133E-01 0.7626E+00 0.1223E-01 0.3026E+00 0.3749E-01 0.1490E+00 0.5474E-01 0.1878E-01 0.7608E+00 0.0000E+00
0.0000E+00 0.6336E-02 0.3030E-01 0.2217E+00 0.1207E-01 0.3375E-01 0.3122E+00 0.6427E+00 0.6112E-02 0.1050E+00 0.1710E+00 0.4380E-01 0.8074E-01 0.7853E+00 0.1834E-01 0.3072E+00 0.4343E-01 0.1971E+00 0.6058E-01 0.2455E-01 0.7662E+00 0.0000E+00
0.0000E+00 0.1261E-01 0.3602E-01 0.2272E+00 0.1793E-01 0.3979E-01 0.3165E+00 0.6464E+00 0.1225E-01 0.6228E-02 0.1762E+00 0.6240E-02 0.8635E-01 0.7956E+00 0.6293E-02 0.3116E+00 0.3163E+00 0.2020E+00 0.6643E-01 0.3059E-01 0.7698E+00 0.0000E+00
0.0000E+00 0.1875E-01 0.4185E-01 0.2325E+00 0.2535E-01 0.4631E-01 0.3209E+00 0.6511E+00 0.1839E-01 0.1286E-01 0.1814E+00 0.1231E-01 0.9262E-01 0.8062E+00 0.6223E-02 0.6270E-02 0.3212E+00 0.2073E+00 0.7189E-01 0.3649E-01 0.7739E+00 0.0000E+00
0.0000E+00 0.2522E-01 0.4781E-01 0.2426E+00 0.3190E-01 0.5265E-01 0.3254E+00 0.6552E+00 0.2477E-01 0.1992E-01 0.1866E+00 0.1872E-01 0.9821E-01 0.8098E+00 0.6173E-02 0.1283E-01 0.3263E+00 0.2134E+00 0.2899E+00 0.4348E-01 0.7786E+00 0.0000E+00
0.0000E+00 0.8576E-01 0.5350E-01 0.2472E+00 0.3775E-01 0.6005E-01 0.3937E+00 0.6596E+00 0.3082E-01 0.2650E-01 0.1919E+00 0.2542E-01 0.1036E+00 0.8130E+00 0.1344E-01 0.2043E-01 0.3307E+00 0.7011E-02 0.2981E+00 0.8367E+00 0.7838E+00 0.0000E+00
0.0000E+00 0.9191E-01 0.6185E-02 0.2521E+00 0.4375E-01 0.6352E-02 0.4041E+00 0.7000E+00 0.3664E-01 0.3196E-01 0.1999E+00 0.3185E-01 0.9294E+00 0.8173E+00 0.2106E-01 0.2746E-01 0.3353E+00 0.1395E-01 0.3192E+00 0.8418E+00 0.6364E-02 0.0000E+00
0.0000E+00 0.9763E-01 0.1226E-01 0.2569E+00 0.4953E-01 0.6513E-02 0.4081E+00 0.7097E+00 0.5910E-02 0.3769E-01 0.2429E+00 0.2840E+00 0.9329E+00 0.6765E-02 0.2820E-01 0.3386E-01 0.3424E+00 0.7101E-02 0.3247E+00 0.8474E+00 0.1282E-01 0.0000E+00
0.0000E+00 0.0000E+00 0.2149E-01 0.2613E+00 0.5596E-01 0.1353E-01 0.4144E+00 0.7134E+00 0.6208E-02 0.6223E-02 0.6138E-02 0.2995E+00 0.9614E+00 0.1737E-01 0.3402E-01 0.3983E-01 0.3478E+00 0.1482E-01 0.3308E+00 0.8525E+00 0.1892E-01 0.0000E+00
0.0000E+00 0.6283E-02 0.3660E-01 0.2703E+00 0.6157E-01 0.1967E-01 0.4187E+00 0.7212E+00 0.1234E-01 0.1236E-01 0.6274E-02 0.3034E+00 0.9640E+00 0.6412E-02 0.4000E-01 0.4521E-01 0.3552E+00 0.2172E-01 0.3357E+00 0.8557E+00 0.2479E-01 0.0000E+00
0.0000E+00 0.6214E-02 0.4163E-01 0.3192E+00 0.6726E-01 0.2680E-01 0.4259E+00 0.7306E+00 0.2015E-01 0.2033E-01 0.1381E-01 0.3092E+00 0.9688E+00 0.1333E-01 0.4614E-01 0.5102E-01 0.3604E+00 0.2833E-01 0.3404E+00 0.8588E+00 0.3091E-01 0.0000E+00
0.0000E+00 0.1207E-01 0.6240E-02 0.3236E+00 0.7292E-01 0.3669E-01 0.4301E+00 0.7376E+00 0.3057E-01 0.2632E-01 0.2024E-01 0.3155E+00 0.9954E+00 0.1954E-01 0.5210E-01 0.5671E-01 0.3649E+00 0.3429E-01 0.3467E+00 0.8622E+00 0.3725E-01 0.0000E+00
0.0000E+00 0.1818E-01 0.1325E-01 0.3281E+00 0.8162E-01 0.4466E-01 0.4342E+00 0.7408E+00 0.3874E-01 0.3497E-01 0.2608E-01 0.3197E+00 0.1002E+01 0.6296E-02 0.5827E-01 0.6277E-01 0.3708E+00 0.4075E-01 0.3522E+00 0.9087E+00 0.4310E-01 0.0000E+00
0.0000E+00 0.2405E-01 0.2186E-01 0.3347E+00 0.9070E-01 0.5204E-01 0.4378E+00 0.7459E+00 0.4586E-01 0.4170E-01 0.3705E-01 0.3242E+00 0.1008E+01 0.1249E-01 0.6461E-01 0.6989E-01 0.3786E+00 0.4646E-01 0.3568E+00 0.9195E+00 0.6340E-02 0.0000E+00
0.0000E+00 0.3079E-01 0.3016E-01 0.3391E+00 0.9541E-01 0.6224E-01 0.4441E+00 0.7495E+00 0.5101E-01 0.5158E-01 0.4652E-01 0.3291E+00 0.1012E+01 0.1858E-01 0.7161E-01 0.7565E-01 0.3862E+00 0.5370E-01 0.3612E+00 0.9303E+00 0.6559E-02 0.0000E+00
0.0000E+00 0.3948E-01 0.3549E-01 0.3434E+00 0.1047E+00 0.7160E-01 0.4536E+00 0.7550E+00 0.5667E-01 0.6214E-01 0.5708E-01 0.3337E+00 0.1015E+01 0.2552E-01 0.7717E-01 0.8245E-01 0.3945E+00 0.5935E-01 0.3670E+00 0.9347E+00 0.6349E-02 0.0000E+00
0.0000E+00 0.8784E-01 0.4213E-01 0.3505E+00 0.1111E+00 0.7732E-01 0.4637E+00 0.7621E+00 0.6446E-01 0.6888E-01 0.6346E-01 0.3395E+00 0.1018E+01 0.3184E-01 0.8267E-01 0.8788E-01 0.3995E+00 0.6524E-01 0.3728E+00 0.9391E+00 0.1252E-01 0.0000E+00
0.0000E+00 0.9337E-01 0.6247E-02 0.3552E+00 0.1159E+00 0.8202E-01 0.4737E+00 0.7656E+00 0.7028E-01 0.7828E-01 0.6782E-01 0.3439E+00 0.1021E+01 0.3771E-01 0.8816E-01 0.9336E-01 0.4043E+00 0.7092E-01 0.3769E+00 0.9427E+00 0.1845E-01 0.0000E+00
0.0000E+00 0.1119E+00 0.1280E-01 0.3602E+00 0.1264E+00 0.5673E+00 0.4804E+00 0.7693E+00 0.7578E-01 0.1565E+00 0.7340E-01 0.3480E+00 0.1024E+01 0.4344E-01 0.9371E-01 0.9970E-01 0.4098E+00 0.7603E-01 0.3812E+00 0.9467E+00 0.2453E-01 0.0000E+00
0.0000E+00 0.1176E+00 0.6175E-02 0.3646E+00 0.1316E+00 0.5717E+00 0.6235E-02 0.7734E+00 0.8123E-01 0.1614E+00 0.6091E-02 0.3524E+00 0.1028E+01 0.4970E-01 0.9916E-01 0.1051E+00 0.4142E+00 0.8160E-01 0.3855E+00 0.9506E+00 0.3026E-01 0.0000E+00
0.0000E+00 0.1232E+00 0.1346E-01 0.3701E+00 0.1404E+00 0.5767E+00 0.1224E-01 0.7779E+00 0.8706E-01 0.1664E+00 0.1234E-01 0.3567E+00 0.1388E+01 0.5599E-01 0.1048E+00 0.1107E+00 0.4196E+00 0.8727E-01 0.3895E+00 0.9547E+00 0.3624E-01 0.0000E+00
0.0000E+00 0.1286E+00 0.1959E-01 0.3759E+00 0.1490E+00 0.5809E+00 0.1835E-01 0.7818E+00 0.9234E-01 0.1716E+00 0.1825E-01 0.6253E-02 0.1392E+01 0.6299E-01 0.1113E+00 0.1160E+00 0.4241E+00 0.9343E-01 0.3940E+00 0.9589E+00 0.4291E-01 0.0000E+00
0.0000E+00 0.1356E+00 0.2659E-01 0.3840E+00 0.1568E+00 0.5856E+00 0.2430E-01 0.7862E+00 0.9797E-01 0.1770E+00 0.2428E-01 0.1293E-01 0.1398E+01 0.6894E-01 0.1167E+00 0.1214E+00 0.4286E+00 0.9891E-01 0.3989E+00 0.9629E+00 0.4899E-01 0.0000E+00
0.0000E+00 0.1416E+00 0.3322E-01 0.3901E+00 0.1657E+00 0.5910E+00 0.3297E-01 0.7910E+00 0.1063E+00 0.1821E+00 0.3032E-01 0.1904E-01 0.1401E+01 0.7471E-01 0.1222E+00 0.1269E+00 0.4334E+00 0.1053E+00 0.4034E+00 0.9675E+00 0.5521E-01 0.0000E+00
0.0000E+00 0.1497E+00 0.3899E-01 0.3940E+00 0.1695E+00 0.5967E+00 0.4104E-01 0.7968E+00 0.1136E+00 0.1874E+00 0.3665E-01 0.2505E-01 0.1405E+01 0.8036E-01 0.1275E+00 0.1321E+00 0.5709E+00 0.1118E+00 0.4087E+00 0.9716E+00 0.6178E-01 0.0000E+00
0.0000E+00 0.1548E+00 0.4855E-01 0.3981E+00 0.1739E+00 0.6006E+00 0.4857E-01 0.8021E+00 0.1232E+00 0.1927E+00 0.4389E-01 0.3145E-01 0.1408E+01 0.8595E-01 0.1336E+00 0.6237E-02 0.5757E+00 0.6938E+00 0.4133E+00 0.9756E+00 0.6772E-01 0.0000E+00
0.0000E+00 0.1601E+00 0.5367E-01 0.4026E+00 0.1787E+00 0.6068E+00 0.5586E-01 0.8079E+00 0.1328E+00 0.1985E+00 0.5005E-01 0.3795E-01 0.1412E+01 0.9205E-01 0.1393E+00 0.1255E-01 0.6339E-02 0.7045E+00 0.4177E+00 0.9790E+00 0.7323E-01 0.0000E+00
0.0000E+00 0.1654E+00 0.5935E-01 0.4068E+00 0.1841E+00 0.6141E+00 0.6133E-01 0.8117E+00 0.1370E+00 0.2040E+00 0.5582E-01 0.4413E-01 0.1415E+01 0.9757E-01 0.1445E+00 0.1888E-01 0.6337E-02 0.7086E+00 0.1130E+01 0.9830E+00 0.7876E-01 0.0000E+00
0.0000E+00 0.1708E+00 0.6479E-01 0.4109E+00 0.1894E+00 0.6183E+00 0.6687E-01 0.8155E+00 0.1414E+00 0.2094E+00 0.6194E-01 0.4993E-01 0.1419E+01 0.1031E+00 0.1498E+00 0.2488E-01 0.1256E-01 0.6274E-02 0.1134E+01 0.9870E+00 0.8474E-01 0.0000E+00
0.0000E+00 0.1760E+00 0.6988E-01 0.4850E+00 0.1941E+00 0.8177E+00 0.7245E-01 0.8193E+00 0.1460E+00 0.2156E+00 0.6769E-01 0.5562E-01 0.1422E+01 0.1085E+00 0.1550E+00 0.3095E-01 0.1868E-01 0.1245E-01 0.1139E+01 0.1081E+01 0.9006E-01 0.0000E+00
0.0000E+00 0.1870E+00 0.6167E-02 0.4890E+00 0.6166E-02 0.8285E+00 0.7787E-01 0.9010E+00 0.1051E+01 0.2202E+00 0.7343E-01 0.6126E-01 0.1425E+01 0.2740E+00 0.1606E+00 0.3639E-01 0.6087E-01 0.1846E-01 0.1143E+01 0.1091E+01 0.6174E-02 0.0000E+00
0.0000E+00 0.0000E+00 0.0000E+00 0.0000E+00 0.0000E+00 0.0000E+00 0.0000E+00 0.0000E+00 0.0000E+00 0.0000E+00 0.0000E+00 0.0000E+00 0.0000E+00 0.0000E+00 0.0000E+00 0.0000E+00 0.0000E+00 0.0000E+00 0.0000E+00 0.0000E+00 0.0000E+00 0.0000E+00
