p2_rainA_lowsm_dschg.asc
ncols     22
nrows     62
xllcorner      0.00000000
yllcorner      0.00000000
cellsize      0.50000000
nodata_value -9999
0.0000E+00 0.0000E+00 0.0000E+00 0.0000E+00 0.0000E+00 0.0000E+00 0.0000E+00 0.0000E+00 0.0000E+00 0.0000E+00 0.0000E+00 0.0000E+00 0.0000E+00 0.0000E+00 0.0000E+00 0.0000E+00 0.0000E+00 0.0000E+00 0.0000E+00 0.0000E+00 0.0000E+00 0.0000E+00
0.0000E+00 0.6022E-02 0.5031E-02 0.5507E-02 0.4811E-02 0.1017E-01 0.1773E-01 0.1087E-01 0.4650E-02 0.5222E-02 0.5742E-02 0.5455E-02 0.5651E-02 0.5321E-02 0.1110E-01 0.4988E-02 0.5527E-02 0.5724E-02 0.3902E-02 0.3920E-02 0.5280E-02 0.0000E+00
0.0000E+00 0.1162E-01 0.1089E-01 0.9861E-02 0.5781E-02 0.1847E-01 0.2782E-01 0.5868E-02 0.5172E-02 0.1578E-01 0.1134E-01 0.1029E-01 0.1124E-01 0.4115E-02 0.1790E-01 0.1207E-01 0.1121E-01 0.1148E-01 0.9596E-02 0.1050E-01 0.1161E-01 0.0000E+00
0.0000E+00 0.1752E-01 0.1754E-01 0.1580E-01 0.9582E-02 0.2469E-01 0.3392E-01 0.4904E-02 0.5646E-02 0.2658E-01 0.1711E-01 0.3364E-01 0.2021E-01 0.1134E-01 0.3539E-01 0.1864E-01 0.1629E-01 0.1712E-01 0.1428E-01 0.3071E-01 0.4705E-01 0.0000E+00
0.0000E+00 0.2332E-01 0.2659E-01 0.9290E-01 0.4654E-01 0.3280E-01 0.4092E-01 0.1840E-01 0.5426E-02 0.3231E-01 0.6657E-02 0.4722E-01 0.2766E-01 0.4416E-02 0.6516E-01 0.2281E-01 0.2205E-01 0.4574E-01 0.4526E-02 0.6459E-02 0.5269E-01 0.0000E+00
0.0000E+00 0.3021E-01 0.3385E-01 0.1310E+00 0.6926E-02 0.4560E-02 0.7754E-01 0.2479E-01 0.5460E-02 0.3772E-01 0.4281E-02 0.5712E-01 0.8912E-01 0.1135E-01 0.7175E-01 0.5519E-02 0.5772E-02 0.5225E-01 0.1037E-01 0.1334E-01 0.5890E-01 0.0000E+00
0.0000E+00 0.5757E-02 0.5666E-02 0.1486E+00 0.1181E-01 0.5613E-02 0.8818E-01 0.5234E-02 0.1638E-01 0.4299E-01 0.5675E-02 0.6457E-02 0.1011E+00 0.1776E-01 0.7611E-01 0.8680E-01 0.9800E-01 0.1551E+00 0.1702E+00 0.1995E-01 0.6482E-01 0.0000E+00
0.0000E+00 0.1052E-01 0.1164E-01 0.1595E+00 0.5443E-02 0.5641E-02 0.9177E-01 0.5598E-02 0.2167E-01 0.4858E-01 0.1066E-01 0.5225E-02 0.1057E+00 0.2951E-01 0.5699E-02 0.5795E-02 0.1128E-01 0.1732E-01 0.1940E+00 0.2195E+00 0.2888E+00 0.0000E+00
0.0000E+00 0.1545E-01 0.1847E+00 0.1693E+00 0.6153E-02 0.1129E-01 0.9605E-01 0.1119E-01 0.2643E-01 0.8100E-01 0.1623E-01 0.1245E-01 0.1454E+00 0.3428E-01 0.5263E-02 0.5887E-02 0.6438E-02 0.1177E-01 0.1750E-01 0.6058E-02 0.2996E+00 0.0000E+00
0.0000E+00 0.2117E-01 0.1890E+00 0.4624E-02 0.5619E-02 0.1554E-01 0.1161E+00 0.1319E+00 0.1351E+00 0.2219E+00 0.2440E+00 0.1943E-01 0.1700E+00 0.1869E-01 0.1090E-01 0.1240E-01 0.1808E-01 0.2433E-01 0.2339E-01 0.6216E-02 0.3109E+00 0.0000E+00
0.0000E+00 0.2644E-01 0.1933E+00 0.1049E-01 0.9939E-02 0.5675E-02 0.5932E-02 0.5210E-02 0.5064E-02 0.9695E-02 0.2595E+00 0.2853E+00 0.1744E+00 0.4897E-02 0.4558E-02 0.5762E-02 0.1082E-01 0.4098E-01 0.3335E-01 0.5307E-02 0.3147E+00 0.0000E+00
0.0000E+00 0.3174E-01 0.2294E+00 0.2441E+00 0.1572E-01 0.1098E-01 0.1134E-01 0.1046E-01 0.5362E-02 0.5914E-02 0.1133E-01 0.4914E+00 0.1909E+00 0.1168E-01 0.9836E-02 0.5948E-02 0.1148E-01 0.9564E-01 0.3845E-01 0.5785E-02 0.3187E+00 0.0000E+00
0.0000E+00 0.5919E-02 0.5711E-02 0.2496E+00 0.2684E+00 0.2846E+00 0.1612E-01 0.1672E-01 0.1166E-01 0.4483E-02 0.5492E-02 0.5128E+00 0.1192E-01 0.6370E-02 0.1534E-01 0.5687E-02 0.5807E-02 0.1009E+00 0.4775E-02 0.1111E-01 0.3219E+00 0.0000E+00
0.0000E+00 0.1204E-01 0.1151E-01 0.6332E-02 0.5780E-02 0.2892E+00 0.3580E+00 0.4896E-01 0.2705E-01 0.1079E-01 0.5967E-02 0.5209E+00 0.5691E-02 0.5921E-02 0.1983E-01 0.1134E-01 0.2247E-01 0.1052E+00 0.1023E-01 0.1630E-01 0.3251E+00 0.0000E+00
0.0000E+00 0.1807E-01 0.1680E-01 0.2846E-01 0.1134E-01 0.5433E-02 0.3623E+00 0.5523E-02 0.5623E-02 0.5090E-02 0.5738E-02 0.5241E+00 0.1150E-01 0.1164E-01 0.2506E-01 0.5866E-02 0.3321E-01 0.1428E+00 0.1584E-01 0.2181E-01 0.3289E+00 0.0000E+00
0.0000E+00 0.2321E-01 0.4606E-02 0.3938E-01 0.1705E-01 0.1048E-01 0.3760E+00 0.1140E-01 0.1137E-01 0.1100E-01 0.1142E-01 0.5273E+00 0.1717E-01 0.1696E-01 0.3062E-01 0.3891E-02 0.5294E-02 0.1475E+00 0.2129E-01 0.2734E-01 0.3303E+00 0.0000E+00
0.0000E+00 0.2868E-01 0.5423E-02 0.4556E-01 0.2324E-01 0.5024E-02 0.3799E+00 0.3317E-01 0.1711E-01 0.1633E-01 0.3350E-01 0.5295E+00 0.2336E-01 0.5751E-01 0.3541E-01 0.8737E-02 0.1059E-01 0.1506E+00 0.2658E-01 0.3227E-01 0.3341E+00 0.0000E+00
0.0000E+00 0.3355E-01 0.4488E-01 0.9464E-01 0.1231E+00 0.1026E-01 0.3944E+00 0.3763E-01 0.4666E-02 0.5772E-02 0.4467E-01 0.5324E+00 0.2864E-01 0.6826E-01 0.5758E-02 0.1455E-01 0.1655E-01 0.1556E+00 0.1867E+00 0.3789E-01 0.3377E+00 0.0000E+00
0.0000E+00 0.5523E-02 0.5146E-02 0.5668E-02 0.1289E+00 0.5773E-02 0.4043E+00 0.4185E-01 0.1029E-01 0.5681E-02 0.4964E-01 0.5855E+00 0.1067E+00 0.7387E-01 0.5663E-02 0.2590E-01 0.2178E-01 0.6008E-02 0.1917E+00 0.2313E+00 0.3417E+00 0.0000E+00
0.0000E+00 0.1106E-01 0.1087E-01 0.1971E-01 0.1342E+00 0.5484E-02 0.4087E+00 0.4723E-01 0.1571E-01 0.1052E-01 0.5407E-02 0.5943E+00 0.1110E+00 0.5734E-02 0.5599E-02 0.3066E-01 0.3829E-01 0.1158E-01 0.5662E-02 0.2413E+00 0.5871E+00 0.0000E+00
0.0000E+00 0.1450E-01 0.3864E-02 0.2480E-01 0.1389E+00 0.1111E-01 0.4121E+00 0.4633E+00 0.3706E-01 0.1572E-01 0.5898E-02 0.6041E+00 0.1158E+00 0.1093E-01 0.1092E-01 0.3604E-01 0.4372E-01 0.5560E-02 0.5271E-02 0.5615E-02 0.5961E+00 0.0000E+00
0.0000E+00 0.1849E-01 0.8489E-02 0.3051E-01 0.1436E+00 0.1631E-01 0.5955E-02 0.4666E+00 0.4802E-01 0.5295E-02 0.5741E-02 0.6067E+00 0.1199E+00 0.1360E+00 0.1504E+00 0.4135E-01 0.4917E-01 0.2213E-01 0.1030E-01 0.5841E-02 0.5986E+00 0.0000E+00
0.0000E+00 0.2271E-01 0.1421E-01 0.3547E-01 0.1463E+00 0.2159E-01 0.1178E-01 0.4705E+00 0.5226E-01 0.5356E-02 0.1147E-01 0.6084E+00 0.4168E-02 0.4346E-02 0.1554E+00 0.4655E-01 0.5386E-01 0.2819E-01 0.5295E-02 0.1154E-01 0.6031E+00 0.0000E+00
0.0000E+00 0.2840E-01 0.4801E-01 0.4064E-01 0.1911E+00 0.2183E+00 0.1634E-01 0.5322E+00 0.5697E-01 0.9690E-02 0.1645E-01 0.6115E+00 0.9250E-02 0.1006E-01 0.1604E+00 0.5050E-01 0.5905E-01 0.8999E-01 0.1092E-01 0.1709E-01 0.6067E+00 0.0000E+00
0.0000E+00 0.6395E-02 0.5273E-01 0.5731E-02 0.5697E-02 0.2234E+00 0.2455E+00 0.5373E+00 0.5182E-02 0.1542E-01 0.2172E-01 0.6153E+00 0.6276E+00 0.1574E-01 0.1646E+00 0.5532E-01 0.5585E-02 0.1011E+00 0.1646E-01 0.2286E-01 0.6099E+00 0.0000E+00
0.0000E+00 0.1162E-01 0.5857E-01 0.1018E-01 0.1111E-01 0.4501E-02 0.2478E+00 0.5413E+00 0.1127E-01 0.2110E-01 0.2711E-01 0.5527E-02 0.6305E+00 0.6489E+00 0.1689E+00 0.2287E+00 0.5859E-02 0.1063E+00 0.2208E-01 0.2794E-01 0.6141E+00 0.0000E+00
0.0000E+00 0.1536E-01 0.8020E-01 0.1671E-01 0.2748E-01 0.1061E-01 0.2519E+00 0.5443E+00 0.1573E-01 0.2778E-01 0.3239E-01 0.1222E-01 0.6255E-02 0.6530E+00 0.5675E-02 0.2329E+00 0.1211E-01 0.1126E+00 0.2853E-01 0.3414E-01 0.6194E+00 0.0000E+00
0.0000E+00 0.5683E-02 0.9050E-01 0.1122E+00 0.3176E-01 0.5456E-02 0.2563E+00 0.5490E+00 0.2101E-01 0.3387E-01 0.3739E-01 0.1702E-01 0.1169E-01 0.6574E+00 0.1155E-01 0.2382E+00 0.1767E-01 0.1173E+00 0.3315E-01 0.4036E-01 0.6641E+00 0.0000E+00
0.0000E+00 0.5172E-02 0.5744E-02 0.1174E+00 0.3673E-01 0.1125E-01 0.2610E+00 0.5528E+00 0.2660E-01 0.3890E-01 0.4266E-01 0.2313E-01 0.1730E-01 0.6614E+00 0.1719E-01 0.2588E+00 0.2314E-01 0.1213E+00 0.3856E-01 0.5683E-02 0.6678E+00 0.0000E+00
0.0000E+00 0.1067E-01 0.1145E-01 0.1766E+00 0.4137E-01 0.1780E-01 0.2653E+00 0.5568E+00 0.3123E-01 0.4513E-01 0.4818E-01 0.2875E-01 0.2287E-01 0.6649E+00 0.5241E-02 0.2628E+00 0.2883E-01 0.1254E+00 0.4371E-01 0.1214E-01 0.6714E+00 0.0000E+00
0.0000E+00 0.1589E-01 0.2094E-01 0.1823E+00 0.5866E-02 0.2487E-01 0.2700E+00 0.5602E+00 0.3661E-01 0.8600E-01 0.5452E-01 0.3418E-01 0.2863E-01 0.6691E+00 0.1075E-01 0.2672E+00 0.3430E-01 0.1303E+00 0.4862E-01 0.1734E-01 0.6731E+00 0.0000E+00
0.0000E+00 0.4346E-02 0.2529E-01 0.1876E+00 0.1142E-01 0.3077E-01 0.2744E+00 0.5633E+00 0.5352E-02 0.9121E-01 0.1506E+00 0.3816E-01 0.7199E-01 0.6905E+00 0.1621E-01 0.2715E+00 0.3940E-01 0.1743E+00 0.5382E-01 0.2213E-01 0.6789E+00 0.0000E+00
0.0000E+00 0.9698E-02 0.3021E-01 0.1922E+00 0.1684E-01 0.3621E-01 0.2788E+00 0.5669E+00 0.1101E-01 0.5743E-02 0.1530E+00 0.5933E-02 0.7655E-01 0.7002E+00 0.5915E-02 0.2758E+00 0.2796E+00 0.1793E+00 0.5920E-01 0.2746E-01 0.6824E+00 0.0000E+00
0.0000E+00 0.1428E-01 0.3511E-01 0.1962E+00 0.2366E-01 0.4189E-01 0.2833E+00 0.5711E+00 0.1654E-01 0.1138E-01 0.1578E+00 0.1097E-01 0.8257E-01 0.7106E+00 0.5782E-02 0.5520E-02 0.2842E+00 0.1843E+00 0.6258E-01 0.3159E-01 0.6870E+00 0.0000E+00
0.0000E+00 0.1951E-01 0.4034E-01 0.2059E+00 0.2971E-01 0.4629E-01 0.2878E+00 0.5746E+00 0.2225E-01 0.1803E-01 0.1618E+00 0.1705E-01 0.8776E-01 0.7153E+00 0.5956E-02 0.1137E-01 0.2888E+00 0.1900E+00 0.2560E+00 0.3767E-01 0.6918E+00 0.0000E+00
0.0000E+00 0.7016E-01 0.4399E-01 0.2100E+00 0.3489E-01 0.5325E-01 0.3488E+00 0.5792E+00 0.2800E-01 0.2444E-01 0.1666E+00 0.2323E-01 0.9033E-01 0.7189E+00 0.1227E-01 0.1880E-01 0.2924E+00 0.6253E-02 0.2635E+00 0.7440E+00 0.6969E+00 0.0000E+00
0.0000E+00 0.7573E-01 0.4653E-02 0.2146E+00 0.4045E-01 0.4549E-02 0.3570E+00 0.6161E+00 0.3357E-01 0.2867E-01 0.1741E+00 0.2699E-01 0.8220E+00 0.7233E+00 0.1916E-01 0.2486E-01 0.2963E+00 0.1255E-01 0.2826E+00 0.7491E+00 0.5794E-02 0.0000E+00
0.0000E+00 0.8036E-01 0.8634E-02 0.2177E+00 0.4484E-01 0.5569E-02 0.3615E+00 0.6221E+00 0.4236E-02 0.3405E-01 0.2117E+00 0.2476E+00 0.8241E+00 0.5696E-02 0.2602E-01 0.3075E-01 0.3029E+00 0.6394E-02 0.2878E+00 0.7544E+00 0.1165E-01 0.0000E+00
0.0000E+00 0.0000E+00 0.1752E-01 0.2216E+00 0.5057E-01 0.1238E-01 0.3679E+00 0.6260E+00 0.5642E-02 0.5713E-02 0.5931E-02 0.2626E+00 0.8512E+00 0.1604E-01 0.3067E-01 0.3623E-01 0.3078E+00 0.1354E-01 0.2938E+00 0.7596E+00 0.1666E-01 0.0000E+00
0.0000E+00 0.5316E-02 0.3109E-01 0.2301E+00 0.5572E-01 0.1809E-01 0.3701E+00 0.6336E+00 0.9940E-02 0.1110E-01 0.5858E-02 0.2636E+00 0.8533E+00 0.6062E-02 0.3578E-01 0.4056E-01 0.3151E+00 0.2007E-01 0.2984E+00 0.7623E+00 0.2223E-01 0.0000E+00
0.0000E+00 0.5313E-02 0.3516E-01 0.2720E+00 0.6132E-01 0.2469E-01 0.3768E+00 0.6426E+00 0.1754E-01 0.1775E-01 0.1235E-01 0.2690E+00 0.8578E+00 0.1264E-01 0.4152E-01 0.4598E-01 0.3198E+00 0.2591E-01 0.3025E+00 0.7660E+00 0.2767E-01 0.0000E+00
0.0000E+00 0.1109E-01 0.5149E-02 0.2760E+00 0.6607E-01 0.3422E-01 0.3814E+00 0.6496E+00 0.2763E-01 0.2126E-01 0.1835E-01 0.2751E+00 0.8829E+00 0.1808E-01 0.4712E-01 0.4942E-01 0.3226E+00 0.3115E-01 0.3084E+00 0.7690E+00 0.3383E-01 0.0000E+00
0.0000E+00 0.1674E-01 0.1177E-01 0.2801E+00 0.7421E-01 0.4158E-01 0.3841E+00 0.6527E+00 0.3505E-01 0.2912E-01 0.2405E-01 0.2782E+00 0.8893E+00 0.5759E-02 0.5269E-01 0.5486E-01 0.3285E+00 0.3724E-01 0.3127E+00 0.8116E+00 0.3881E-01 0.0000E+00
0.0000E+00 0.2190E-01 0.1971E-01 0.2865E+00 0.8220E-01 0.4841E-01 0.3883E+00 0.6572E+00 0.4169E-01 0.3574E-01 0.3496E-01 0.2825E+00 0.8954E+00 0.1174E-01 0.5868E-01 0.6145E-01 0.3360E+00 0.4020E-01 0.3171E+00 0.8221E+00 0.5668E-02 0.0000E+00
0.0000E+00 0.2828E-01 0.2758E-01 0.2894E+00 0.8604E-01 0.5805E-01 0.3939E+00 0.6610E+00 0.4691E-01 0.4521E-01 0.4404E-01 0.2870E+00 0.8992E+00 0.1664E-01 0.6523E-01 0.6700E-01 0.3430E+00 0.4722E-01 0.3193E+00 0.8325E+00 0.5847E-02 0.0000E+00
0.0000E+00 0.3644E-01 0.3152E-01 0.2940E+00 0.9486E-01 0.6648E-01 0.4031E+00 0.6659E+00 0.5201E-01 0.5541E-01 0.5437E-01 0.2916E+00 0.9017E+00 0.2302E-01 0.7025E-01 0.7330E-01 0.3506E+00 0.5259E-01 0.3250E+00 0.8363E+00 0.4711E-02 0.0000E+00
0.0000E+00 0.7989E-01 0.3763E-01 0.3005E+00 0.1001E+00 0.7184E-01 0.4131E+00 0.6719E+00 0.5922E-01 0.6114E-01 0.6045E-01 0.2974E+00 0.9048E+00 0.2885E-01 0.7524E-01 0.7836E-01 0.3552E+00 0.5772E-01 0.3305E+00 0.8396E+00 0.1042E-01 0.0000E+00
0.0000E+00 0.8417E-01 0.4590E-02 0.3051E+00 0.1044E+00 0.7595E-01 0.4228E+00 0.6753E+00 0.6338E-01 0.7038E-01 0.6449E-01 0.3014E+00 0.9079E+00 0.3421E-01 0.8034E-01 0.8346E-01 0.3591E+00 0.6307E-01 0.3335E+00 0.8402E+00 0.1628E-01 0.0000E+00
0.0000E+00 0.9937E-01 0.1036E-01 0.3104E+00 0.1145E+00 0.5090E+00 0.4288E+00 0.6786E+00 0.6822E-01 0.1438E+00 0.6958E-01 0.3050E+00 0.9110E+00 0.3991E-01 0.8525E-01 0.8949E-01 0.3642E+00 0.6812E-01 0.3370E+00 0.8425E+00 0.1994E-01 0.0000E+00
0.0000E+00 0.1045E+00 0.4523E-02 0.3130E+00 0.1190E+00 0.5133E+00 0.4523E-02 0.6824E+00 0.7349E-01 0.1482E+00 0.5141E-02 0.3094E+00 0.9142E+00 0.4555E-01 0.9010E-01 0.9324E-01 0.3671E+00 0.7338E-01 0.3398E+00 0.8445E+00 0.2580E-01 0.0000E+00
0.0000E+00 0.1094E+00 0.1111E-01 0.3178E+00 0.1275E+00 0.5177E+00 0.9065E-02 0.6857E+00 0.7783E-01 0.1525E+00 0.1056E-01 0.3139E+00 0.1231E+01 0.5127E-01 0.9533E-01 0.9867E-01 0.3723E+00 0.7863E-01 0.3435E+00 0.8473E+00 0.3005E-01 0.0000E+00
0.0000E+00 0.1134E+00 0.1661E-01 0.3227E+00 0.1353E+00 0.5213E+00 0.1458E-01 0.6893E+00 0.8219E-01 0.1573E+00 0.1605E-01 0.5332E-02 0.1235E+01 0.5782E-01 0.1012E+00 0.1039E+00 0.3764E+00 0.8384E-01 0.3477E+00 0.8510E+00 0.3648E-01 0.0000E+00
0.0000E+00 0.1199E+00 0.2270E-01 0.3306E+00 0.1425E+00 0.5255E+00 0.1995E-01 0.6925E+00 0.8640E-01 0.1619E+00 0.2005E-01 0.1125E-01 0.1241E+01 0.6326E-01 0.1055E+00 0.1086E+00 0.3805E+00 0.8875E-01 0.3519E+00 0.8522E+00 0.4160E-01 0.0000E+00
0.0000E+00 0.1248E+00 0.2888E-01 0.3363E+00 0.1509E+00 0.5305E+00 0.2843E-01 0.6965E+00 0.9423E-01 0.1661E+00 0.2494E-01 0.1720E-01 0.1244E+01 0.6871E-01 0.1098E+00 0.1138E+00 0.3849E+00 0.9457E-01 0.3566E+00 0.8563E+00 0.4710E-01 0.0000E+00
0.0000E+00 0.1319E+00 0.3329E-01 0.3397E+00 0.1547E+00 0.5358E+00 0.3575E-01 0.7016E+00 0.1014E+00 0.1710E+00 0.2986E-01 0.2302E-01 0.1247E+01 0.7411E-01 0.1146E+00 0.1187E+00 0.5087E+00 0.1002E+00 0.3619E+00 0.8603E+00 0.5305E-01 0.0000E+00
0.0000E+00 0.1363E+00 0.4246E-01 0.3443E+00 0.1589E+00 0.5387E+00 0.4294E-01 0.7066E+00 0.1106E+00 0.1754E+00 0.3687E-01 0.2910E-01 0.1250E+01 0.7925E-01 0.1198E+00 0.5198E-02 0.5130E+00 0.6189E+00 0.3661E+00 0.8616E+00 0.5857E-01 0.0000E+00
0.0000E+00 0.1401E+00 0.4722E-01 0.3493E+00 0.1630E+00 0.5442E+00 0.5002E-01 0.7117E+00 0.1196E+00 0.1809E+00 0.4230E-01 0.3516E-01 0.1252E+01 0.8495E-01 0.1250E+00 0.1028E-01 0.5650E-02 0.6284E+00 0.3704E+00 0.8643E+00 0.6370E-01 0.0000E+00
0.0000E+00 0.1451E+00 0.5158E-01 0.3528E+00 0.1680E+00 0.5513E+00 0.5511E-01 0.7156E+00 0.1237E+00 0.1856E+00 0.4747E-01 0.4097E-01 0.1256E+01 0.8986E-01 0.1299E+00 0.1619E-01 0.5633E-02 0.6323E+00 0.1006E+01 0.8683E+00 0.6832E-01 0.0000E+00
0.0000E+00 0.1501E+00 0.5626E-01 0.3552E+00 0.1729E+00 0.5543E+00 0.6002E-01 0.7191E+00 0.1283E+00 0.1897E+00 0.5328E-01 0.4599E-01 0.1258E+01 0.9489E-01 0.1342E+00 0.2084E-01 0.1117E-01 0.5582E-02 0.1009E+01 0.8718E+00 0.7333E-01 0.0000E+00
0.0000E+00 0.1552E+00 0.6077E-01 0.4201E+00 0.1766E+00 0.7361E+00 0.6517E-01 0.7232E+00 0.1324E+00 0.1951E+00 0.5735E-01 0.4917E-01 0.1261E+01 0.1000E+00 0.1377E+00 0.2659E-01 0.1717E-01 0.1018E-01 0.1012E+01 0.9514E+00 0.7615E-01 0.0000E+00
0.0000E+00 0.1636E+00 0.4031E-02 0.4231E+00 0.4316E-02 0.7438E+00 0.7007E-01 0.7969E+00 0.9322E+00 0.1997E+00 0.6263E-01 0.5430E-01 0.1264E+01 0.2468E+00 0.1428E+00 0.3154E-01 0.5390E-01 0.1566E-01 0.1015E+01 0.9586E+00 0.4596E-02 0.0000E+00
0.0000E+00 0.0000E+00 0.0000E+00 0.0000E+00 0.0000E+00 0.0000E+00 0.0000E+00 0.0000E+00 0.0000E+00 0.0000E+00 0.0000E+00 0.0000E+00 0.0000E+00 0.0000E+00 0.0000E+00 0.0000E+00 0.0000E+00 0.0000E+00 0.0000E+00 0.0000E+00 0.0000E+00 0.0000E+00
