p2_rainE_highsm_dschg.asc
ncols     22
nrows     62
xllcorner      0.00000000
yllcorner      0.00000000
cellsize      0.50000000
nodata_value -9999
0.0000E+00 0.0000E+00 0.0000E+00 0.0000E+00 0.0000E+00 0.0000E+00 0.0000E+00 0.0000E+00 0.0000E+00 0.0000E+00 0.0000E+00 0.0000E+00 0.0000E+00 0.0000E+00 0.0000E+00 0.0000E+00 0.0000E+00 0.0000E+00 0.0000E+00 0.0000E+00 0.0000E+00 0.0000E+00
0.0000E+00 0.9327E-04 0.1210E-03 0.1012E-03 0.8086E-04 0.1410E-03 0.4301E-03 0.1971E-03 0.7784E-04 0.8352E-04 0.7823E-04 0.7824E-04 0.8685E-04 0.7058E-04 0.1302E-03 0.8013E-04 0.1011E-03 0.8551E-04 0.8051E-04 0.8399E-04 0.8683E-04 0.0000E+00
0.0000E+00 0.1535E-03 0.2196E-03 0.1643E-03 0.1179E-03 0.7147E-03 0.4408E-03 0.8086E-04 0.8005E-04 0.2160E-03 0.1476E-03 0.1429E-03 0.1622E-03 0.7934E-04 0.3665E-03 0.2987E-03 0.1444E-03 0.1324E-03 0.1322E-03 0.3188E-03 0.2230E-03 0.0000E+00
0.0000E+00 0.2405E-03 0.4205E-03 0.3504E-03 0.1698E-03 0.8844E-03 0.5487E-03 0.1175E-03 0.9234E-04 0.3146E-03 0.1996E-03 0.4408E-03 0.9573E-03 0.3468E-03 0.8025E-03 0.4302E-03 0.1601E-03 0.1938E-03 0.1841E-03 0.5903E-03 0.7562E-03 0.0000E+00
0.0000E+00 0.2588E-03 0.1172E-02 0.2268E-02 0.1200E-02 0.1378E-02 0.7616E-03 0.6657E-03 0.7103E-04 0.3385E-03 0.1370E-03 0.7686E-03 0.1311E-02 0.7126E-04 0.1442E-02 0.3953E-03 0.2675E-03 0.6958E-03 0.7290E-04 0.1391E-03 0.7323E-03 0.0000E+00
0.0000E+00 0.5250E-03 0.4619E-03 0.2324E-02 0.2982E-03 0.6288E-04 0.1935E-02 0.7489E-03 0.8199E-04 0.3365E-03 0.7311E-04 0.8909E-03 0.1872E-02 0.3073E-03 0.1664E-02 0.8388E-04 0.1007E-03 0.8364E-03 0.1429E-03 0.3352E-03 0.7924E-03 0.0000E+00
0.0000E+00 0.1177E-03 0.6501E-04 0.2672E-02 0.2000E-03 0.6110E-04 0.1799E-02 0.7741E-04 0.2098E-03 0.3286E-03 0.8639E-04 0.1321E-03 0.1931E-02 0.4125E-03 0.1399E-02 0.1305E-02 0.1332E-02 0.1942E-02 0.2087E-02 0.5139E-03 0.8355E-03 0.0000E+00
0.0000E+00 0.2060E-03 0.1190E-03 0.2636E-02 0.1294E-03 0.7336E-04 0.1447E-02 0.7651E-04 0.2331E-03 0.3726E-03 0.1616E-03 0.9247E-04 0.1773E-02 0.5285E-03 0.7337E-04 0.7611E-04 0.1499E-03 0.3010E-03 0.2546E-02 0.3013E-02 0.3626E-02 0.0000E+00
0.0000E+00 0.2359E-03 0.1899E-02 0.2231E-02 0.8533E-04 0.1378E-03 0.1150E-02 0.1293E-03 0.2442E-03 0.6664E-03 0.2073E-03 0.3246E-03 0.2197E-02 0.4902E-03 0.7369E-04 0.6791E-04 0.1205E-03 0.1695E-03 0.2266E-03 0.1261E-03 0.3485E-02 0.0000E+00
0.0000E+00 0.3199E-03 0.1497E-02 0.7862E-04 0.7824E-04 0.1737E-03 0.1068E-02 0.9362E-03 0.7033E-03 0.1402E-02 0.1657E-02 0.5555E-03 0.2908E-02 0.6404E-03 0.1113E-03 0.2485E-03 0.2386E-03 0.3546E-03 0.2758E-03 0.9930E-04 0.3393E-02 0.0000E+00
0.0000E+00 0.2782E-03 0.1142E-02 0.1824E-03 0.1432E-03 0.8373E-04 0.7736E-04 0.6608E-04 0.7402E-04 0.1300E-03 0.1867E-02 0.2587E-02 0.2571E-02 0.7744E-04 0.7300E-04 0.7739E-04 0.1471E-03 0.5961E-03 0.3060E-03 0.7145E-04 0.2778E-02 0.0000E+00
0.0000E+00 0.2506E-03 0.1143E-02 0.1016E-02 0.1934E-03 0.1508E-03 0.1470E-03 0.1342E-03 0.8025E-04 0.1262E-03 0.2156E-03 0.5326E-02 0.2821E-02 0.3090E-03 0.1379E-03 0.7890E-04 0.1364E-03 0.9065E-03 0.2727E-03 0.7223E-04 0.2252E-02 0.0000E+00
0.0000E+00 0.8213E-04 0.7745E-04 0.9440E-03 0.8937E-03 0.1044E-02 0.2107E-03 0.2690E-03 0.1793E-03 0.8063E-04 0.8153E-04 0.5236E-02 0.1401E-03 0.1167E-03 0.1796E-03 0.7697E-04 0.7913E-04 0.8257E-03 0.7299E-04 0.1249E-03 0.1717E-02 0.0000E+00
0.0000E+00 0.1974E-03 0.1766E-03 0.1476E-03 0.1004E-03 0.9391E-03 0.1705E-02 0.6534E-03 0.3225E-03 0.1931E-03 0.7507E-04 0.4691E-02 0.7606E-04 0.7296E-04 0.1892E-03 0.1237E-03 0.2319E-03 0.6713E-03 0.1268E-03 0.1620E-03 0.1201E-02 0.0000E+00
0.0000E+00 0.3071E-03 0.2098E-03 0.3727E-03 0.1557E-03 0.7057E-04 0.1553E-02 0.8188E-04 0.7913E-04 0.7987E-04 0.9167E-04 0.4125E-02 0.1500E-03 0.1366E-03 0.1978E-03 0.8000E-04 0.3036E-03 0.7871E-03 0.1675E-03 0.1954E-03 0.7262E-03 0.0000E+00
0.0000E+00 0.2812E-03 0.9440E-04 0.6066E-03 0.2132E-03 0.1168E-03 0.1470E-02 0.1550E-03 0.1407E-03 0.1334E-03 0.1558E-03 0.3574E-02 0.2266E-03 0.2211E-03 0.2222E-03 0.7899E-04 0.7547E-04 0.6327E-03 0.1985E-03 0.2200E-03 0.3190E-03 0.0000E+00
0.0000E+00 0.2623E-03 0.9001E-04 0.7188E-03 0.3684E-03 0.7694E-04 0.1286E-02 0.2437E-03 0.1525E-03 0.1771E-03 0.3879E-03 0.3010E-02 0.2819E-03 0.4296E-03 0.2442E-03 0.1427E-03 0.1367E-03 0.4989E-03 0.2270E-03 0.2345E-03 0.2083E-03 0.0000E+00
0.0000E+00 0.2534E-03 0.3845E-03 0.9736E-03 0.1298E-02 0.1176E-03 0.1206E-02 0.2191E-03 0.7601E-04 0.9135E-04 0.4779E-03 0.2448E-02 0.2959E-03 0.4223E-03 0.7267E-04 0.1990E-03 0.2274E-03 0.4177E-03 0.5928E-03 0.2750E-03 0.2278E-03 0.0000E+00
0.0000E+00 0.9032E-04 0.7362E-04 0.8619E-04 0.1369E-02 0.9117E-04 0.1130E-02 0.2186E-03 0.1464E-03 0.7432E-04 0.4745E-03 0.2406E-02 0.6564E-03 0.4479E-03 0.7676E-04 0.3157E-03 0.2623E-03 0.7395E-04 0.5626E-03 0.6890E-03 0.2393E-03 0.0000E+00
0.0000E+00 0.1436E-03 0.1463E-03 0.2392E-03 0.1236E-02 0.9119E-04 0.9391E-03 0.2664E-03 0.1911E-03 0.1229E-03 0.7774E-04 0.1922E-02 0.5598E-03 0.8514E-04 0.8165E-04 0.3401E-03 0.4701E-03 0.1415E-03 0.8569E-04 0.6630E-03 0.8301E-03 0.0000E+00
0.0000E+00 0.1823E-03 0.7493E-04 0.2419E-03 0.1085E-02 0.1720E-03 0.6680E-03 0.7353E-03 0.4575E-03 0.1635E-03 0.8981E-04 0.1484E-02 0.4725E-03 0.1483E-03 0.1522E-03 0.3739E-03 0.4846E-03 0.8551E-04 0.8067E-04 0.7651E-04 0.8086E-03 0.0000E+00
0.0000E+00 0.2094E-03 0.1361E-03 0.2551E-03 0.9342E-03 0.1583E-03 0.7877E-04 0.5245E-03 0.6019E-03 0.7651E-04 0.7899E-04 0.9500E-03 0.3786E-03 0.4462E-03 0.5555E-03 0.3773E-03 0.4237E-03 0.3472E-03 0.1413E-03 0.8447E-04 0.6915E-03 0.0000E+00
0.0000E+00 0.2237E-03 0.1821E-03 0.2526E-03 0.7353E-03 0.1691E-03 0.1482E-03 0.3982E-03 0.4941E-03 0.7693E-04 0.1319E-03 0.4721E-03 0.7549E-04 0.7690E-04 0.5418E-03 0.3629E-03 0.3602E-03 0.4607E-03 0.9968E-04 0.1439E-03 0.6909E-03 0.0000E+00
0.0000E+00 0.2618E-03 0.4267E-03 0.2346E-03 0.7766E-03 0.1025E-02 0.2020E-03 0.7830E-03 0.4033E-03 0.1370E-03 0.1614E-03 0.3333E-03 0.1415E-03 0.1354E-03 0.5221E-03 0.2874E-03 0.3607E-03 0.7553E-03 0.1909E-03 0.1805E-03 0.5580E-03 0.0000E+00
0.0000E+00 0.1162E-03 0.4055E-03 0.9235E-04 0.9178E-04 0.1060E-02 0.1316E-02 0.7886E-03 0.8297E-04 0.1922E-03 0.2047E-03 0.2940E-03 0.3939E-03 0.1705E-03 0.3991E-03 0.2292E-03 0.8178E-04 0.8337E-03 0.2237E-03 0.2219E-03 0.4220E-03 0.0000E+00
0.0000E+00 0.1640E-03 0.4746E-03 0.1545E-03 0.1817E-03 0.8213E-04 0.1013E-02 0.6590E-03 0.2404E-03 0.2671E-03 0.2303E-03 0.7835E-04 0.2826E-03 0.3372E-03 0.2811E-03 0.4181E-03 0.8365E-04 0.7972E-03 0.3022E-03 0.2423E-03 0.3848E-03 0.0000E+00
0.0000E+00 0.2021E-03 0.8502E-03 0.2848E-03 0.4629E-03 0.2301E-03 0.8282E-03 0.5648E-03 0.2756E-03 0.4265E-03 0.2470E-03 0.2380E-03 0.1264E-03 0.2738E-03 0.7999E-04 0.3698E-03 0.1936E-03 0.9032E-03 0.4112E-03 0.3534E-03 0.5226E-03 0.0000E+00
0.0000E+00 0.1010E-03 0.8882E-03 0.1130E-02 0.4262E-03 0.7862E-04 0.7035E-03 0.6263E-03 0.2713E-03 0.5358E-03 0.2548E-03 0.2765E-03 0.1916E-03 0.2896E-03 0.1448E-03 0.4264E-03 0.2878E-03 0.7893E-03 0.3691E-03 0.4126E-03 0.8835E-03 0.0000E+00
0.0000E+00 0.8067E-04 0.8878E-04 0.1046E-02 0.3997E-03 0.1757E-03 0.6105E-03 0.5164E-03 0.2807E-03 0.5126E-03 0.2605E-03 0.3781E-03 0.2066E-03 0.3173E-03 0.1988E-03 0.5094E-03 0.3316E-03 0.6463E-03 0.3430E-03 0.7058E-04 0.6999E-03 0.0000E+00
0.0000E+00 0.1447E-03 0.1568E-03 0.1773E-02 0.4131E-03 0.3394E-03 0.5266E-03 0.4307E-03 0.2663E-03 0.6173E-03 0.3058E-03 0.3721E-03 0.2461E-03 0.3003E-03 0.7590E-04 0.4340E-03 0.2930E-03 0.4820E-03 0.2975E-03 0.1876E-03 0.5227E-03 0.0000E+00
0.0000E+00 0.1905E-03 0.2009E-03 0.1750E-02 0.7784E-04 0.5923E-03 0.4128E-03 0.3666E-03 0.2577E-03 0.7860E-03 0.4574E-03 0.4098E-03 0.3125E-03 0.3059E-03 0.1365E-03 0.3529E-03 0.2869E-03 0.3901E-03 0.2714E-03 0.2304E-03 0.4855E-03 0.0000E+00
0.0000E+00 0.8833E-04 0.2185E-03 0.1797E-02 0.1365E-03 0.6659E-03 0.3586E-03 0.3257E-03 0.7427E-04 0.7256E-03 0.1089E-02 0.3652E-03 0.6315E-03 0.5700E-03 0.1843E-03 0.3198E-03 0.2971E-03 0.5559E-03 0.2917E-03 0.2356E-03 0.6186E-03 0.0000E+00
0.0000E+00 0.1654E-03 0.2213E-03 0.1673E-02 0.1659E-03 0.6434E-03 0.3170E-03 0.3027E-03 0.1412E-03 0.7965E-04 0.9361E-03 0.7919E-04 0.5735E-03 0.6588E-03 0.8161E-04 0.2735E-03 0.2728E-03 0.4622E-03 0.3128E-03 0.2542E-03 0.4908E-03 0.0000E+00
0.0000E+00 0.2100E-03 0.2544E-03 0.1526E-02 0.4026E-03 0.7210E-03 0.2916E-03 0.3760E-03 0.1979E-03 0.1920E-03 0.7882E-03 0.1271E-03 0.6329E-03 0.7561E-03 0.8257E-04 0.8639E-04 0.3012E-03 0.4492E-03 0.2842E-03 0.2625E-03 0.4628E-03 0.0000E+00
0.0000E+00 0.3007E-03 0.2841E-03 0.2501E-02 0.4767E-03 0.7501E-03 0.2875E-03 0.3756E-03 0.2699E-03 0.3633E-03 0.6638E-03 0.2055E-03 0.5602E-03 0.7150E-03 0.8140E-04 0.1927E-03 0.3586E-03 0.5503E-03 0.7169E-03 0.4398E-03 0.5325E-03 0.0000E+00
0.0000E+00 0.7867E-03 0.2723E-03 0.2119E-02 0.4436E-03 0.1005E-02 0.1864E-02 0.4112E-03 0.2917E-03 0.4692E-03 0.5848E-03 0.3210E-03 0.4719E-03 0.6075E-03 0.2757E-03 0.4760E-03 0.3330E-03 0.1593E-03 0.1249E-02 0.1973E-02 0.6543E-03 0.0000E+00
0.0000E+00 0.8165E-03 0.8520E-04 0.1892E-02 0.4642E-03 0.9070E-04 0.1659E-02 0.6649E-03 0.2875E-03 0.3840E-03 0.1033E-02 0.3980E-03 0.1800E-02 0.6330E-03 0.5466E-03 0.6198E-03 0.3501E-03 0.3044E-03 0.1805E-02 0.1895E-02 0.8962E-04 0.0000E+00
0.0000E+00 0.7745E-03 0.1595E-03 0.1628E-02 0.4370E-03 0.1159E-03 0.1450E-02 0.6927E-03 0.7651E-04 0.3310E-03 0.1229E-02 0.2398E-02 0.1599E-02 0.1318E-03 0.7116E-03 0.6489E-03 0.6597E-03 0.1696E-03 0.1744E-02 0.2013E-02 0.1813E-03 0.0000E+00
0.0000E+00 0.0000E+00 0.8363E-03 0.1357E-02 0.5286E-03 0.2731E-03 0.1613E-02 0.6248E-03 0.7899E-04 0.7697E-04 0.6608E-04 0.3268E-02 0.4062E-02 0.1222E-02 0.6239E-03 0.5998E-03 0.7141E-03 0.4472E-03 0.1838E-02 0.2069E-02 0.2190E-03 0.0000E+00
0.0000E+00 0.8161E-04 0.1511E-02 0.2059E-02 0.4619E-03 0.2908E-03 0.1400E-02 0.1123E-02 0.1405E-03 0.1435E-03 0.8787E-04 0.2689E-02 0.3340E-02 0.9665E-04 0.5929E-03 0.5080E-03 0.1085E-02 0.5695E-03 0.1702E-02 0.1825E-02 0.2427E-03 0.0000E+00
0.0000E+00 0.7966E-04 0.1153E-02 0.3445E-02 0.4203E-03 0.4706E-03 0.1732E-02 0.1988E-02 0.4433E-03 0.4933E-03 0.3362E-03 0.2657E-02 0.3307E-02 0.2373E-03 0.5990E-03 0.4704E-03 0.1103E-02 0.6333E-03 0.1525E-02 0.1600E-02 0.2854E-03 0.0000E+00
0.0000E+00 0.1199E-03 0.7934E-04 0.3077E-02 0.3843E-03 0.1361E-02 0.1499E-02 0.2285E-02 0.1476E-02 0.4405E-03 0.3776E-03 0.2733E-02 0.3967E-02 0.2780E-03 0.5776E-03 0.4063E-03 0.9839E-03 0.6149E-03 0.1653E-02 0.1404E-02 0.3561E-03 0.0000E+00
0.0000E+00 0.1718E-03 0.2346E-03 0.2770E-02 0.9681E-03 0.1719E-02 0.1278E-02 0.1934E-02 0.1860E-02 0.9762E-03 0.3682E-03 0.2387E-02 0.4257E-02 0.8353E-04 0.6008E-03 0.4311E-03 0.1080E-02 0.6712E-03 0.1630E-02 0.1554E-02 0.3381E-03 0.0000E+00
0.0000E+00 0.2138E-03 0.7405E-03 0.2910E-02 0.1655E-02 0.1935E-02 0.1076E-02 0.1928E-02 0.1994E-02 0.1037E-02 0.1567E-02 0.2122E-02 0.4372E-02 0.1463E-03 0.6562E-03 0.6480E-03 0.1524E-02 0.6167E-03 0.1439E-02 0.1644E-02 0.9026E-04 0.0000E+00
0.0000E+00 0.3356E-03 0.1178E-02 0.2552E-02 0.1303E-02 0.2922E-02 0.1233E-02 0.1703E-02 0.1696E-02 0.1927E-02 0.2328E-02 0.1921E-02 0.4072E-02 0.2020E-03 0.8395E-03 0.6130E-03 0.1872E-02 0.8318E-03 0.1244E-02 0.1692E-02 0.1148E-03 0.0000E+00
0.0000E+00 0.8750E-03 0.9541E-03 0.2223E-02 0.2062E-02 0.3688E-02 0.2109E-02 0.1772E-02 0.1452E-02 0.3013E-02 0.3407E-02 0.1688E-02 0.3701E-02 0.3517E-03 0.7496E-03 0.7738E-03 0.2380E-02 0.7314E-03 0.1289E-02 0.1632E-02 0.8979E-04 0.0000E+00
0.0000E+00 0.1878E-02 0.1022E-02 0.2440E-02 0.2063E-02 0.3497E-02 0.3086E-02 0.2099E-02 0.1770E-02 0.3034E-02 0.3313E-02 0.1691E-02 0.3364E-02 0.4083E-03 0.6599E-03 0.6853E-03 0.2183E-02 0.6921E-03 0.1331E-02 0.1495E-02 0.1557E-03 0.0000E+00
0.0000E+00 0.1699E-02 0.8032E-04 0.2184E-02 0.1819E-02 0.3076E-02 0.4015E-02 0.1801E-02 0.1634E-02 0.3802E-02 0.2759E-02 0.1397E-02 0.3076E-02 0.3929E-03 0.5842E-03 0.6171E-03 0.2001E-02 0.6134E-03 0.1084E-02 0.1260E-02 0.1999E-03 0.0000E+00
0.0000E+00 0.1744E-02 0.1743E-03 0.2012E-02 0.2899E-02 0.6875E-02 0.4111E-02 0.1548E-02 0.1435E-02 0.5973E-02 0.2572E-02 0.1064E-02 0.2716E-02 0.3826E-03 0.5300E-03 0.6998E-03 0.1930E-02 0.5318E-03 0.8695E-03 0.1054E-02 0.2379E-03 0.0000E+00
0.0000E+00 0.1634E-02 0.8251E-04 0.1763E-02 0.2586E-02 0.6505E-02 0.8036E-04 0.1323E-02 0.1245E-02 0.5591E-02 0.7002E-04 0.8125E-03 0.2501E-02 0.4347E-03 0.4746E-03 0.6192E-03 0.1687E-02 0.4602E-03 0.7001E-03 0.8757E-03 0.2683E-03 0.0000E+00
0.0000E+00 0.1496E-02 0.2802E-03 0.1711E-02 0.3218E-02 0.6252E-02 0.1384E-03 0.1168E-02 0.1144E-02 0.5152E-02 0.1444E-03 0.5779E-03 0.2709E-02 0.5005E-03 0.4567E-03 0.5890E-03 0.1622E-02 0.4271E-03 0.5738E-03 0.7388E-03 0.2971E-03 0.0000E+00
0.0000E+00 0.1338E-02 0.3065E-03 0.1694E-02 0.3776E-02 0.5840E-02 0.1862E-03 0.9421E-03 0.9632E-03 0.4771E-02 0.1976E-03 0.8140E-04 0.2552E-02 0.6791E-03 0.5852E-03 0.5235E-03 0.1396E-02 0.4871E-03 0.5019E-03 0.6356E-03 0.4247E-03 0.0000E+00
0.0000E+00 0.1535E-02 0.4619E-03 0.2194E-02 0.4159E-02 0.5517E-02 0.2337E-03 0.7741E-03 0.8462E-03 0.4439E-02 0.2322E-03 0.2024E-03 0.2578E-02 0.6654E-03 0.5300E-03 0.4753E-03 0.1207E-02 0.4462E-03 0.4858E-03 0.5163E-03 0.4535E-03 0.0000E+00
0.0000E+00 0.1501E-02 0.5520E-03 0.2178E-02 0.4787E-02 0.5355E-02 0.7749E-03 0.7285E-03 0.1341E-02 0.4088E-02 0.2707E-03 0.2463E-03 0.2231E-02 0.6288E-03 0.4933E-03 0.4504E-03 0.1079E-02 0.5541E-03 0.4412E-03 0.4950E-03 0.5050E-03 0.0000E+00
0.0000E+00 0.1924E-02 0.5020E-03 0.1762E-02 0.4198E-02 0.5262E-02 0.1142E-02 0.8378E-03 0.1668E-02 0.3805E-02 0.3476E-03 0.2825E-03 0.1860E-02 0.5694E-03 0.4458E-03 0.4012E-03 0.1449E-02 0.7056E-03 0.5228E-03 0.4298E-03 0.6126E-03 0.0000E+00
0.0000E+00 0.1676E-02 0.1319E-02 0.1404E-02 0.3736E-02 0.4769E-02 0.1409E-02 0.8575E-03 0.2491E-02 0.3500E-02 0.5816E-03 0.3546E-03 0.1559E-02 0.5118E-03 0.5415E-03 0.8426E-04 0.1311E-02 0.2160E-02 0.4940E-03 0.3913E-03 0.6194E-03 0.0000E+00
0.0000E+00 0.1490E-02 0.9954E-03 0.1192E-02 0.3322E-02 0.4761E-02 0.1617E-02 0.9917E-03 0.3333E-02 0.3310E-02 0.6016E-03 0.4392E-03 0.1215E-02 0.5549E-03 0.5555E-03 0.1669E-03 0.8844E-04 0.2029E-02 0.4712E-03 0.3623E-03 0.5515E-03 0.0000E+00
0.0000E+00 0.1296E-02 0.8720E-03 0.9480E-03 0.3085E-02 0.5015E-02 0.1396E-02 0.8334E-03 0.2815E-02 0.3071E-02 0.5630E-03 0.4706E-03 0.9141E-03 0.5016E-03 0.5044E-03 0.2359E-03 0.8279E-04 0.1762E-02 0.1962E-02 0.3445E-03 0.4782E-03 0.0000E+00
0.0000E+00 0.1126E-02 0.7672E-03 0.7376E-03 0.2842E-02 0.4582E-02 0.1203E-02 0.7121E-03 0.2459E-02 0.2815E-02 0.5859E-03 0.4496E-03 0.6058E-03 0.4591E-03 0.4687E-03 0.2631E-03 0.1534E-03 0.8624E-04 0.1737E-02 0.3418E-03 0.4911E-03 0.0000E+00
0.0000E+00 0.9259E-03 0.5570E-03 0.1115E-02 0.2441E-02 0.6838E-02 0.1047E-02 0.6212E-03 0.2144E-02 0.2757E-02 0.5494E-03 0.4275E-03 0.4291E-03 0.4217E-03 0.4244E-03 0.2857E-03 0.2040E-03 0.1538E-03 0.1533E-02 0.6529E-03 0.4096E-03 0.0000E+00
0.0000E+00 0.7614E-03 0.7966E-04 0.9101E-03 0.7393E-04 0.6567E-02 0.8920E-03 0.1359E-02 0.3197E-02 0.2308E-02 0.5145E-03 0.3870E-03 0.3625E-03 0.7755E-03 0.4439E-03 0.2851E-03 0.4766E-03 0.1831E-03 0.1278E-02 0.6277E-03 0.7226E-04 0.0000E+00
0.0000E+00 0.0000E+00 0.0000E+00 0.0000E+00 0.0000E+00 0.0000E+00 0.0000E+00 0.0000E+00 0.0000E+00 0.0000E+00 0.0000E+00 0.0000E+00 0.0000E+00 0.0000E+00 0.0000E+00 0.0000E+00 0.0000E+00 0.0000E+00 0.0000E+00 0.0000E+00 0.0000E+00 0.0000E+00
