p2_rainD_lowsm_dschg.asc
ncols     22
nrows     62
xllcorner      0.00000000
yllcorner      0.00000000
cellsize      0.50000000
nodata_value -9999
0.0000E+00 0.0000E+00 0.0000E+00 0.0000E+00 0.0000E+00 0.0000E+00 0.0000E+00 0.0000E+00 0.0000E+00 0.0000E+00 0.0000E+00 0.0000E+00 0.0000E+00 0.0000E+00 0.0000E+00 0.0000E+00 0.0000E+00 0.0000E+00 0.0000E+00 0.0000E+00 0.0000E+00 0.0000E+00
0.0000E+00 0.2261E-03 0.1713E-09 0.7898E-04 0.0000E+00 0.7558E-04 0.7357E-03 0.2754E-03 0.0000E+00 0.3808E-04 0.1604E-03 0.8657E-04 0.1218E-03 0.6032E-04 0.2473E-03 0.5249E-05 0.8468E-04 0.1473E-03 0.0000E+00 0.0000E+00 0.4569E-04 0.0000E+00
0.0000E+00 0.3329E-03 0.1735E-03 0.1398E-06 0.1362E-03 0.1059E-02 0.5322E-03 0.1980E-03 0.3220E-04 0.1538E-03 0.2681E-03 0.3259E-04 0.2246E-03 0.0000E+00 0.6804E-03 0.5520E-03 0.2418E-03 0.3257E-03 0.1536E-03 0.3341E-03 0.3488E-03 0.0000E+00
0.0000E+00 0.5269E-03 0.5661E-03 0.1410E-03 0.1918E-06 0.1216E-02 0.8000E-03 0.0000E+00 0.1178E-03 0.3025E-03 0.4506E-03 0.8085E-03 0.1468E-02 0.5669E-03 0.1495E-02 0.9298E-03 0.2184E-03 0.4527E-03 0.2947E-04 0.5677E-03 0.7754E-03 0.0000E+00
0.0000E+00 0.7366E-03 0.1893E-02 0.3130E-02 0.1673E-02 0.2162E-02 0.1378E-02 0.1022E-02 0.7868E-04 0.5119E-03 0.4079E-03 0.1777E-02 0.2106E-02 0.0000E+00 0.2470E-02 0.4110E-03 0.3742E-03 0.1224E-02 0.0000E+00 0.3384E-03 0.9577E-03 0.0000E+00
0.0000E+00 0.1242E-02 0.5180E-03 0.3265E-02 0.4383E-03 0.0000E+00 0.3301E-02 0.1278E-02 0.8520E-04 0.6185E-03 0.0000E+00 0.1853E-02 0.3580E-02 0.4691E-03 0.2853E-02 0.9342E-04 0.1432E-03 0.1629E-02 0.1907E-03 0.8010E-03 0.1305E-02 0.0000E+00
0.0000E+00 0.1205E-03 0.1413E-03 0.3629E-02 0.2911E-03 0.1206E-03 0.3257E-02 0.4272E-04 0.2866E-03 0.6843E-03 0.1256E-03 0.3410E-03 0.3978E-02 0.8063E-03 0.2505E-02 0.2590E-02 0.2799E-02 0.4327E-02 0.4249E-02 0.1179E-02 0.1554E-02 0.0000E+00
0.0000E+00 0.9835E-05 0.3922E-03 0.3721E-02 0.3348E-04 0.1266E-03 0.2572E-02 0.1197E-03 0.3363E-03 0.8364E-03 0.6910E-04 0.3096E-04 0.3692E-02 0.1180E-02 0.1442E-03 0.1773E-03 0.2423E-03 0.4504E-03 0.5115E-02 0.6404E-02 0.7651E-02 0.0000E+00
0.0000E+00 0.1634E-04 0.3267E-02 0.3425E-02 0.2770E-03 0.2604E-03 0.2251E-02 0.2453E-03 0.2460E-03 0.1384E-02 0.1991E-03 0.6263E-03 0.4716E-02 0.9653E-03 0.4840E-04 0.2061E-03 0.3443E-03 0.3437E-03 0.5069E-03 0.2085E-03 0.7591E-02 0.0000E+00
0.0000E+00 0.1776E-03 0.3008E-02 0.0000E+00 0.1242E-03 0.2438E-04 0.2050E-02 0.2129E-02 0.1371E-02 0.2974E-02 0.3397E-02 0.1107E-02 0.5868E-02 0.9781E-03 0.2039E-03 0.5685E-03 0.6937E-03 0.9828E-03 0.7259E-03 0.2806E-03 0.7764E-02 0.0000E+00
0.0000E+00 0.2785E-03 0.2715E-02 0.1742E-03 0.3794E-06 0.1334E-03 0.2176E-03 0.4039E-04 0.1664E-04 0.2540E-07 0.3609E-02 0.5082E-02 0.5568E-02 0.4247E-06 0.0000E+00 0.1670E-03 0.1332E-03 0.1271E-02 0.6152E-03 0.5739E-04 0.7220E-02 0.0000E+00
0.0000E+00 0.3680E-03 0.2822E-02 0.2704E-02 0.1963E-03 0.1770E-03 0.2701E-03 0.8942E-04 0.6629E-04 0.1624E-03 0.1962E-03 0.1065E-01 0.5797E-02 0.4185E-03 0.5341E-04 0.2187E-03 0.3100E-03 0.2086E-02 0.6263E-03 0.1751E-03 0.6771E-02 0.0000E+00
0.0000E+00 0.2132E-03 0.1508E-03 0.2788E-02 0.2239E-02 0.2454E-02 0.1490E-03 0.3808E-03 0.3858E-03 0.0000E+00 0.8892E-04 0.1066E-01 0.4148E-03 0.3210E-03 0.1679E-03 0.1432E-03 0.1777E-03 0.2129E-02 0.0000E+00 0.2185E-03 0.6007E-02 0.0000E+00
0.0000E+00 0.4569E-03 0.3015E-03 0.2884E-03 0.1482E-03 0.2334E-02 0.2972E-02 0.8781E-03 0.5154E-03 0.3061E-03 0.2270E-03 0.9600E-02 0.1431E-03 0.2148E-03 0.3886E-04 0.2889E-03 0.5108E-03 0.1871E-02 0.9818E-04 0.2382E-03 0.5220E-02 0.0000E+00
0.0000E+00 0.6816E-03 0.3361E-03 0.6685E-03 0.2553E-03 0.8358E-04 0.2804E-02 0.9720E-04 0.1229E-03 0.1835E-04 0.1473E-03 0.8812E-02 0.3216E-03 0.3663E-03 0.1200E-03 0.1925E-03 0.6359E-03 0.2312E-02 0.2440E-03 0.3607E-03 0.4718E-02 0.0000E+00
0.0000E+00 0.6553E-03 0.0000E+00 0.1027E-02 0.4157E-03 0.8155E-04 0.2384E-02 0.2978E-03 0.2893E-03 0.2440E-03 0.2913E-03 0.8039E-02 0.4460E-03 0.3698E-03 0.2827E-03 0.0000E+00 0.5384E-04 0.2244E-02 0.3406E-03 0.4987E-03 0.3107E-02 0.0000E+00
0.0000E+00 0.7665E-03 0.6994E-04 0.1334E-02 0.6845E-03 0.1068E-04 0.2140E-02 0.6721E-03 0.4900E-03 0.2864E-03 0.7672E-03 0.6877E-02 0.7685E-03 0.6803E-03 0.2222E-03 0.1340E-06 0.1133E-03 0.1501E-02 0.3912E-03 0.4359E-03 0.2610E-02 0.0000E+00
0.0000E+00 0.6603E-03 0.9849E-03 0.1969E-02 0.2693E-02 0.6283E-04 0.2126E-02 0.4592E-03 0.0000E+00 0.1551E-03 0.1019E-02 0.6003E-02 0.7831E-03 0.8970E-03 0.1645E-03 0.1915E-03 0.3313E-03 0.1536E-02 0.1780E-02 0.6060E-03 0.2023E-02 0.0000E+00
0.0000E+00 0.8362E-04 0.2854E-04 0.1285E-03 0.2889E-02 0.1535E-03 0.2148E-02 0.1606E-03 0.1305E-03 0.1428E-03 0.9650E-03 0.6358E-02 0.1645E-02 0.1105E-02 0.1350E-03 0.4875E-03 0.3489E-03 0.2409E-03 0.1806E-02 0.1150E-02 0.1595E-02 0.0000E+00
0.0000E+00 0.1955E-03 0.1868E-03 0.4211E-06 0.2959E-02 0.8439E-04 0.2115E-02 0.2882E-03 0.2156E-03 0.7274E-04 0.7394E-04 0.5830E-02 0.1402E-02 0.1484E-03 0.1188E-03 0.3473E-03 0.5952E-03 0.3336E-03 0.1271E-03 0.1141E-02 0.2385E-02 0.0000E+00
0.0000E+00 0.3336E-06 0.0000E+00 0.5114E-04 0.2856E-02 0.2016E-03 0.1793E-02 0.1892E-02 0.4501E-03 0.1172E-03 0.1925E-03 0.5592E-02 0.1373E-02 0.1631E-03 0.1689E-03 0.4234E-03 0.7044E-03 0.1051E-03 0.4471E-04 0.1235E-03 0.1798E-02 0.0000E+00
0.0000E+00 0.0000E+00 0.0000E+00 0.2518E-03 0.2697E-02 0.2563E-03 0.2179E-03 0.1526E-02 0.6829E-03 0.5391E-04 0.1597E-03 0.4644E-02 0.1128E-02 0.1398E-02 0.1019E-02 0.5052E-03 0.8554E-03 0.4634E-03 0.4742E-04 0.1850E-03 0.9131E-03 0.0000E+00
0.0000E+00 0.0000E+00 0.1739E-03 0.2418E-03 0.1696E-02 0.3089E-03 0.3982E-03 0.1397E-02 0.4599E-03 0.6591E-04 0.3246E-03 0.3306E-02 0.0000E+00 0.0000E+00 0.1080E-02 0.5585E-03 0.7386E-03 0.7036E-03 0.3921E-04 0.3320E-03 0.9273E-03 0.0000E+00
0.0000E+00 0.1762E-03 0.4767E-03 0.3171E-03 0.1729E-02 0.2236E-02 0.1664E-03 0.1917E-02 0.4023E-03 0.8336E-07 0.2701E-03 0.2560E-02 0.2322E-04 0.1611E-03 0.1151E-02 0.2654E-03 0.7754E-03 0.4945E-03 0.1499E-03 0.4501E-03 0.8081E-03 0.0000E+00
0.0000E+00 0.3353E-03 0.3657E-03 0.1444E-03 0.1326E-03 0.2190E-02 0.2564E-02 0.2111E-02 0.3391E-04 0.1720E-03 0.3043E-03 0.2128E-02 0.1467E-02 0.3250E-03 0.9800E-03 0.2742E-03 0.1123E-03 0.8067E-03 0.2700E-03 0.6425E-03 0.6142E-03 0.0000E+00
0.0000E+00 0.3100E-03 0.6039E-03 0.6704E-05 0.1825E-03 0.0000E+00 0.1418E-02 0.2008E-02 0.2337E-03 0.3041E-03 0.3926E-03 0.1014E-03 0.7914E-03 0.6001E-03 0.8806E-03 0.1146E-02 0.1898E-03 0.8806E-03 0.3790E-03 0.6034E-03 0.6351E-03 0.0000E+00
0.0000E+00 0.7424E-06 0.9870E-03 0.3920E-03 0.5758E-03 0.2169E-03 0.1149E-02 0.1581E-02 0.3403E-04 0.7485E-03 0.4568E-03 0.5206E-03 0.2776E-03 0.6624E-03 0.1385E-03 0.9985E-03 0.4851E-03 0.1312E-02 0.7745E-03 0.9201E-03 0.9394E-03 0.0000E+00
0.0000E+00 0.1029E-03 0.9267E-03 0.1301E-02 0.2540E-03 0.8665E-04 0.1010E-02 0.1660E-02 0.1209E-03 0.1000E-02 0.4365E-03 0.3093E-03 0.3185E-03 0.8108E-03 0.3468E-03 0.1186E-02 0.5292E-03 0.1241E-02 0.5890E-03 0.1263E-02 0.2256E-02 0.0000E+00
0.0000E+00 0.3247E-04 0.1520E-03 0.1380E-02 0.2366E-03 0.2473E-03 0.1002E-02 0.1551E-02 0.2855E-03 0.9251E-03 0.5090E-03 0.5786E-03 0.4670E-03 0.8435E-03 0.4780E-03 0.1360E-02 0.6000E-03 0.9682E-03 0.6978E-03 0.1448E-03 0.2123E-02 0.0000E+00
0.0000E+00 0.1377E-03 0.3003E-03 0.2255E-02 0.1085E-03 0.6219E-03 0.8846E-03 0.1517E-02 0.1737E-03 0.1243E-02 0.6495E-03 0.7310E-03 0.5846E-03 0.7187E-03 0.4409E-04 0.1165E-02 0.7955E-03 0.7234E-03 0.7267E-03 0.5088E-03 0.1920E-02 0.0000E+00
0.0000E+00 0.1699E-03 0.1789E-03 0.2476E-02 0.1980E-03 0.1161E-02 0.9354E-03 0.1267E-02 0.2973E-03 0.1258E-02 0.1021E-02 0.7924E-03 0.7513E-03 0.8410E-03 0.1529E-03 0.1133E-02 0.8965E-03 0.7718E-03 0.6720E-03 0.4657E-03 0.8007E-03 0.0000E+00
0.0000E+00 0.0000E+00 0.1444E-04 0.2520E-02 0.2977E-03 0.1326E-02 0.8683E-03 0.9376E-03 0.6579E-04 0.1327E-02 0.2338E-02 0.3774E-03 0.1189E-02 0.1389E-02 0.2474E-03 0.1094E-02 0.8602E-03 0.1610E-02 0.7133E-03 0.3507E-03 0.1229E-02 0.0000E+00
0.0000E+00 0.6152E-04 0.5158E-04 0.2397E-02 0.3774E-03 0.1377E-02 0.8838E-03 0.7935E-03 0.2099E-03 0.1602E-03 0.1202E-02 0.2155E-03 0.1026E-02 0.1583E-02 0.2064E-03 0.1052E-02 0.8151E-03 0.1669E-02 0.8192E-03 0.4204E-03 0.1020E-02 0.0000E+00
0.0000E+00 0.2323E-05 0.6107E-04 0.1993E-02 0.8357E-03 0.1471E-02 0.9119E-03 0.7554E-03 0.3136E-03 0.2492E-03 0.1180E-02 0.1756E-03 0.1340E-02 0.1894E-02 0.1692E-03 0.9613E-04 0.8530E-03 0.1733E-02 0.1691E-03 0.8554E-04 0.1126E-02 0.0000E+00
0.0000E+00 0.3172E-04 0.1526E-03 0.3663E-02 0.1087E-02 0.1059E-02 0.9255E-03 0.5717E-03 0.4657E-03 0.6574E-03 0.8511E-03 0.4481E-03 0.1402E-02 0.2070E-02 0.2246E-03 0.2633E-03 0.8752E-03 0.1973E-02 0.1607E-02 0.3379E-03 0.1240E-02 0.0000E+00
0.0000E+00 0.5057E-03 0.2538E-06 0.3171E-02 0.1064E-02 0.1597E-02 0.3445E-02 0.7169E-03 0.6621E-03 0.1007E-02 0.8537E-03 0.7245E-03 0.3224E-03 0.2014E-02 0.4828E-03 0.9476E-03 0.6009E-03 0.2519E-03 0.2422E-02 0.3417E-02 0.1475E-02 0.0000E+00
0.0000E+00 0.6575E-03 0.0000E+00 0.3055E-02 0.1170E-02 0.0000E+00 0.3062E-02 0.1352E-02 0.8200E-03 0.6701E-03 0.1671E-02 0.7246E-04 0.3589E-02 0.2065E-02 0.9310E-03 0.1105E-02 0.4120E-03 0.5396E-03 0.3417E-02 0.3269E-02 0.1612E-03 0.0000E+00
0.0000E+00 0.5083E-03 0.0000E+00 0.2294E-02 0.8648E-03 0.8283E-04 0.3072E-02 0.6086E-03 0.0000E+00 0.7710E-03 0.1873E-02 0.3324E-02 0.2534E-02 0.1000E-03 0.1420E-02 0.1295E-02 0.1001E-02 0.2936E-03 0.3437E-02 0.3406E-02 0.3324E-03 0.0000E+00
0.0000E+00 0.0000E+00 0.1222E-02 0.1963E-02 0.1018E-02 0.5435E-03 0.3533E-02 0.6638E-03 0.1296E-03 0.1517E-03 0.2222E-03 0.4955E-02 0.7004E-02 0.2026E-02 0.1154E-02 0.1366E-02 0.1059E-02 0.8235E-03 0.3743E-02 0.3584E-02 0.2635E-03 0.0000E+00
0.0000E+00 0.5352E-04 0.2224E-02 0.3132E-02 0.1040E-02 0.6805E-03 0.2541E-02 0.1581E-02 0.3899E-06 0.2135E-03 0.1897E-03 0.2822E-02 0.5183E-02 0.2415E-03 0.1084E-02 0.1029E-02 0.1867E-02 0.1192E-02 0.3634E-02 0.3096E-02 0.4007E-03 0.0000E+00
0.0000E+00 0.5662E-04 0.1569E-02 0.5149E-02 0.1223E-02 0.1066E-02 0.3072E-02 0.2988E-02 0.7465E-03 0.5328E-03 0.4883E-03 0.2961E-02 0.5114E-02 0.6276E-03 0.1251E-02 0.1106E-02 0.1808E-02 0.1318E-02 0.3369E-02 0.2965E-02 0.4820E-03 0.0000E+00
0.0000E+00 0.2528E-03 0.2882E-04 0.4772E-02 0.1088E-02 0.2605E-02 0.3051E-02 0.3618E-02 0.2542E-02 0.2215E-05 0.7127E-03 0.3284E-02 0.6542E-02 0.6568E-03 0.1384E-02 0.3944E-03 0.1148E-02 0.1263E-02 0.3632E-02 0.2591E-02 0.8080E-03 0.0000E+00
0.0000E+00 0.3944E-03 0.4221E-03 0.4488E-02 0.2068E-02 0.3170E-02 0.2340E-02 0.2968E-02 0.3060E-02 0.8040E-03 0.8687E-03 0.2641E-02 0.6984E-02 0.1606E-03 0.1483E-02 0.4794E-03 0.1533E-02 0.1516E-02 0.3370E-02 0.3251E-02 0.7458E-03 0.0000E+00
0.0000E+00 0.3885E-03 0.1252E-02 0.4859E-02 0.2934E-02 0.3566E-02 0.2239E-02 0.3049E-02 0.3350E-02 0.1191E-02 0.3108E-02 0.2461E-02 0.7343E-02 0.4001E-03 0.1729E-02 0.9001E-03 0.2382E-02 0.4296E-03 0.3263E-02 0.3533E-02 0.1286E-03 0.0000E+00
0.0000E+00 0.7461E-03 0.2090E-02 0.4032E-02 0.2367E-02 0.5162E-02 0.2454E-02 0.2941E-02 0.3225E-02 0.2699E-02 0.4383E-02 0.2361E-02 0.7101E-02 0.2965E-03 0.2130E-02 0.1062E-02 0.3021E-02 0.9941E-03 0.2112E-02 0.3791E-02 0.1586E-03 0.0000E+00
0.0000E+00 0.1702E-02 0.1387E-02 0.3901E-02 0.3614E-02 0.6163E-02 0.3899E-02 0.3017E-02 0.3095E-02 0.4566E-02 0.6330E-02 0.2274E-02 0.6435E-02 0.6268E-03 0.2055E-02 0.1401E-02 0.3843E-02 0.1068E-02 0.2332E-02 0.3642E-02 0.0000E+00 0.0000E+00
0.0000E+00 0.3414E-02 0.1616E-02 0.4294E-02 0.3427E-02 0.5887E-02 0.5719E-02 0.3405E-02 0.3693E-02 0.4313E-02 0.6335E-02 0.2551E-02 0.6045E-02 0.8174E-03 0.1979E-02 0.1391E-02 0.3715E-02 0.1042E-02 0.2513E-02 0.3364E-02 0.1572E-03 0.0000E+00
0.0000E+00 0.3031E-02 0.0000E+00 0.4173E-02 0.3081E-02 0.5376E-02 0.7380E-02 0.3124E-02 0.3104E-02 0.5780E-02 0.5450E-02 0.2285E-02 0.5655E-02 0.8855E-03 0.1958E-02 0.1396E-02 0.3478E-02 0.1129E-02 0.1862E-02 0.2033E-02 0.3716E-03 0.0000E+00
0.0000E+00 0.3023E-02 0.1402E-03 0.4267E-02 0.4949E-02 0.1204E-01 0.7408E-02 0.2856E-02 0.2915E-02 0.1011E-01 0.5231E-02 0.1882E-02 0.5302E-02 0.1078E-02 0.1858E-02 0.1689E-02 0.3651E-02 0.1109E-02 0.1390E-02 0.1449E-02 0.1146E-05 0.0000E+00
0.0000E+00 0.2997E-02 0.0000E+00 0.3225E-02 0.4373E-02 0.1173E-01 0.0000E+00 0.2744E-02 0.2924E-02 0.9785E-02 0.2828E-04 0.1693E-02 0.4895E-02 0.1216E-02 0.1751E-02 0.1152E-02 0.3082E-02 0.1175E-02 0.6929E-03 0.8562E-03 0.2354E-03 0.0000E+00
0.0000E+00 0.2901E-02 0.3506E-03 0.3069E-02 0.5518E-02 0.1148E-01 0.0000E+00 0.2458E-02 0.2512E-02 0.9293E-02 0.1106E-03 0.1605E-02 0.6137E-02 0.1377E-02 0.1783E-02 0.1290E-02 0.3267E-02 0.1233E-02 0.3647E-03 0.5324E-03 0.2422E-04 0.0000E+00
0.0000E+00 0.2440E-02 0.4120E-03 0.2961E-02 0.6324E-02 0.1103E-01 0.1155E-03 0.2341E-02 0.2190E-02 0.9043E-02 0.2178E-03 0.6005E-04 0.6127E-02 0.1790E-02 0.1982E-02 0.1376E-02 0.3190E-02 0.1227E-02 0.2651E-03 0.4977E-03 0.3954E-03 0.0000E+00
0.0000E+00 0.2835E-02 0.6251E-03 0.3906E-02 0.6877E-02 0.1073E-01 0.1909E-03 0.1983E-02 0.1763E-02 0.8746E-02 0.1388E-05 0.2383E-03 0.6366E-02 0.1870E-02 0.1657E-02 0.1307E-02 0.3086E-02 0.1180E-02 0.2197E-03 0.4232E-05 0.3621E-03 0.0000E+00
0.0000E+00 0.2706E-02 0.9222E-03 0.4023E-02 0.7986E-02 0.1071E-01 0.1271E-02 0.1917E-02 0.2644E-02 0.8236E-02 0.1597E-04 0.4802E-03 0.6085E-02 0.1973E-02 0.1345E-02 0.1368E-02 0.3050E-02 0.1396E-02 0.3824E-03 0.2001E-03 0.4706E-03 0.0000E+00
0.0000E+00 0.3308E-02 0.6113E-03 0.3387E-02 0.7322E-02 0.1073E-01 0.1840E-02 0.2088E-02 0.3261E-02 0.8046E-02 0.7556E-05 0.6817E-03 0.5639E-02 0.2071E-02 0.1279E-02 0.1386E-02 0.4604E-02 0.1492E-02 0.6682E-03 0.3526E-03 0.7179E-03 0.0000E+00
0.0000E+00 0.2998E-02 0.1994E-02 0.3268E-02 0.6912E-02 0.1000E-01 0.2411E-02 0.2295E-02 0.4711E-02 0.7692E-02 0.5420E-03 0.9549E-03 0.5142E-02 0.2072E-02 0.1252E-02 0.3659E-04 0.4548E-02 0.6353E-02 0.6723E-03 0.1263E-05 0.8572E-03 0.0000E+00
0.0000E+00 0.2453E-02 0.1686E-02 0.3272E-02 0.6444E-02 0.1010E-01 0.2973E-02 0.2456E-02 0.6024E-02 0.7722E-02 0.5971E-03 0.1218E-02 0.4688E-02 0.2245E-02 0.1324E-02 0.3986E-04 0.1232E-03 0.6289E-02 0.7244E-03 0.8851E-05 0.9150E-03 0.0000E+00
0.0000E+00 0.2384E-02 0.1333E-02 0.2767E-02 0.6316E-02 0.1076E-01 0.2846E-02 0.2350E-02 0.5355E-02 0.7451E-02 0.6085E-03 0.1414E-02 0.4414E-02 0.2160E-02 0.1285E-02 0.2579E-03 0.1190E-03 0.6096E-02 0.6346E-02 0.2096E-03 0.7896E-03 0.0000E+00
0.0000E+00 0.2329E-02 0.1156E-02 0.1697E-02 0.6163E-02 0.9910E-02 0.2691E-02 0.2202E-02 0.5106E-02 0.6924E-02 0.8394E-03 0.1345E-02 0.3807E-02 0.2126E-02 0.1067E-02 0.1267E-03 0.2180E-03 0.1113E-03 0.5801E-02 0.2556E-03 0.7628E-03 0.0000E+00
0.0000E+00 0.2319E-02 0.9940E-03 0.2472E-02 0.5570E-02 0.1553E-01 0.2648E-02 0.2167E-02 0.4620E-02 0.6871E-02 0.4396E-03 0.4761E-03 0.3391E-02 0.2142E-02 0.4978E-03 0.3300E-03 0.4790E-03 0.1110E-04 0.5510E-02 0.4205E-03 0.2301E-04 0.0000E+00
0.0000E+00 0.2079E-02 0.0000E+00 0.1889E-02 0.0000E+00 0.1490E-01 0.2528E-02 0.4585E-02 0.8757E-02 0.6661E-02 0.5438E-03 0.5148E-03 0.3019E-02 0.2410E-02 0.5950E-03 0.2968E-03 0.8302E-03 0.1287E-03 0.5038E-02 0.3444E-03 0.0000E+00 0.0000E+00
0.0000E+00 0.0000E+00 0.0000E+00 0.0000E+00 0.0000E+00 0.0000E+00 0.0000E+00 0.0000E+00 0.0000E+00 0.0000E+00 0.0000E+00 0.0000E+00 0.0000E+00 0.0000E+00 0.0000E+00 0.0000E+00 0.0000E+00 0.0000E+00 0.0000E+00 0.0000E+00 0.0000E+00 0.0000E+00
