p2_rainB_medsm_dschg.asc
ncols     22
nrows     62
xllcorner      0.00000000
yllcorner      0.00000000
cellsize      0.50000000
nodata_value -9999
0.0000E+00 0.0000E+00 0.0000E+00 0.0000E+00 0.0000E+00 0.0000E+00 0.0000E+00 0.0000E+00 0.0000E+00 0.0000E+00 0.0000E+00 0.0000E+00 0.0000E+00 0.0000E+00 0.0000E+00 0.0000E+00 0.0000E+00 0.0000E+00 0.0000E+00 0.0000E+00 0.0000E+00 0.0000E+00
0.0000E+00 0.1970E-02 0.2157E-02 0.1982E-02 0.1833E-02 0.3591E-02 0.6995E-02 0.4104E-02 0.1806E-02 0.1848E-02 0.1806E-02 0.1816E-02 0.1914E-02 0.1806E-02 0.3544E-02 0.1843E-02 0.1982E-02 0.1864E-02 0.1797E-02 0.1855E-02 0.1876E-02 0.0000E+00
0.0000E+00 0.3742E-02 0.4213E-02 0.3700E-02 0.2095E-02 0.7543E-02 0.1025E-01 0.1835E-02 0.1831E-02 0.5456E-02 0.3654E-02 0.3539E-02 0.3820E-02 0.1778E-02 0.6419E-02 0.4698E-02 0.3844E-02 0.3604E-02 0.3538E-02 0.4699E-02 0.4208E-02 0.0000E+00
0.0000E+00 0.5772E-02 0.6940E-02 0.6353E-02 0.3788E-02 0.1040E-01 0.1239E-01 0.2090E-02 0.1922E-02 0.9049E-02 0.5381E-02 0.1106E-01 0.8400E-02 0.4840E-02 0.1351E-01 0.7162E-02 0.5504E-02 0.5466E-02 0.5308E-02 0.1220E-01 0.1802E-01 0.0000E+00
0.0000E+00 0.7435E-02 0.1136E-01 0.3789E-01 0.1914E-01 0.1417E-01 0.1510E-01 0.7634E-02 0.1820E-02 0.1086E-01 0.2301E-02 0.1605E-01 0.1183E-01 0.1798E-02 0.2538E-01 0.8873E-02 0.7670E-02 0.1601E-01 0.1771E-02 0.2319E-02 0.1976E-01 0.0000E+00
0.0000E+00 0.1044E-01 0.1211E-01 0.5055E-01 0.3146E-02 0.1728E-02 0.3043E-01 0.1017E-01 0.1847E-02 0.1250E-01 0.1819E-02 0.1996E-01 0.3310E-01 0.4701E-02 0.2838E-01 0.1835E-02 0.1994E-02 0.1848E-01 0.3608E-02 0.4971E-02 0.2183E-01 0.0000E+00
0.0000E+00 0.2122E-02 0.1778E-02 0.5790E-01 0.4614E-02 0.1763E-02 0.3396E-01 0.1802E-02 0.5391E-02 0.1411E-01 0.1914E-02 0.2336E-02 0.3726E-01 0.7052E-02 0.2953E-01 0.3271E-01 0.3641E-01 0.5601E-01 0.6165E-01 0.7644E-02 0.2386E-01 0.0000E+00
0.0000E+00 0.4119E-02 0.3486E-02 0.6211E-01 0.2284E-02 0.1839E-02 0.3480E-01 0.1804E-02 0.7056E-02 0.1598E-01 0.3762E-02 0.1910E-02 0.3871E-01 0.1087E-01 0.1815E-02 0.1569E-02 0.3466E-02 0.5931E-02 0.7021E-01 0.7997E-01 0.1055E+00 0.0000E+00
0.0000E+00 0.5847E-02 0.6880E-01 0.6463E-01 0.1840E-02 0.3635E-02 0.3577E-01 0.3510E-02 0.8711E-02 0.2666E-01 0.5494E-02 0.4789E-02 0.5310E-01 0.1250E-01 0.1796E-02 0.1798E-02 0.2182E-02 0.3897E-02 0.5839E-02 0.2389E-02 0.1095E+00 0.0000E+00
0.0000E+00 0.7968E-02 0.6959E-01 0.1825E-02 0.1816E-02 0.5332E-02 0.4212E-01 0.4658E-01 0.4742E-01 0.7603E-01 0.8349E-01 0.7695E-02 0.6293E-01 0.7301E-02 0.3476E-02 0.4484E-02 0.6247E-02 0.8507E-02 0.7742E-02 0.2127E-02 0.1134E+00 0.0000E+00
0.0000E+00 0.9588E-02 0.7041E-01 0.3846E-02 0.3504E-02 0.1827E-02 0.1826E-02 0.1759E-02 0.1809E-02 0.3433E-02 0.8911E-01 0.9930E-01 0.6384E-01 0.1776E-02 0.1715E-02 0.1758E-02 0.3585E-02 0.1425E-01 0.1075E-01 0.1629E-02 0.1139E+00 0.0000E+00
0.0000E+00 0.1110E-01 0.8268E-01 0.8742E-01 0.5215E-02 0.3550E-02 0.3516E-02 0.3546E-02 0.1832E-02 0.2218E-02 0.4255E-02 0.1754E+00 0.7049E-01 0.4670E-02 0.3533E-02 0.1812E-02 0.3580E-02 0.3149E-01 0.1221E-01 0.1726E-02 0.1144E+00 0.0000E+00
0.0000E+00 0.1809E-02 0.1804E-02 0.8899E-01 0.9479E-01 0.9974E-01 0.5385E-02 0.5874E-02 0.3841E-02 0.1835E-02 0.1864E-02 0.1829E+00 0.3998E-02 0.2253E-02 0.5272E-02 0.1816E-02 0.1790E-02 0.3297E-01 0.1804E-02 0.3462E-02 0.1149E+00 0.0000E+00
0.0000E+00 0.3934E-02 0.3801E-02 0.2327E-02 0.1998E-02 0.1006E+00 0.1241E+00 0.1716E-01 0.9187E-02 0.4017E-02 0.1818E-02 0.1851E+00 0.1815E-02 0.1479E-02 0.6842E-02 0.3543E-02 0.7047E-02 0.3402E-01 0.3489E-02 0.5138E-02 0.1153E+00 0.0000E+00
0.0000E+00 0.6204E-02 0.5505E-02 0.9457E-02 0.3715E-02 0.1796E-02 0.1247E+00 0.1844E-02 0.1841E-02 0.1794E-02 0.1914E-02 0.1856E+00 0.3649E-02 0.3285E-02 0.8452E-02 0.1848E-02 0.1053E-01 0.4551E-01 0.5210E-02 0.6802E-02 0.1158E+00 0.0000E+00
0.0000E+00 0.7795E-02 0.1947E-02 0.1389E-01 0.5677E-02 0.3532E-02 0.1286E+00 0.3718E-02 0.3592E-02 0.3543E-02 0.3617E-02 0.1861E+00 0.5598E-02 0.5150E-02 0.1003E-01 0.1807E-02 0.1808E-02 0.4654E-01 0.6897E-02 0.8522E-02 0.1162E+00 0.0000E+00
0.0000E+00 0.9367E-02 0.1847E-02 0.1626E-01 0.8172E-02 0.1826E-02 0.1291E+00 0.1026E-01 0.5204E-02 0.5288E-02 0.1072E-01 0.1865E+00 0.7543E-02 0.1825E-01 0.1167E-01 0.3577E-02 0.3581E-02 0.4751E-01 0.8530E-02 0.1015E-01 0.1166E+00 0.0000E+00
0.0000E+00 0.1094E-01 0.1470E-01 0.3231E-01 0.4214E-01 0.3623E-02 0.1333E+00 0.1170E-01 0.1801E-02 0.1921E-02 0.1420E-01 0.1869E+00 0.9268E-02 0.2133E-01 0.1802E-02 0.5390E-02 0.5621E-02 0.4869E-01 0.5842E-01 0.1188E-01 0.1171E+00 0.0000E+00
0.0000E+00 0.1934E-02 0.1756E-02 0.1884E-02 0.4432E-01 0.1921E-02 0.1359E+00 0.1321E-01 0.3613E-02 0.1797E-02 0.1597E-01 0.2034E+00 0.3364E-01 0.2313E-01 0.1794E-02 0.8963E-02 0.7330E-02 0.1814E-02 0.5971E-01 0.7234E-01 0.1174E+00 0.0000E+00
0.0000E+00 0.3691E-02 0.3614E-02 0.7113E-02 0.4559E-01 0.1911E-02 0.1365E+00 0.1498E-01 0.5340E-02 0.3510E-02 0.1825E-02 0.2056E+00 0.3486E-01 0.1866E-02 0.1809E-02 0.1066E-01 0.1304E-01 0.3624E-02 0.1890E-02 0.7505E-01 0.1931E+00 0.0000E+00
0.0000E+00 0.5401E-02 0.1744E-02 0.8716E-02 0.4679E-01 0.3832E-02 0.1368E+00 0.1523E+00 0.1270E-01 0.5186E-02 0.1899E-02 0.2078E+00 0.3610E-01 0.3636E-02 0.3639E-02 0.1245E-01 0.1490E-01 0.1838E-02 0.1869E-02 0.1825E-02 0.1954E+00 0.0000E+00
0.0000E+00 0.7011E-02 0.3519E-02 0.1038E-01 0.4798E-01 0.5427E-02 0.1853E-02 0.1526E+00 0.1654E-01 0.1820E-02 0.1768E-02 0.2080E+00 0.3720E-01 0.4173E-01 0.4654E-01 0.1412E-01 0.1630E-01 0.7713E-02 0.3616E-02 0.1854E-02 0.1955E+00 0.0000E+00
0.0000E+00 0.8658E-02 0.5239E-02 0.1192E-01 0.4897E-01 0.7026E-02 0.3656E-02 0.1528E+00 0.1770E-01 0.1789E-02 0.3504E-02 0.2083E+00 0.1812E-02 0.1828E-02 0.4777E-01 0.1569E-01 0.1762E-01 0.9981E-02 0.1924E-02 0.3606E-02 0.1965E+00 0.0000E+00
0.0000E+00 0.1046E-01 0.1726E-01 0.1336E-01 0.6329E-01 0.7221E-01 0.5506E-02 0.1727E+00 0.1896E-01 0.3561E-02 0.5153E-02 0.2085E+00 0.3583E-02 0.3578E-02 0.4903E-01 0.1703E-01 0.1925E-01 0.3056E-01 0.3908E-02 0.5296E-02 0.1968E+00 0.0000E+00
0.0000E+00 0.2054E-02 0.1867E-01 0.1900E-02 0.1929E-02 0.7400E-01 0.8171E-01 0.1738E+00 0.1851E-02 0.5363E-02 0.6947E-02 0.2089E+00 0.2127E+00 0.5324E-02 0.4986E-01 0.1834E-01 0.1856E-02 0.3409E-01 0.5627E-02 0.7079E-02 0.1970E+00 0.0000E+00
0.0000E+00 0.3805E-02 0.2065E-01 0.3601E-02 0.3898E-02 0.1815E-02 0.8235E-01 0.1742E+00 0.4323E-02 0.7398E-02 0.8603E-02 0.1829E-02 0.2126E+00 0.2178E+00 0.5062E-01 0.6969E-01 0.1877E-02 0.3556E-01 0.7570E-02 0.8708E-02 0.1976E+00 0.0000E+00
0.0000E+00 0.5498E-02 0.2880E-01 0.5896E-02 0.1017E-01 0.4273E-02 0.8322E-01 0.1744E+00 0.6063E-02 0.9874E-02 0.1020E-01 0.4312E-02 0.2199E-02 0.2179E+00 0.1831E-02 0.7057E-01 0.4043E-02 0.3772E-01 0.9839E-02 0.1095E-01 0.1992E+00 0.0000E+00
0.0000E+00 0.2182E-02 0.3259E-01 0.4008E-01 0.1172E-01 0.1741E-02 0.8421E-01 0.1756E+00 0.7643E-02 0.1214E-01 0.1179E-01 0.6078E-02 0.3960E-02 0.2183E+00 0.3505E-02 0.7199E-01 0.6149E-02 0.3887E-01 0.1141E-01 0.1301E-01 0.2130E+00 0.0000E+00
0.0000E+00 0.1781E-02 0.1875E-02 0.4132E-01 0.1310E-01 0.3746E-02 0.8514E-01 0.1759E+00 0.9328E-02 0.1375E-01 0.1333E-01 0.8221E-02 0.5625E-02 0.2187E+00 0.5362E-02 0.7808E-01 0.8091E-02 0.4000E-01 0.1302E-01 0.1713E-02 0.2132E+00 0.0000E+00
0.0000E+00 0.3527E-02 0.3683E-02 0.6227E-01 0.1480E-01 0.6234E-02 0.8614E-01 0.1760E+00 0.1073E-01 0.1598E-01 0.1510E-01 0.9835E-02 0.7403E-02 0.2187E+00 0.1728E-02 0.7888E-01 0.9611E-02 0.4090E-01 0.1436E-01 0.3921E-02 0.2133E+00 0.0000E+00
0.0000E+00 0.5346E-02 0.6953E-02 0.6401E-01 0.1660E-02 0.9198E-02 0.8674E-01 0.1762E+00 0.1228E-01 0.2959E-01 0.1748E-01 0.1164E-01 0.9309E-02 0.2188E+00 0.3501E-02 0.7949E-01 0.1120E-01 0.4201E-01 0.1583E-01 0.5550E-02 0.2139E+00 0.0000E+00
0.0000E+00 0.1893E-02 0.8595E-02 0.6605E-01 0.3404E-02 0.1139E-01 0.8739E-01 0.1763E+00 0.1748E-02 0.3105E-01 0.4991E-01 0.1309E-01 0.2384E-01 0.2248E+00 0.5244E-02 0.8022E-01 0.1287E-01 0.5565E-01 0.1747E-01 0.7052E-02 0.2155E+00 0.0000E+00
0.0000E+00 0.3743E-02 0.1010E-01 0.6746E-01 0.4985E-02 0.1311E-01 0.8791E-01 0.1764E+00 0.3508E-02 0.1823E-02 0.5104E-01 0.1829E-02 0.2527E-01 0.2272E+00 0.1862E-02 0.8080E-01 0.8166E-01 0.5654E-01 0.1911E-01 0.8811E-02 0.2157E+00 0.0000E+00
0.0000E+00 0.5496E-02 0.1168E-01 0.6871E-01 0.7857E-02 0.1523E-01 0.8848E-01 0.1772E+00 0.5270E-02 0.3940E-02 0.5213E-01 0.3540E-02 0.2730E-01 0.2298E+00 0.1820E-02 0.1850E-02 0.8262E-01 0.5785E-01 0.2042E-01 0.1045E-01 0.2162E+00 0.0000E+00
0.0000E+00 0.7529E-02 0.1342E-01 0.7369E-01 0.9990E-02 0.1721E-01 0.8916E-01 0.1775E+00 0.7256E-02 0.6473E-02 0.5331E-01 0.5509E-02 0.2876E-01 0.2300E+00 0.1789E-02 0.3912E-02 0.8377E-01 0.5982E-01 0.8099E-01 0.1300E-01 0.2172E+00 0.0000E+00
0.0000E+00 0.2513E-01 0.1491E-01 0.7478E-01 0.1154E-01 0.2016E-01 0.1129E+00 0.1781E+00 0.8969E-02 0.8583E-02 0.5457E-01 0.7727E-02 0.3005E-01 0.2299E+00 0.4467E-02 0.6940E-02 0.8432E-01 0.2415E-02 0.8457E-01 0.2361E+00 0.2186E+00 0.0000E+00
0.0000E+00 0.2703E-01 0.1795E-02 0.7587E-01 0.1322E-01 0.1904E-02 0.1154E+00 0.1887E+00 0.1054E-01 0.9878E-02 0.5801E-01 0.9754E-02 0.2644E+00 0.2306E+00 0.7510E-02 0.9472E-02 0.8511E-01 0.4845E-02 0.9230E-01 0.2374E+00 0.1911E-02 0.0000E+00
0.0000E+00 0.2856E-01 0.3514E-02 0.7673E-01 0.1473E-01 0.2016E-02 0.1157E+00 0.1904E+00 0.1629E-02 0.1136E-01 0.7082E-01 0.8499E-01 0.2646E+00 0.2209E-02 0.1015E-01 0.1151E-01 0.8777E-01 0.2511E-02 0.9389E-01 0.2391E+00 0.3916E-02 0.0000E+00
0.0000E+00 0.0000E+00 0.7771E-02 0.7728E-01 0.1683E-01 0.4502E-02 0.1179E+00 0.1905E+00 0.1810E-02 0.1818E-02 0.1759E-02 0.9128E-01 0.2778E+00 0.7547E-02 0.1164E-01 0.1315E-01 0.8920E-01 0.5607E-02 0.9593E-01 0.2404E+00 0.5639E-02 0.0000E+00
0.0000E+00 0.1856E-02 0.1367E-01 0.8145E-01 0.1823E-01 0.6223E-02 0.1184E+00 0.1936E+00 0.3559E-02 0.3571E-02 0.1854E-02 0.9187E-01 0.2772E+00 0.1945E-02 0.1327E-01 0.1430E-01 0.9209E-01 0.8028E-02 0.9701E-01 0.2404E+00 0.7200E-02 0.0000E+00
0.0000E+00 0.1814E-02 0.1487E-01 0.9927E-01 0.1972E-01 0.8830E-02 0.1213E+00 0.1980E+00 0.6754E-02 0.6877E-02 0.4790E-02 0.9379E-01 0.2784E+00 0.4311E-02 0.1506E-01 0.1583E-01 0.9339E-01 0.1015E-01 0.9793E-01 0.2403E+00 0.8984E-02 0.0000E+00
0.0000E+00 0.3382E-02 0.1830E-02 0.1001E+00 0.2118E-01 0.1365E-01 0.1218E+00 0.2006E+00 0.1196E-01 0.8482E-02 0.6758E-02 0.9600E-01 0.2872E+00 0.6108E-02 0.1670E-01 0.1728E-01 0.9397E-01 0.1173E-01 0.1001E+00 0.2404E+00 0.1101E-01 0.0000E+00
0.0000E+00 0.5128E-02 0.4266E-02 0.1009E+00 0.2508E-01 0.1703E-01 0.1222E+00 0.2005E+00 0.1550E-01 0.1230E-01 0.8217E-02 0.9654E-01 0.2898E+00 0.1866E-02 0.1853E-01 0.1905E-01 0.9558E-01 0.1376E-01 0.1016E+00 0.2529E+00 0.1259E-01 0.0000E+00
0.0000E+00 0.6712E-02 0.8033E-02 0.1033E+00 0.2933E-01 0.2010E-01 0.1221E+00 0.2016E+00 0.1839E-01 0.1475E-01 0.1382E-01 0.9734E-01 0.2918E+00 0.3654E-02 0.2053E-01 0.2174E-01 0.9870E-01 0.1515E-01 0.1024E+00 0.2556E+00 0.1896E-02 0.0000E+00
0.0000E+00 0.8986E-02 0.1167E-01 0.1040E+00 0.3043E-01 0.2516E-01 0.1241E+00 0.2016E+00 0.1963E-01 0.1956E-01 0.1832E-01 0.9833E-01 0.2920E+00 0.5376E-02 0.2313E-01 0.2329E-01 0.1016E+00 0.1792E-01 0.1030E+00 0.2582E+00 0.2049E-02 0.0000E+00
0.0000E+00 0.1283E-01 0.1288E-01 0.1046E+00 0.3481E-01 0.2962E-01 0.1286E+00 0.2031E+00 0.2091E-01 0.2488E-01 0.2364E-01 0.9919E-01 0.2917E+00 0.7788E-02 0.2447E-01 0.2572E-01 0.1050E+00 0.1930E-01 0.1047E+00 0.2588E+00 0.1901E-02 0.0000E+00
0.0000E+00 0.2997E-01 0.1507E-01 0.1073E+00 0.3716E-01 0.3162E-01 0.1336E+00 0.2057E+00 0.2415E-01 0.2754E-01 0.2611E-01 0.1010E+00 0.2915E+00 0.9728E-02 0.2574E-01 0.2697E-01 0.1059E+00 0.2088E-01 0.1064E+00 0.2590E+00 0.3676E-02 0.0000E+00
0.0000E+00 0.3124E-01 0.1835E-02 0.1082E+00 0.3802E-01 0.3272E-01 0.1384E+00 0.2057E+00 0.2570E-01 0.3206E-01 0.2713E-01 0.1015E+00 0.2915E+00 0.1130E-01 0.2703E-01 0.2825E-01 0.1064E+00 0.2230E-01 0.1069E+00 0.2584E+00 0.5276E-02 0.0000E+00
0.0000E+00 0.3661E-01 0.3942E-02 0.1094E+00 0.4331E-01 0.1748E+00 0.1408E+00 0.2055E+00 0.2689E-01 0.6238E-01 0.2883E-01 0.1020E+00 0.2910E+00 0.1277E-01 0.2837E-01 0.3028E-01 0.1075E+00 0.2326E-01 0.1073E+00 0.2582E+00 0.7008E-02 0.0000E+00
0.0000E+00 0.3811E-01 0.1790E-02 0.1099E+00 0.4475E-01 0.1755E+00 0.1827E-02 0.2054E+00 0.2807E-01 0.6366E-01 0.1733E-02 0.1026E+00 0.2911E+00 0.1468E-01 0.2963E-01 0.3153E-01 0.1078E+00 0.2461E-01 0.1078E+00 0.2579E+00 0.8478E-02 0.0000E+00
0.0000E+00 0.3941E-01 0.4481E-02 0.1115E+00 0.4881E-01 0.1765E+00 0.3493E-02 0.2057E+00 0.2959E-01 0.6462E-01 0.3571E-02 0.1032E+00 0.3936E+00 0.1664E-01 0.3106E-01 0.3290E-01 0.1088E+00 0.2607E-01 0.1080E+00 0.2577E+00 0.1016E-01 0.0000E+00
0.0000E+00 0.4065E-01 0.6170E-02 0.1132E+00 0.5265E-01 0.1769E+00 0.5232E-02 0.2055E+00 0.3067E-01 0.6574E-01 0.5166E-02 0.1839E-02 0.3940E+00 0.1924E-01 0.3325E-01 0.3406E-01 0.1090E+00 0.2795E-01 0.1086E+00 0.2576E+00 0.1239E-01 0.0000E+00
0.0000E+00 0.4335E-01 0.8653E-02 0.1167E+00 0.5605E-01 0.1776E+00 0.6866E-02 0.2057E+00 0.3205E-01 0.6694E-01 0.6860E-02 0.3994E-02 0.3953E+00 0.2094E-01 0.3452E-01 0.3526E-01 0.1093E+00 0.2928E-01 0.1095E+00 0.2573E+00 0.1415E-01 0.0000E+00
0.0000E+00 0.4511E-01 0.1088E-01 0.1188E+00 0.6015E-01 0.1789E+00 0.1071E-01 0.2062E+00 0.3569E-01 0.6801E-01 0.8560E-02 0.5712E-02 0.3951E+00 0.2250E-01 0.3580E-01 0.3656E-01 0.1098E+00 0.3133E-01 0.1101E+00 0.2575E+00 0.1605E-01 0.0000E+00
0.0000E+00 0.4858E-01 0.1235E-01 0.1192E+00 0.6084E-01 0.1805E+00 0.1416E-01 0.2076E+00 0.3866E-01 0.6921E-01 0.1049E-01 0.7364E-02 0.3946E+00 0.2395E-01 0.3696E-01 0.3760E-01 0.1484E+00 0.3355E-01 0.1113E+00 0.2573E+00 0.1827E-01 0.0000E+00
0.0000E+00 0.4975E-01 0.1693E-01 0.1196E+00 0.6161E-01 0.1806E+00 0.1725E-01 0.2085E+00 0.4325E-01 0.7039E-01 0.1325E-01 0.9353E-02 0.3944E+00 0.2535E-01 0.3880E-01 0.1830E-02 0.1490E+00 0.1843E+00 0.1119E+00 0.2571E+00 0.1995E-01 0.0000E+00
0.0000E+00 0.5096E-01 0.1815E-01 0.1203E+00 0.6241E-01 0.1825E+00 0.2019E-01 0.2099E+00 0.4790E-01 0.7202E-01 0.1510E-01 0.1147E-01 0.3940E+00 0.2721E-01 0.4025E-01 0.3710E-02 0.1894E-02 0.1865E+00 0.1123E+00 0.2564E+00 0.2134E-01 0.0000E+00
0.0000E+00 0.5223E-01 0.1956E-01 0.1208E+00 0.6373E-01 0.1852E+00 0.2142E-01 0.2096E+00 0.4883E-01 0.7344E-01 0.1661E-01 0.1331E-01 0.3937E+00 0.2857E-01 0.4135E-01 0.5608E-02 0.1893E-02 0.1866E+00 0.2988E+00 0.2561E+00 0.2272E-01 0.0000E+00
0.0000E+00 0.5352E-01 0.2076E-01 0.1212E+00 0.6499E-01 0.1856E+00 0.2268E-01 0.2093E+00 0.4952E-01 0.7484E-01 0.1844E-01 0.1485E-01 0.3932E+00 0.2992E-01 0.4246E-01 0.7265E-02 0.3705E-02 0.1854E-02 0.2989E+00 0.2558E+00 0.2449E-01 0.0000E+00
0.0000E+00 0.5465E-01 0.2175E-01 0.1434E+00 0.6569E-01 0.2525E+00 0.2398E-01 0.2089E+00 0.5008E-01 0.7689E-01 0.1996E-01 0.1631E-01 0.3927E+00 0.3120E-01 0.4352E-01 0.9014E-02 0.5444E-02 0.3634E-02 0.2991E+00 0.2810E+00 0.2572E-01 0.0000E+00
0.0000E+00 0.5728E-01 0.1784E-02 0.1437E+00 0.1781E-02 0.2550E+00 0.2518E-01 0.2338E+00 0.2837E+00 0.7755E-01 0.2151E-01 0.1777E-01 0.3921E+00 0.7691E-01 0.4489E-01 0.1027E-01 0.1731E-01 0.5307E-02 0.2991E+00 0.2824E+00 0.1785E-02 0.0000E+00
0.0000E+00 0.0000E+00 0.0000E+00 0.0000E+00 0.0000E+00 0.0000E+00 0.0000E+00 0.0000E+00 0.0000E+00 0.0000E+00 0.0000E+00 0.0000E+00 0.0000E+00 0.0000E+00 0.0000E+00 0.0000E+00 0.0000E+00 0.0000E+00 0.0000E+00 0.0000E+00 0.0000E+00 0.0000E+00
