p2_rainD_medsm_dschg.asc
ncols     22
nrows     62
xllcorner      0.00000000
yllcorner      0.00000000
cellsize      0.50000000
nodata_value -9999
0.0000E+00 0.0000E+00 0.0000E+00 0.0000E+00 0.0000E+00 0.0000E+00 0.0000E+00 0.0000E+00 0.0000E+00 0.0000E+00 0.0000E+00 0.0000E+00 0.0000E+00 0.0000E+00 0.0000E+00 0.0000E+00 0.0000E+00 0.0000E+00 0.0000E+00 0.0000E+00 0.0000E+00 0.0000E+00
0.0000E+00 0.3667E-03 0.4292E-03 0.3694E-03 0.3142E-03 0.6056E-03 0.1485E-02 0.7751E-03 0.3028E-03 0.3196E-03 0.3025E-03 0.3077E-03 0.3482E-03 0.3097E-03 0.5928E-03 0.3206E-03 0.3702E-03 0.3261E-03 0.2949E-03 0.3224E-03 0.3311E-03 0.0000E+00
0.0000E+00 0.6645E-03 0.8230E-03 0.6385E-03 0.4116E-03 0.1833E-02 0.1909E-02 0.3152E-03 0.3141E-03 0.9335E-03 0.6282E-03 0.5783E-03 0.6911E-03 0.2860E-03 0.1304E-02 0.1009E-02 0.6858E-03 0.6122E-03 0.5801E-03 0.1014E-02 0.8221E-03 0.0000E+00
0.0000E+00 0.1043E-02 0.1464E-02 0.1258E-02 0.6712E-03 0.2419E-02 0.2302E-02 0.4090E-03 0.3480E-03 0.1522E-02 0.9044E-03 0.1890E-02 0.2273E-02 0.1080E-02 0.2770E-02 0.1514E-02 0.9320E-03 0.9408E-03 0.8745E-03 0.2282E-02 0.3272E-02 0.0000E+00
0.0000E+00 0.1285E-02 0.2949E-02 0.7639E-02 0.3884E-02 0.3528E-02 0.2916E-02 0.1806E-02 0.3152E-03 0.1814E-02 0.4808E-03 0.2972E-02 0.3158E-02 0.3045E-03 0.5199E-02 0.1743E-02 0.1349E-02 0.2990E-02 0.2881E-03 0.4863E-03 0.3512E-02 0.0000E+00
0.0000E+00 0.2024E-02 0.2190E-02 0.9463E-02 0.7933E-03 0.2757E-03 0.6312E-02 0.2215E-02 0.3203E-03 0.2048E-02 0.3123E-03 0.3633E-02 0.6473E-02 0.1019E-02 0.5870E-02 0.3122E-03 0.3740E-03 0.3497E-02 0.6092E-03 0.1092E-02 0.3866E-02 0.0000E+00
0.0000E+00 0.4138E-03 0.2991E-03 0.1098E-01 0.9241E-03 0.2846E-03 0.6580E-02 0.3008E-03 0.9041E-03 0.2262E-02 0.3470E-03 0.4903E-03 0.7112E-02 0.1468E-02 0.5689E-02 0.6026E-02 0.6561E-02 0.9969E-02 0.1087E-01 0.1698E-02 0.4204E-02 0.0000E+00
0.0000E+00 0.7869E-03 0.5704E-03 0.1153E-01 0.4688E-03 0.3226E-03 0.6347E-02 0.3030E-03 0.1161E-02 0.2573E-02 0.6663E-03 0.3434E-03 0.7177E-02 0.2106E-02 0.3108E-03 0.1783E-03 0.5222E-03 0.1064E-02 0.1246E-01 0.1436E-01 0.1853E-01 0.0000E+00
0.0000E+00 0.1057E-02 0.1172E-01 0.1148E-01 0.3123E-03 0.6286E-03 0.6221E-02 0.5734E-03 0.1408E-02 0.4304E-02 0.9438E-03 0.1050E-02 0.9718E-02 0.2321E-02 0.3012E-03 0.3074E-03 0.4379E-03 0.7151E-03 0.1050E-02 0.4925E-03 0.1895E-01 0.0000E+00
0.0000E+00 0.1445E-02 0.1145E-01 0.3122E-03 0.3078E-03 0.8975E-03 0.7030E-02 0.7482E-02 0.7320E-02 0.1187E-01 0.1307E-01 0.1757E-02 0.1187E-01 0.1712E-02 0.5627E-03 0.9001E-03 0.1166E-02 0.1624E-02 0.1366E-02 0.4073E-03 0.1938E-01 0.0000E+00
0.0000E+00 0.1624E-02 0.1120E-01 0.6966E-03 0.5604E-03 0.3080E-03 0.3138E-03 0.2889E-03 0.3078E-03 0.5340E-03 0.1393E-01 0.1612E-01 0.1158E-01 0.2864E-03 0.2583E-03 0.2775E-03 0.5949E-03 0.2620E-02 0.1702E-02 0.2132E-03 0.1880E-01 0.0000E+00
0.0000E+00 0.1789E-02 0.1285E-01 0.1328E-01 0.8335E-03 0.5762E-03 0.5641E-03 0.5907E-03 0.3142E-03 0.4499E-03 0.8336E-03 0.2951E-01 0.1279E-01 0.1002E-02 0.5751E-03 0.3044E-03 0.6025E-03 0.5141E-02 0.1852E-02 0.2649E-03 0.1830E-01 0.0000E+00
0.0000E+00 0.2999E-03 0.3020E-03 0.1329E-01 0.1374E-01 0.1425E-01 0.8992E-03 0.1076E-02 0.6950E-03 0.3153E-03 0.3290E-03 0.3043E-01 0.7283E-03 0.4575E-03 0.8647E-03 0.3087E-03 0.2926E-03 0.5247E-02 0.3062E-03 0.5511E-03 0.1778E-01 0.0000E+00
0.0000E+00 0.7185E-03 0.6769E-03 0.4918E-03 0.3776E-03 0.1396E-01 0.1758E-01 0.2988E-02 0.1542E-02 0.7500E-03 0.3117E-03 0.3012E-01 0.3089E-03 0.1292E-03 0.1075E-02 0.5922E-03 0.1160E-02 0.5200E-02 0.5661E-03 0.8142E-03 0.1726E-01 0.0000E+00
0.0000E+00 0.1170E-02 0.9501E-03 0.1678E-02 0.6495E-03 0.3045E-03 0.1716E-01 0.3187E-03 0.3199E-03 0.2940E-03 0.3463E-03 0.2961E-01 0.6280E-03 0.4419E-03 0.1297E-02 0.3226E-03 0.1709E-02 0.6818E-02 0.8486E-03 0.1072E-02 0.1677E-01 0.0000E+00
0.0000E+00 0.1391E-02 0.3593E-03 0.2547E-02 0.1000E-02 0.5902E-03 0.1723E-01 0.6532E-03 0.6047E-03 0.5850E-03 0.6076E-03 0.2908E-01 0.9833E-03 0.7666E-03 0.1512E-02 0.3019E-03 0.3063E-03 0.6756E-02 0.1115E-02 0.1341E-02 0.1619E-01 0.0000E+00
0.0000E+00 0.1606E-02 0.3129E-03 0.3008E-02 0.1548E-02 0.3143E-03 0.1678E-01 0.1575E-02 0.8363E-03 0.8758E-03 0.1773E-02 0.2851E-01 0.1324E-02 0.2660E-02 0.1751E-02 0.5977E-03 0.6052E-03 0.6668E-02 0.1357E-02 0.1579E-02 0.1564E-01 0.0000E+00
0.0000E+00 0.1815E-02 0.2421E-02 0.5499E-02 0.7218E-02 0.6126E-03 0.1697E-01 0.1728E-02 0.3018E-03 0.3490E-03 0.2312E-02 0.2795E-01 0.1585E-02 0.3029E-02 0.3054E-03 0.9093E-03 0.9945E-03 0.6666E-02 0.8003E-02 0.1847E-02 0.1515E-01 0.0000E+00
0.0000E+00 0.3507E-03 0.2798E-03 0.3352E-03 0.7594E-02 0.3478E-03 0.1693E-01 0.1925E-02 0.6135E-03 0.3010E-03 0.2565E-02 0.2998E-01 0.4915E-02 0.3279E-02 0.2972E-03 0.1496E-02 0.1268E-02 0.3103E-03 0.8027E-02 0.9637E-02 0.1459E-01 0.0000E+00
0.0000E+00 0.6440E-03 0.6084E-03 0.1175E-02 0.7611E-02 0.3451E-03 0.1653E-01 0.2189E-02 0.8965E-03 0.5769E-03 0.3124E-03 0.2966E-01 0.4945E-02 0.3273E-03 0.3005E-03 0.1758E-02 0.2247E-02 0.6212E-03 0.3389E-03 0.9789E-02 0.2393E-01 0.0000E+00
0.0000E+00 0.9179E-03 0.2725E-03 0.1402E-02 0.7610E-02 0.6945E-03 0.1587E-01 0.1753E-01 0.2150E-02 0.8372E-03 0.3380E-03 0.2935E-01 0.4984E-02 0.6224E-03 0.6206E-03 0.2045E-02 0.2533E-02 0.3122E-03 0.3329E-03 0.3144E-03 0.2374E-01 0.0000E+00
0.0000E+00 0.1147E-02 0.5724E-03 0.1647E-02 0.7604E-02 0.8948E-03 0.3248E-03 0.1690E-01 0.2800E-02 0.3113E-03 0.2813E-03 0.2868E-01 0.4970E-02 0.5484E-02 0.6110E-02 0.2284E-02 0.2662E-02 0.1383E-02 0.6177E-03 0.3214E-03 0.2301E-01 0.0000E+00
0.0000E+00 0.1391E-02 0.8524E-03 0.1848E-02 0.7527E-02 0.1127E-02 0.6311E-03 0.1630E-01 0.2798E-02 0.2946E-03 0.5663E-03 0.2798E-01 0.3084E-03 0.3157E-03 0.6136E-02 0.2484E-02 0.2762E-02 0.1842E-02 0.3445E-03 0.6086E-03 0.2267E-01 0.0000E+00
0.0000E+00 0.1683E-02 0.2717E-02 0.1993E-02 0.9427E-02 0.1079E-01 0.9482E-03 0.1878E-01 0.2860E-02 0.5932E-03 0.8180E-03 0.2731E-01 0.6028E-03 0.6042E-03 0.6159E-02 0.2542E-02 0.2971E-02 0.4904E-02 0.7125E-03 0.8753E-03 0.2208E-01 0.0000E+00
0.0000E+00 0.3931E-03 0.2852E-02 0.3385E-03 0.3529E-03 0.1096E-01 0.1216E-01 0.1852E-01 0.3220E-03 0.9029E-03 0.1121E-02 0.2669E-01 0.2657E-01 0.8801E-03 0.5981E-02 0.2614E-02 0.3252E-03 0.5441E-02 0.9897E-03 0.1169E-02 0.2137E-01 0.0000E+00
0.0000E+00 0.6817E-03 0.3193E-02 0.5997E-03 0.7203E-03 0.3031E-03 0.1180E-01 0.1796E-01 0.8661E-03 0.1283E-02 0.1376E-02 0.3145E-03 0.2558E-01 0.2544E-01 0.5792E-02 0.8202E-02 0.3348E-03 0.5570E-02 0.1330E-02 0.1410E-02 0.2088E-01 0.0000E+00
0.0000E+00 0.9488E-03 0.4681E-02 0.1070E-02 0.1897E-02 0.8379E-03 0.1157E-01 0.1731E-01 0.1140E-02 0.1823E-02 0.1587E-02 0.8588E-03 0.4456E-03 0.2458E-01 0.3139E-03 0.8071E-02 0.7616E-03 0.5949E-02 0.1780E-02 0.1850E-02 0.2080E-01 0.0000E+00
0.0000E+00 0.4158E-03 0.5188E-02 0.6387E-02 0.2099E-02 0.2671E-03 0.1140E-01 0.1710E-01 0.1356E-02 0.2270E-02 0.1802E-02 0.1138E-02 0.7345E-03 0.2389E-01 0.5594E-03 0.8138E-02 0.1162E-02 0.5929E-02 0.1959E-02 0.2206E-02 0.2248E-01 0.0000E+00
0.0000E+00 0.2861E-03 0.3283E-03 0.6393E-02 0.2234E-02 0.6497E-03 0.1120E-01 0.1648E-01 0.1606E-02 0.2481E-02 0.2001E-02 0.1546E-02 0.9798E-03 0.2316E-01 0.8869E-03 0.8727E-02 0.1486E-02 0.5875E-02 0.2163E-02 0.2596E-03 0.2165E-01 0.0000E+00
0.0000E+00 0.5690E-03 0.6386E-03 0.1001E-01 0.2478E-02 0.1198E-02 0.1103E-01 0.1583E-01 0.1745E-02 0.2916E-02 0.2282E-02 0.1777E-02 0.1272E-02 0.2224E-01 0.2624E-03 0.8496E-02 0.1674E-02 0.5755E-02 0.2272E-02 0.7082E-03 0.2084E-01 0.0000E+00
0.0000E+00 0.8843E-03 0.1116E-02 0.1017E-01 0.2268E-03 0.1938E-02 0.1069E-01 0.1518E-01 0.1944E-02 0.4953E-02 0.2780E-02 0.2062E-02 0.1600E-02 0.2140E-01 0.5617E-03 0.8211E-02 0.1890E-02 0.5712E-02 0.2439E-02 0.9502E-03 0.2026E-01 0.0000E+00
0.0000E+00 0.3387E-03 0.1365E-02 0.1048E-01 0.5110E-03 0.2326E-02 0.1037E-01 0.1456E-01 0.2749E-03 0.5076E-02 0.7909E-02 0.2214E-02 0.3947E-02 0.2167E-01 0.8499E-03 0.7972E-02 0.2127E-02 0.7664E-02 0.2641E-02 0.1131E-02 0.2010E-01 0.0000E+00
0.0000E+00 0.6611E-03 0.1545E-02 0.1052E-01 0.7300E-03 0.2557E-02 0.9985E-02 0.1389E-01 0.5627E-03 0.3099E-03 0.7885E-02 0.3135E-03 0.4078E-02 0.2130E-01 0.3284E-03 0.7635E-02 0.7413E-02 0.7548E-02 0.2846E-02 0.1406E-02 0.1929E-01 0.0000E+00
0.0000E+00 0.9527E-03 0.1755E-02 0.1051E-01 0.1446E-02 0.2942E-02 0.9632E-02 0.1357E-01 0.8548E-03 0.7264E-03 0.7847E-02 0.5883E-03 0.4404E-02 0.2100E-01 0.3053E-03 0.3179E-03 0.7243E-02 0.7544E-02 0.2935E-02 0.1639E-02 0.1865E-01 0.0000E+00
0.0000E+00 0.1332E-02 0.2010E-02 0.1239E-01 0.1822E-02 0.3278E-02 0.9339E-02 0.1303E-01 0.1218E-02 0.1290E-02 0.7842E-02 0.9551E-03 0.4523E-02 0.2012E-01 0.2899E-03 0.7178E-03 0.7126E-02 0.7804E-02 0.1052E-01 0.2216E-02 0.1822E-01 0.0000E+00
0.0000E+00 0.4136E-02 0.2185E-02 0.1197E-01 0.2022E-02 0.4017E-02 0.1443E-01 0.1261E-01 0.1493E-02 0.1672E-02 0.7863E-02 0.1403E-02 0.4594E-02 0.1911E-01 0.9207E-03 0.1481E-02 0.6789E-02 0.5260E-03 0.1159E-01 0.2165E-01 0.1793E-01 0.0000E+00
0.0000E+00 0.4403E-02 0.2898E-03 0.1177E-01 0.2264E-02 0.3377E-03 0.1414E-01 0.1372E-01 0.1703E-02 0.1755E-02 0.8855E-02 0.1773E-02 0.2417E-01 0.1849E-01 0.1693E-02 0.2016E-02 0.6557E-02 0.1034E-02 0.1320E-01 0.2115E-01 0.3441E-03 0.0000E+00
0.0000E+00 0.4569E-02 0.5494E-03 0.1158E-01 0.2451E-02 0.3755E-03 0.1362E-01 0.1331E-01 0.2112E-03 0.1925E-02 0.1067E-01 0.1395E-01 0.2307E-01 0.4480E-03 0.2264E-02 0.2339E-02 0.7141E-02 0.5567E-03 0.1308E-01 0.2093E-01 0.7107E-03 0.0000E+00
0.0000E+00 0.0000E+00 0.1951E-02 0.1126E-01 0.2825E-02 0.9176E-03 0.1392E-01 0.1271E-01 0.3035E-03 0.3100E-03 0.2891E-03 0.1580E-01 0.2799E-01 0.2532E-02 0.2378E-02 0.2554E-02 0.7106E-02 0.1366E-02 0.1330E-01 0.2049E-01 0.9865E-03 0.0000E+00
0.0000E+00 0.3254E-03 0.3526E-02 0.1265E-01 0.2959E-02 0.1187E-02 0.1348E-01 0.1354E-01 0.5905E-03 0.5949E-03 0.3185E-03 0.1499E-01 0.2612E-01 0.3567E-03 0.2593E-02 0.2578E-02 0.7803E-02 0.1830E-02 0.1308E-01 0.1945E-01 0.1196E-02 0.0000E+00
0.0000E+00 0.3050E-03 0.3207E-02 0.1649E-01 0.3125E-02 0.1784E-02 0.1413E-01 0.1509E-01 0.1443E-02 0.1496E-02 0.1051E-02 0.1508E-01 0.2555E-01 0.8593E-03 0.2863E-02 0.2759E-02 0.7652E-02 0.2200E-02 0.1286E-01 0.1845E-01 0.1481E-02 0.0000E+00
0.0000E+00 0.5136E-03 0.3142E-03 0.1596E-01 0.3281E-02 0.3517E-02 0.1361E-01 0.1554E-01 0.3427E-02 0.1654E-02 0.1366E-02 0.1535E-01 0.2709E-01 0.1159E-02 0.3086E-02 0.2918E-02 0.7302E-02 0.2394E-02 0.1316E-01 0.1750E-01 0.1832E-02 0.0000E+00
0.0000E+00 0.8038E-03 0.8478E-03 0.1563E-01 0.4510E-02 0.4359E-02 0.1314E-01 0.1436E-01 0.4333E-02 0.2819E-02 0.1542E-02 0.1490E-01 0.2735E-01 0.3291E-03 0.3371E-02 0.3181E-02 0.7417E-02 0.2753E-02 0.1317E-01 0.1860E-01 0.2044E-02 0.0000E+00
0.0000E+00 0.1020E-02 0.1986E-02 0.1607E-01 0.5927E-02 0.5043E-02 0.1242E-01 0.1410E-01 0.4890E-02 0.3260E-02 0.3815E-02 0.1462E-01 0.2723E-01 0.6337E-03 0.3710E-02 0.3817E-02 0.8276E-02 0.2883E-02 0.1288E-01 0.1837E-01 0.3385E-03 0.0000E+00
0.0000E+00 0.1489E-02 0.3014E-02 0.1567E-01 0.5550E-02 0.6943E-02 0.1269E-01 0.1342E-01 0.4579E-02 0.4995E-02 0.5317E-02 0.1442E-01 0.2605E-01 0.9091E-03 0.4295E-02 0.3941E-02 0.8974E-02 0.3545E-02 0.1252E-01 0.1808E-01 0.3923E-03 0.0000E+00
0.0000E+00 0.2679E-02 0.2830E-02 0.1531E-01 0.7056E-02 0.8451E-02 0.1429E-01 0.1338E-01 0.4564E-02 0.7075E-02 0.7393E-02 0.1417E-01 0.2481E-01 0.1432E-02 0.4363E-02 0.4450E-02 0.9960E-02 0.3626E-02 0.1263E-01 0.1743E-01 0.3414E-03 0.0000E+00
0.0000E+00 0.6155E-02 0.3226E-02 0.1590E-01 0.7344E-02 0.8402E-02 0.1613E-01 0.1394E-01 0.5417E-02 0.7421E-02 0.7569E-02 0.1429E-01 0.2370E-01 0.1766E-02 0.4439E-02 0.4487E-02 0.9488E-02 0.3822E-02 0.1271E-01 0.1658E-01 0.6371E-03 0.0000E+00
0.0000E+00 0.6161E-02 0.3156E-03 0.1560E-01 0.6945E-02 0.7843E-02 0.1789E-01 0.1311E-01 0.5495E-02 0.8979E-02 0.6885E-02 0.1390E-01 0.2271E-01 0.1981E-02 0.4517E-02 0.4564E-02 0.9082E-02 0.3961E-02 0.1225E-01 0.1541E-01 0.8590E-03 0.0000E+00
0.0000E+00 0.6993E-02 0.7160E-03 0.1544E-01 0.9022E-02 0.2551E-01 0.1817E-01 0.1238E-01 0.5530E-02 0.1532E-01 0.6717E-02 0.1344E-01 0.2146E-01 0.2149E-02 0.4616E-02 0.4905E-02 0.9024E-02 0.3893E-02 0.1184E-01 0.1440E-01 0.1146E-02 0.0000E+00
0.0000E+00 0.7129E-02 0.2903E-03 0.1504E-01 0.8777E-02 0.2468E-01 0.3116E-03 0.1173E-01 0.5564E-02 0.1483E-01 0.2710E-03 0.1305E-01 0.2052E-01 0.2480E-02 0.4680E-02 0.4957E-02 0.8670E-02 0.4004E-02 0.1142E-01 0.1336E-01 0.1308E-02 0.0000E+00
0.0000E+00 0.7190E-02 0.9273E-03 0.1506E-01 0.1009E-01 0.2407E-01 0.5583E-03 0.1122E-01 0.5718E-02 0.1442E-01 0.5929E-03 0.1267E-01 0.3190E-01 0.2819E-02 0.4809E-02 0.5056E-02 0.8662E-02 0.4145E-02 0.1091E-01 0.1242E-01 0.1571E-02 0.0000E+00
0.0000E+00 0.7240E-02 0.1181E-02 0.1516E-01 0.1127E-01 0.2337E-01 0.8461E-03 0.1054E-01 0.5698E-02 0.1429E-01 0.8063E-03 0.3171E-03 0.3112E-01 0.3409E-02 0.5210E-02 0.5074E-02 0.8422E-02 0.4433E-02 0.1058E-01 0.1158E-01 0.2018E-02 0.0000E+00
0.0000E+00 0.7845E-02 0.1726E-02 0.1616E-01 0.1218E-01 0.2297E-01 0.1084E-02 0.1003E-01 0.5800E-02 0.1422E-01 0.1076E-02 0.7459E-03 0.3080E-01 0.3615E-02 0.5257E-02 0.5113E-02 0.8230E-02 0.4520E-02 0.1035E-01 0.1077E-01 0.2299E-02 0.0000E+00
0.0000E+00 0.8024E-02 0.2147E-02 0.1630E-01 0.1349E-01 0.2284E-01 0.2260E-02 0.9715E-02 0.6884E-02 0.1410E-01 0.1348E-02 0.1025E-02 0.2967E-01 0.3796E-02 0.5318E-02 0.5174E-02 0.8156E-02 0.4870E-02 0.9986E-02 0.1061E-01 0.2620E-02 0.0000E+00
0.0000E+00 0.9013E-02 0.2306E-02 0.1564E-01 0.1266E-01 0.2284E-01 0.3214E-02 0.9776E-02 0.7540E-02 0.1402E-01 0.1694E-02 0.1275E-02 0.2847E-01 0.3939E-02 0.5333E-02 0.5131E-02 0.1340E-01 0.5284E-02 0.9888E-02 0.1034E-01 0.3051E-02 0.0000E+00
0.0000E+00 0.8842E-02 0.3902E-02 0.1513E-01 0.1206E-01 0.2219E-01 0.3954E-02 0.9645E-02 0.9168E-02 0.1394E-01 0.2347E-02 0.1637E-02 0.2756E-01 0.4069E-02 0.5583E-02 0.3096E-03 0.1335E-01 0.1905E-01 0.9563E-02 0.1009E-01 0.3281E-02 0.0000E+00
0.0000E+00 0.8825E-02 0.3671E-02 0.1476E-01 0.1178E-01 0.2235E-01 0.4606E-02 0.9828E-02 0.1082E-01 0.1403E-01 0.2617E-02 0.2030E-02 0.2680E-01 0.4346E-02 0.5686E-02 0.6433E-03 0.3384E-03 0.1916E-01 0.9154E-02 0.9697E-02 0.3385E-02 0.0000E+00
0.0000E+00 0.8809E-02 0.3776E-02 0.1431E-01 0.1174E-01 0.2297E-01 0.4457E-02 0.9361E-02 0.1020E-01 0.1405E-01 0.2799E-02 0.2335E-02 0.2630E-01 0.4448E-02 0.5671E-02 0.9857E-03 0.3407E-03 0.1887E-01 0.2757E-01 0.9454E-02 0.3502E-02 0.0000E+00
0.0000E+00 0.8816E-02 0.3826E-02 0.1380E-01 0.1167E-01 0.2233E-01 0.4514E-02 0.9016E-02 0.9579E-02 0.1404E-01 0.3086E-02 0.2530E-02 0.2570E-01 0.4547E-02 0.5656E-02 0.1239E-02 0.6506E-03 0.3198E-03 0.2719E-01 0.9238E-02 0.3754E-02 0.0000E+00
0.0000E+00 0.8764E-02 0.3748E-02 0.1706E-01 0.1138E-01 0.3357E-01 0.4603E-02 0.8652E-02 0.9238E-02 0.1431E-01 0.3270E-02 0.2692E-02 0.2510E-01 0.4618E-02 0.5626E-02 0.1519E-02 0.9353E-03 0.6176E-03 0.2682E-01 0.1271E-01 0.3803E-02 0.0000E+00
0.0000E+00 0.8885E-02 0.2891E-03 0.1648E-01 0.2928E-03 0.3350E-01 0.4647E-02 0.1301E-01 0.2194E-01 0.1396E-01 0.3448E-02 0.2848E-02 0.2443E-01 0.1018E-01 0.5702E-02 0.1588E-02 0.2730E-02 0.8783E-03 0.2634E-01 0.1268E-01 0.2968E-03 0.0000E+00
0.0000E+00 0.0000E+00 0.0000E+00 0.0000E+00 0.0000E+00 0.0000E+00 0.0000E+00 0.0000E+00 0.0000E+00 0.0000E+00 0.0000E+00 0.0000E+00 0.0000E+00 0.0000E+00 0.0000E+00 0.0000E+00 0.0000E+00 0.0000E+00 0.0000E+00 0.0000E+00 0.0000E+00 0.0000E+00
