p2_rainA_lowsm_sedtr.asc
ncols     22
nrows     62
xllcorner      0.00000000
yllcorner      0.00000000
cellsize      0.50000000
nodata_value -9999
0.0000E+00 0.0000E+00 0.0000E+00 0.0000E+00 0.0000E+00 0.0000E+00 0.0000E+00 0.0000E+00 0.0000E+00 0.0000E+00 0.0000E+00 0.0000E+00 0.0000E+00 0.0000E+00 0.0000E+00 0.0000E+00 0.0000E+00 0.0000E+00 0.0000E+00 0.0000E+00 0.0000E+00 0.0000E+00
0.0000E+00 0.2907E+00 0.2154E+00 0.2127E+00 0.1249E+00 0.3255E+00 0.4160E+00 0.1633E+00 0.8616E-01 0.2289E+00 0.2100E+00 0.4530E+00 0.3865E+00 0.3858E+00 0.3206E+00 0.1012E+00 0.4178E+00 0.5976E+00 0.9414E-01 0.1897E+00 0.6280E+00 0.0000E+00
0.0000E+00 0.2909E+00 0.7819E+00 0.2548E+00 0.7532E+00 0.6495E+00 0.3951E+00 0.1075E+00 0.1533E+00 0.4403E+00 0.5669E+00 0.4951E+00 0.5561E+00 0.8933E-01 0.8312E+00 0.3013E+00 0.3576E+00 0.7266E+00 0.3723E+00 0.6303E+00 0.9611E+00 0.0000E+00
0.0000E+00 0.3951E+00 0.9906E+00 0.5382E+00 0.5890E+00 0.6025E+00 0.4521E+00 0.2680E+00 0.5112E+00 0.8025E+00 0.8630E+00 0.1116E+01 0.9491E+00 0.4733E+00 0.1188E+01 0.4478E+00 0.3747E+00 0.1050E+01 0.5967E+00 0.1105E+01 0.1559E+01 0.0000E+00
0.0000E+00 0.3519E+00 0.1015E+01 0.1923E+01 0.9970E+00 0.7654E+00 0.5555E+00 0.3880E+00 0.2638E+00 0.9591E+00 0.4697E+00 0.1275E+01 0.1057E+01 0.6182E-01 0.1220E+01 0.3800E+00 0.7772E+00 0.1619E+01 0.6943E-01 0.4975E+00 0.1662E+01 0.0000E+00
0.0000E+00 0.4093E+00 0.3309E+00 0.1841E+01 0.1535E+00 0.4073E-01 0.7858E+00 0.4766E+00 0.2943E+00 0.9024E+00 0.9409E-01 0.1388E+01 0.1857E+01 0.3131E+00 0.1047E+01 0.1872E+00 0.2823E+00 0.1596E+01 0.3989E+00 0.7981E+00 0.1676E+01 0.0000E+00
0.0000E+00 0.1491E+00 0.5010E-01 0.1773E+01 0.1081E+00 0.9142E-01 0.7370E+00 0.8691E-01 0.6359E+00 0.8841E+00 0.3911E+00 0.3217E+00 0.1891E+01 0.3584E+00 0.1074E+01 0.1312E+01 0.1465E+01 0.2491E+01 0.2438E+01 0.9505E+00 0.1628E+01 0.0000E+00
0.0000E+00 0.3768E+00 0.1207E+00 0.1602E+01 0.1478E+00 0.2339E+00 0.6699E+00 0.2338E+00 0.5572E+00 0.1318E+01 0.6152E+00 0.2849E+00 0.1836E+01 0.7793E+00 0.3349E+00 0.9048E-01 0.3337E+00 0.5467E+00 0.2519E+01 0.2818E+01 0.3764E+01 0.0000E+00
0.0000E+00 0.3550E+00 0.1556E+01 0.1628E+01 0.3793E+00 0.4948E+00 0.6245E+00 0.3955E+00 0.7833E+00 0.1838E+01 0.5888E+00 0.6329E+00 0.2080E+01 0.6791E+00 0.9583E-01 0.5714E-01 0.4235E+00 0.3551E+00 0.4114E+00 0.5845E-01 0.3408E+01 0.0000E+00
0.0000E+00 0.4774E+00 0.1566E+01 0.8961E-01 0.5470E+00 0.5007E+00 0.1125E+01 0.1263E+01 0.1154E+01 0.2536E+01 0.2717E+01 0.9466E+00 0.2246E+01 0.4752E+00 0.2051E+00 0.9648E-01 0.2955E+00 0.7857E+00 0.4879E+00 0.9851E-01 0.3226E+01 0.0000E+00
0.0000E+00 0.3876E+00 0.1518E+01 0.7716E+00 0.4944E+00 0.5169E+00 0.1276E+00 0.6090E-01 0.7363E-01 0.1221E+00 0.2529E+01 0.2991E+01 0.1981E+01 0.8735E-01 0.6722E-01 0.1354E+00 0.4012E+00 0.1149E+01 0.4230E+00 0.6450E-01 0.3049E+01 0.0000E+00
0.0000E+00 0.6427E+00 0.1963E+01 0.2305E+01 0.4562E+00 0.4539E+00 0.2148E+00 0.2761E+00 0.6027E+00 0.4743E+00 0.5667E+00 0.4773E+01 0.2072E+01 0.4839E+00 0.5538E+00 0.2430E+00 0.2368E+00 0.1346E+01 0.4309E+00 0.6840E-01 0.3009E+01 0.0000E+00
0.0000E+00 0.1157E+00 0.1071E+00 0.2168E+01 0.2313E+01 0.2565E+01 0.2727E+00 0.7076E+00 0.1003E+01 0.1206E+00 0.1628E+00 0.4527E+01 0.2954E+00 0.2451E+00 0.6614E+00 0.1166E+00 0.2857E+00 0.1251E+01 0.6796E-01 0.4606E+00 0.2940E+01 0.0000E+00
0.0000E+00 0.4897E+00 0.4634E+00 0.5521E+00 0.2927E+00 0.2364E+01 0.3509E+01 0.1433E+01 0.1078E+01 0.5374E+00 0.1529E+00 0.4300E+01 0.2446E+00 0.7133E-01 0.5585E+00 0.2658E+00 0.7757E+00 0.1210E+01 0.3794E+00 0.7064E+00 0.2908E+01 0.0000E+00
0.0000E+00 0.5707E+00 0.3949E+00 0.1226E+01 0.2849E+00 0.6208E-01 0.3256E+01 0.4955E+00 0.5018E+00 0.2267E+00 0.6868E+00 0.4139E+01 0.6824E+00 0.1508E+00 0.7186E+00 0.4589E+00 0.1036E+01 0.1797E+01 0.7361E+00 0.1058E+01 0.2986E+01 0.0000E+00
0.0000E+00 0.4975E+00 0.3025E+00 0.1197E+01 0.4551E+00 0.2084E+00 0.3144E+01 0.8778E+00 0.7914E+00 0.2177E+00 0.6828E+00 0.4072E+01 0.9147E+00 0.5172E+00 0.1252E+01 0.3073E+00 0.3736E+00 0.1561E+01 0.8846E+00 0.1108E+01 0.2844E+01 0.0000E+00
0.0000E+00 0.4366E+00 0.1707E+00 0.1046E+01 0.7894E+00 0.2857E+00 0.3084E+01 0.1162E+01 0.7415E+00 0.6523E+00 0.1291E+01 0.3960E+01 0.9751E+00 0.1497E+01 0.1422E+01 0.2950E+00 0.5487E+00 0.1413E+01 0.1063E+01 0.1400E+01 0.2897E+01 0.0000E+00
0.0000E+00 0.4436E+00 0.5838E+00 0.1357E+01 0.1781E+01 0.2735E+00 0.3189E+01 0.1360E+01 0.4363E+00 0.4783E+00 0.1590E+01 0.3866E+01 0.1087E+01 0.1533E+01 0.3743E+00 0.6817E+00 0.7258E+00 0.1425E+01 0.2086E+01 0.1677E+01 0.3155E+01 0.0000E+00
0.0000E+00 0.1261E+00 0.8221E-01 0.3406E+00 0.1647E+01 0.2741E+00 0.3188E+01 0.1149E+01 0.9294E+00 0.3418E+00 0.1365E+01 0.4891E+01 0.2060E+01 0.1444E+01 0.3061E+00 0.1135E+01 0.9036E+00 0.7649E-01 0.2072E+01 0.3072E+01 0.3080E+01 0.0000E+00
0.0000E+00 0.1651E+00 0.4897E+00 0.5868E+00 0.1504E+01 0.4260E+00 0.3163E+01 0.1158E+01 0.1187E+01 0.5902E+00 0.2275E+00 0.4731E+01 0.1845E+01 0.4996E+00 0.5349E+00 0.1206E+01 0.9883E+00 0.3271E+00 0.5116E+00 0.3081E+01 0.5655E+01 0.0000E+00
0.0000E+00 0.1894E+00 0.7025E-01 0.4927E+00 0.1538E+01 0.8313E+00 0.2932E+01 0.3813E+01 0.1727E+01 0.5974E+00 0.4594E+00 0.4797E+01 0.1802E+01 0.4244E+00 0.8013E+00 0.1454E+01 0.9588E+00 0.5937E+00 0.4628E+00 0.4493E+00 0.5646E+01 0.0000E+00
0.0000E+00 0.2139E+00 0.1336E+00 0.5322E+00 0.1545E+01 0.6263E+00 0.3769E+00 0.3665E+01 0.1659E+01 0.2480E+00 0.1991E+00 0.4582E+01 0.1659E+01 0.1781E+01 0.2297E+01 0.1305E+01 0.1005E+01 0.1149E+01 0.5501E+00 0.5365E+00 0.5336E+01 0.0000E+00
0.0000E+00 0.2282E+00 0.5295E+00 0.4949E+00 0.1393E+01 0.6011E+00 0.3992E+00 0.3597E+01 0.1322E+01 0.2065E+00 0.5640E+00 0.4447E+01 0.7413E-01 0.8110E-01 0.2113E+01 0.1165E+01 0.8609E+00 0.1451E+01 0.3986E+00 0.8541E+00 0.5145E+01 0.0000E+00
0.0000E+00 0.4589E+00 0.9253E+00 0.4515E+00 0.1672E+01 0.2064E+01 0.4398E+00 0.4556E+01 0.1289E+01 0.4022E+00 0.5566E+00 0.4379E+01 0.5040E+00 0.1691E+00 0.1882E+01 0.9667E+00 0.1041E+01 0.1972E+01 0.6169E+00 0.8287E+00 0.4998E+01 0.0000E+00
0.0000E+00 0.7052E+00 0.8176E+00 0.7173E+00 0.4818E+00 0.1921E+01 0.2022E+01 0.4435E+01 0.1792E+00 0.8014E+00 0.8717E+00 0.4438E+01 0.4621E+01 0.3489E+00 0.1698E+01 0.1081E+01 0.3171E+00 0.2094E+01 0.5311E+00 0.1002E+01 0.4865E+01 0.0000E+00
0.0000E+00 0.6579E+00 0.1125E+01 0.5795E+00 0.8181E+00 0.1077E+00 0.1893E+01 0.4446E+01 0.4960E+00 0.8717E+00 0.1198E+01 0.3919E+00 0.4302E+01 0.4344E+01 0.1645E+01 0.2498E+01 0.3934E+00 0.1944E+01 0.7318E+00 0.8408E+00 0.4921E+01 0.0000E+00
0.0000E+00 0.5640E+00 0.1308E+01 0.8708E+00 0.9496E+00 0.2541E+00 0.1999E+01 0.4338E+01 0.4665E+00 0.1223E+01 0.9998E+00 0.6021E+00 0.5309E+00 0.4399E+01 0.6289E+00 0.2413E+01 0.6956E+00 0.1873E+01 0.8742E+00 0.9476E+00 0.4891E+01 0.0000E+00
0.0000E+00 0.5756E-01 0.1147E+01 0.1989E+01 0.7937E+00 0.1607E+00 0.2157E+01 0.4270E+01 0.3983E+00 0.1472E+01 0.1048E+01 0.5952E+00 0.7576E+00 0.4492E+01 0.5830E+00 0.2491E+01 0.8163E+00 0.1686E+01 0.7388E+00 0.9262E+00 0.5360E+01 0.0000E+00
0.0000E+00 0.1042E+00 0.2279E+00 0.1835E+01 0.7243E+00 0.5370E+00 0.2172E+01 0.4209E+01 0.6452E+00 0.1292E+01 0.1361E+01 0.8854E+00 0.6896E+00 0.4419E+01 0.6895E+00 0.2662E+01 0.7601E+00 0.1511E+01 0.1010E+01 0.3424E+00 0.5117E+01 0.0000E+00
0.0000E+00 0.1706E+00 0.3576E+00 0.2488E+01 0.7701E+00 0.7109E+00 0.2122E+01 0.4206E+01 0.5517E+00 0.1676E+01 0.1536E+01 0.1243E+01 0.8220E+00 0.4322E+01 0.8084E-01 0.2544E+01 0.6200E+00 0.1501E+01 0.9446E+00 0.7510E+00 0.5103E+01 0.0000E+00
0.0000E+00 0.3407E+00 0.2912E+00 0.2299E+01 0.9122E-01 0.1037E+01 0.2030E+01 0.4177E+01 0.5084E+00 0.1761E+01 0.1567E+01 0.1389E+01 0.1214E+01 0.4315E+01 0.5773E+00 0.2552E+01 0.1186E+01 0.1815E+01 0.1115E+01 0.7292E+00 0.5048E+01 0.0000E+00
0.0000E+00 0.2061E+00 0.3068E+00 0.2149E+01 0.1446E+00 0.1075E+01 0.2028E+01 0.4140E+01 0.8511E-01 0.1643E+01 0.2715E+01 0.1203E+01 0.1986E+01 0.4871E+01 0.6594E+00 0.2555E+01 0.1274E+01 0.2527E+01 0.1050E+01 0.5856E+00 0.4955E+01 0.0000E+00
0.0000E+00 0.5380E+00 0.2895E+00 0.2007E+01 0.1574E+00 0.1086E+01 0.2010E+01 0.4240E+01 0.7373E+00 0.2366E+00 0.2397E+01 0.4546E+00 0.1749E+01 0.4761E+01 0.2427E+00 0.2406E+01 0.2362E+01 0.2254E+01 0.1031E+01 0.7523E+00 0.4912E+01 0.0000E+00
0.0000E+00 0.4832E+00 0.4384E+00 0.2085E+01 0.7931E+00 0.1175E+01 0.1980E+01 0.4293E+01 0.6535E+00 0.6682E+00 0.2369E+01 0.4668E+00 0.1623E+01 0.5083E+01 0.6100E+00 0.5472E+00 0.2415E+01 0.2050E+01 0.9856E+00 0.1028E+01 0.4968E+01 0.0000E+00
0.0000E+00 0.6296E+00 0.5374E+00 0.2070E+01 0.9453E+00 0.1165E+01 0.2007E+01 0.4349E+01 0.7964E+00 0.1026E+01 0.2236E+01 0.9245E+00 0.1679E+01 0.5018E+01 0.6860E+00 0.1123E+01 0.2346E+01 0.1983E+01 0.2705E+01 0.1253E+01 0.4995E+01 0.0000E+00
0.0000E+00 0.1125E+01 0.4931E+00 0.2068E+01 0.9049E+00 0.1379E+01 0.3041E+01 0.4400E+01 0.8067E+00 0.1123E+01 0.2434E+01 0.1275E+01 0.1514E+01 0.4853E+01 0.9767E+00 0.1163E+01 0.2354E+01 0.6058E+00 0.2690E+01 0.5733E+01 0.4811E+01 0.0000E+00
0.0000E+00 0.1152E+01 0.1326E+00 0.2062E+01 0.9703E+00 0.1476E+00 0.2909E+01 0.4868E+01 0.6912E+00 0.8602E+00 0.2393E+01 0.1125E+01 0.6134E+01 0.4853E+01 0.1225E+01 0.1093E+01 0.2423E+01 0.6889E+00 0.2845E+01 0.5533E+01 0.1050E+00 0.0000E+00
0.0000E+00 0.1592E+01 0.2770E+00 0.2008E+01 0.9029E+00 0.3157E+00 0.2758E+01 0.4767E+01 0.7856E-01 0.7597E+00 0.2706E+01 0.3335E+01 0.5974E+01 0.4643E+00 0.1337E+01 0.1062E+01 0.2409E+01 0.4775E+00 0.2693E+01 0.5487E+01 0.2031E+00 0.0000E+00
0.0000E+00 -.2053E-06 0.8604E+00 0.1925E+01 0.9174E+00 0.4925E+00 0.2764E+01 0.4645E+01 0.9611E-01 0.8668E-01 0.5057E-01 0.3090E+01 0.6336E+01 0.8777E+00 0.1184E+01 0.1137E+01 0.2436E+01 0.1052E+01 0.2716E+01 0.5518E+01 0.4241E+00 0.0000E+00
0.0000E+00 0.2211E+00 0.1155E+01 0.1946E+01 0.8244E+00 0.7379E+00 0.2636E+01 0.4635E+01 0.1542E+00 0.1720E+00 0.1296E+00 0.2897E+01 0.6133E+01 0.6376E+00 0.1186E+01 0.9565E+00 0.2475E+01 0.1055E+01 0.2612E+01 0.5393E+01 0.3919E+00 0.0000E+00
0.0000E+00 0.9828E-01 0.1001E+01 0.2613E+01 0.7925E+00 0.9093E+00 0.2601E+01 0.4633E+01 0.4189E+00 0.5678E+00 0.3591E+00 0.2866E+01 0.6111E+01 0.1005E+01 0.1547E+01 0.1066E+01 0.2601E+01 0.1255E+01 0.2695E+01 0.5391E+01 0.5290E+00 0.0000E+00
0.0000E+00 0.1096E+00 0.9574E-01 0.2554E+01 0.7809E+00 0.1269E+01 0.2569E+01 0.4713E+01 0.1046E+01 0.5385E+00 0.4042E+00 0.2797E+01 0.6769E+01 0.1214E+01 0.1789E+01 0.9520E+00 0.2522E+01 0.1114E+01 0.2819E+01 0.5541E+01 0.6684E+00 0.0000E+00
0.0000E+00 0.4343E+00 0.4805E+00 0.2552E+01 0.1324E+01 0.1451E+01 0.2569E+01 0.4682E+01 0.1227E+01 0.9527E+00 0.4252E+00 0.2669E+01 0.6538E+01 0.1285E+00 0.1862E+01 0.1465E+01 0.2583E+01 0.1489E+01 0.2818E+01 0.5966E+01 0.6544E+00 0.0000E+00
0.0000E+00 0.4373E+00 0.1014E+01 0.2391E+01 0.1392E+01 0.1415E+01 0.2554E+01 0.4634E+01 0.1329E+01 0.9649E+00 0.1170E+01 0.2844E+01 0.6431E+01 0.1869E+00 0.1857E+01 0.1981E+01 0.3075E+01 0.1319E+01 0.2928E+01 0.6262E+01 0.2518E+00 0.0000E+00
0.0000E+00 0.6729E+00 0.1189E+01 0.2313E+01 0.1222E+01 0.1693E+01 0.2560E+01 0.4717E+01 0.1168E+01 0.1398E+01 0.1579E+01 0.2933E+01 0.6369E+01 0.3212E+00 0.1917E+01 0.1700E+01 0.3016E+01 0.1581E+01 0.2814E+01 0.6443E+01 0.4925E+00 0.0000E+00
0.0000E+00 0.1377E+01 0.9793E+00 0.2274E+01 0.1488E+01 0.1822E+01 0.2802E+01 0.4755E+01 0.1045E+01 0.1650E+01 0.1760E+01 0.2811E+01 0.6312E+01 0.9106E+00 0.2175E+01 0.1953E+01 0.3013E+01 0.1740E+01 0.2907E+01 0.6363E+01 0.2360E+00 0.0000E+00
0.0000E+00 0.2336E+01 0.1006E+01 0.2360E+01 0.1438E+01 0.1737E+01 0.2812E+01 0.4674E+01 0.1173E+01 0.1556E+01 0.1738E+01 0.2837E+01 0.6256E+01 0.1176E+01 0.1894E+01 0.1966E+01 0.3203E+01 0.1823E+01 0.2973E+01 0.6203E+01 0.2733E+00 0.0000E+00
0.0000E+00 0.1936E+01 0.9929E-01 0.2421E+01 0.1305E+01 0.1543E+01 0.2840E+01 0.4609E+01 0.1103E+01 0.1710E+01 0.1464E+01 0.2706E+01 0.6228E+01 0.9736E+00 0.1875E+01 0.1795E+01 0.3236E+01 0.1598E+01 0.2803E+01 0.6057E+01 0.2840E+00 0.0000E+00
0.0000E+00 0.2036E+01 0.2961E+00 0.2368E+01 0.1631E+01 0.4065E+01 0.2856E+01 0.4774E+01 0.1147E+01 0.2606E+01 0.1358E+01 0.2580E+01 0.6172E+01 0.8923E+00 0.1879E+01 0.1943E+01 0.3174E+01 0.1428E+01 0.2726E+01 0.5987E+01 0.3207E+00 0.0000E+00
0.0000E+00 0.1921E+01 0.1106E+00 0.2344E+01 0.1893E+01 0.4115E+01 0.1065E+00 0.5000E+01 0.1399E+01 0.2395E+01 0.7234E-01 0.2728E+01 0.6399E+01 0.1491E+01 0.2166E+01 0.1741E+01 0.3099E+01 0.1314E+01 0.2682E+01 0.5976E+01 0.3602E+00 0.0000E+00
0.0000E+00 0.1823E+01 0.5038E+00 0.2335E+01 0.2037E+01 0.3973E+01 0.1498E+00 0.4954E+01 0.1488E+01 0.2550E+01 0.5740E+00 0.2976E+01 0.8946E+01 0.1627E+01 0.2287E+01 0.2108E+01 0.3427E+01 0.1547E+01 0.2669E+01 0.6001E+01 0.4180E+00 0.0000E+00
0.0000E+00 0.1743E+01 0.4990E+00 0.2438E+01 0.2101E+01 0.3861E+01 0.2131E+00 0.4907E+01 0.1331E+01 0.2439E+01 0.6078E+00 0.6272E+00 0.8831E+01 0.1733E+01 0.2314E+01 0.1889E+01 0.3267E+01 0.1818E+01 0.2761E+01 0.6057E+01 0.8818E+00 0.0000E+00
0.0000E+00 0.1761E+01 0.8338E+00 0.2640E+01 0.2221E+01 0.3923E+01 0.3094E+00 0.4997E+01 0.1305E+01 0.2591E+01 0.5469E+00 0.9263E+00 0.8796E+01 0.1864E+01 0.2157E+01 0.1917E+01 0.3332E+01 0.1867E+01 0.2930E+01 0.6021E+01 0.9607E+00 0.0000E+00
0.0000E+00 0.1737E+01 0.8782E+00 0.2462E+01 0.2100E+01 0.3816E+01 0.8223E+00 0.5145E+01 0.1629E+01 0.2501E+01 0.6772E+00 0.8712E+00 0.8690E+01 0.2027E+01 0.2015E+01 0.1931E+01 0.3340E+01 0.2276E+01 0.2929E+01 0.6076E+01 0.1024E+01 0.0000E+00
0.0000E+00 0.1780E+01 0.9310E+00 0.2449E+01 0.1892E+01 0.3838E+01 0.1415E+01 0.5214E+01 0.1676E+01 0.2497E+01 0.8094E+00 0.7849E+00 0.8604E+01 0.2100E+01 0.1889E+01 0.1921E+01 0.5019E+01 0.2443E+01 0.3118E+01 0.6100E+01 0.1211E+01 0.0000E+00
0.0000E+00 0.1661E+01 0.1117E+01 0.2392E+01 0.1741E+01 0.3694E+01 0.1689E+01 0.5262E+01 0.1851E+01 0.2377E+01 0.1114E+01 0.1048E+01 0.8674E+01 0.2051E+01 0.2072E+01 0.1395E+00 0.4909E+01 0.6798E+01 0.3202E+01 0.6184E+01 0.1669E+01 0.0000E+00
0.0000E+00 0.1671E+01 0.9456E+00 0.2476E+01 0.1644E+01 0.3775E+01 0.1775E+01 0.5317E+01 0.2020E+01 0.2555E+01 0.1089E+01 0.1259E+01 0.8608E+01 0.2089E+01 0.2026E+01 0.7996E+00 0.3886E+00 0.6562E+01 0.3168E+01 0.6117E+01 0.1416E+01 0.0000E+00
0.0000E+00 0.1555E+01 0.1041E+01 0.2507E+01 0.1894E+01 0.3829E+01 0.1507E+01 0.5268E+01 0.2237E+01 0.2625E+01 0.1010E+01 0.1528E+01 0.8718E+01 0.2206E+01 0.2200E+01 0.1056E+01 0.3712E+00 0.6162E+01 0.8835E+01 0.6221E+01 0.1278E+01 0.0000E+00
0.0000E+00 0.1788E+01 0.9619E+00 0.2454E+01 0.1942E+01 0.3745E+01 0.1564E+01 0.5241E+01 0.1945E+01 0.2526E+01 0.1014E+01 0.1690E+01 0.8634E+01 0.2356E+01 0.2215E+01 0.8728E+00 0.6192E+00 0.4875E+00 0.8557E+01 0.6342E+01 0.1687E+01 0.0000E+00
0.0000E+00 0.1902E+01 0.7987E+00 0.3144E+01 0.1723E+01 0.5271E+01 0.1388E+01 0.5307E+01 0.1781E+01 0.2568E+01 0.1037E+01 0.1655E+01 0.8700E+01 0.2511E+01 0.2008E+01 0.1126E+01 0.5989E+00 0.5463E+00 0.8341E+01 0.7486E+01 0.1479E+01 0.0000E+00
0.0000E+00 0.1795E+01 0.9041E-01 0.3037E+01 0.8512E-01 0.5158E+01 0.1236E+01 0.6353E+01 0.7782E+01 0.2306E+01 0.1154E+01 0.1499E+01 0.8618E+01 0.4030E+01 0.1955E+01 0.1035E+01 0.1565E+01 0.6642E+00 0.8084E+01 0.7321E+01 0.6493E-01 0.0000E+00
0.0000E+00 0.0000E+00 0.0000E+00 0.0000E+00 0.0000E+00 0.0000E+00 0.0000E+00 0.0000E+00 0.0000E+00 0.0000E+00 0.0000E+00 0.0000E+00 0.0000E+00 0.0000E+00 0.0000E+00 0.0000E+00 0.0000E+00 0.0000E+00 0.0000E+00 0.0000E+00 0.0000E+00 0.0000E+00
