p2dem.asc
ncols         22
nrows         62
xllcorner     0.00000000
yllcorner     0.00000000
cellsize      0.5
nodata_value  -9999
1.527 1.527 1.526 1.532 1.53 1.499 1.481 1.487 1.512 1.507 1.498 1.486 1.474 1.477 1.464 1.454 1.449 1.45 1.452 1.444 1.441 1.441
1.517 1.517 1.516 1.522 1.52 1.489 1.471 1.477 1.502 1.497 1.488 1.476 1.464 1.467 1.454 1.444 1.439 1.44 1.442 1.434 1.431 1.431
1.505 1.505 1.498 1.497 1.497 1.467 1.459 1.493 1.495 1.465 1.462 1.45 1.447 1.458 1.432 1.414 1.41 1.412 1.409 1.401 1.399 1.399
1.469 1.469 1.461 1.458 1.453 1.452 1.451 1.477 1.466 1.445 1.444 1.423 1.43 1.429 1.408 1.409 1.407 1.403 1.4 1.383 1.376 1.376
1.451 1.451 1.444 1.435 1.436 1.446 1.437 1.437 1.446 1.44 1.43 1.408 1.409 1.409 1.396 1.403 1.4 1.382 1.384 1.377 1.374 1.374
1.441 1.441 1.437 1.434 1.437 1.437 1.43 1.436 1.439 1.427 1.423 1.405 1.392 1.395 1.394 1.399 1.386 1.371 1.367 1.358 1.354 1.354
1.445 1.445 1.435 1.43 1.434 1.431 1.429 1.434 1.41 1.409 1.406 1.4 1.391 1.385 1.391 1.382 1.367 1.356 1.347 1.342 1.339 1.339
1.432 1.432 1.426 1.421 1.431 1.435 1.426 1.413 1.396 1.396 1.393 1.391 1.382 1.382 1.392 1.385 1.364 1.352 1.337 1.33 1.328 1.328
1.403 1.403 1.412 1.42 1.432 1.425 1.404 1.391 1.38 1.367 1.371 1.364 1.357 1.372 1.384 1.376 1.372 1.356 1.332 1.328 1.327 1.327
1.392 1.392 1.403 1.426 1.424 1.403 1.389 1.377 1.371 1.358 1.352 1.35 1.353 1.362 1.367 1.365 1.364 1.339 1.327 1.328 1.325 1.325
1.386 1.386 1.386 1.399 1.398 1.391 1.386 1.374 1.376 1.358 1.341 1.332 1.341 1.363 1.366 1.364 1.34 1.317 1.319 1.333 1.32 1.32
1.385 1.385 1.367 1.358 1.368 1.366 1.362 1.365 1.369 1.359 1.341 1.32 1.325 1.338 1.35 1.347 1.328 1.308 1.313 1.324 1.316 1.316
1.383 1.383 1.368 1.353 1.34 1.326 1.321 1.322 1.337 1.351 1.335 1.319 1.322 1.328 1.331 1.33 1.319 1.307 1.316 1.309 1.303 1.303
1.344 1.344 1.345 1.341 1.328 1.311 1.3 1.304 1.306 1.321 1.335 1.318 1.32 1.326 1.314 1.308 1.298 1.299 1.3 1.295 1.294 1.294
1.318 1.318 1.316 1.3 1.304 1.303 1.295 1.31 1.31 1.316 1.329 1.312 1.304 1.31 1.307 1.302 1.285 1.28 1.285 1.281 1.282 1.282
1.313 1.313 1.304 1.278 1.282 1.29 1.282 1.29 1.289 1.291 1.291 1.271 1.266 1.281 1.299 1.301 1.282 1.277 1.268 1.259 1.26 1.26
1.302 1.302 1.3 1.276 1.276 1.282 1.275 1.268 1.273 1.276 1.259 1.251 1.248 1.246 1.264 1.273 1.262 1.256 1.249 1.248 1.253 1.253
1.288 1.288 1.274 1.271 1.26 1.259 1.256 1.267 1.285 1.273 1.249 1.243 1.24 1.241 1.253 1.245 1.238 1.234 1.222 1.224 1.236 1.236
1.28 1.28 1.276 1.263 1.249 1.256 1.238 1.24 1.264 1.251 1.237 1.233 1.229 1.238 1.248 1.229 1.214 1.227 1.218 1.197 1.198 1.198
1.271 1.271 1.26 1.241 1.239 1.264 1.227 1.213 1.227 1.233 1.236 1.219 1.216 1.234 1.236 1.213 1.187 1.209 1.216 1.195 1.182 1.182
1.248 1.248 1.248 1.234 1.226 1.226 1.207 1.206 1.207 1.222 1.23 1.213 1.21 1.214 1.199 1.185 1.185 1.192 1.203 1.193 1.171 1.171
1.23 1.23 1.229 1.221 1.21 1.205 1.207 1.2 1.191 1.213 1.216 1.199 1.197 1.181 1.167 1.163 1.173 1.164 1.185 1.175 1.149 1.149
1.212 1.212 1.205 1.204 1.196 1.204 1.195 1.186 1.186 1.199 1.188 1.189 1.189 1.172 1.155 1.151 1.155 1.152 1.167 1.148 1.137 1.137
1.197 1.197 1.183 1.187 1.181 1.168 1.161 1.161 1.184 1.176 1.174 1.18 1.169 1.149 1.133 1.132 1.141 1.122 1.133 1.13 1.129 1.129
1.183 1.183 1.177 1.187 1.176 1.16 1.151 1.157 1.167 1.154 1.164 1.16 1.135 1.129 1.129 1.131 1.135 1.113 1.113 1.116 1.115 1.115
1.146 1.146 1.136 1.147 1.149 1.162 1.15 1.143 1.124 1.135 1.147 1.136 1.125 1.124 1.127 1.12 1.114 1.099 1.095 1.101 1.108 1.108
1.132 1.132 1.109 1.119 1.115 1.123 1.137 1.117 1.104 1.121 1.118 1.115 1.129 1.122 1.127 1.109 1.091 1.081 1.076 1.074 1.079 1.079
1.109 1.109 1.108 1.105 1.11 1.123 1.116 1.09 1.084 1.098 1.108 1.102 1.105 1.097 1.096 1.079 1.077 1.068 1.067 1.066 1.061 1.061
1.11 1.11 1.107 1.083 1.087 1.096 1.076 1.073 1.075 1.076 1.092 1.081 1.065 1.061 1.066 1.055 1.059 1.057 1.064 1.065 1.059 1.059
1.076 1.076 1.069 1.037 1.055 1.058 1.053 1.063 1.062 1.056 1.061 1.061 1.059 1.05 1.063 1.054 1.055 1.055 1.045 1.052 1.057 1.057
1.048 1.048 1.038 1.031 1.038 1.034 1.038 1.039 1.045 1.026 1.026 1.037 1.032 1.025 1.042 1.043 1.043 1.032 1.027 1.032 1.032 1.032
1.048 1.048 1.028 1.014 1.013 1.016 1.02 1.022 1.029 1.018 1.011 1.015 1.008 1.001 1.019 1.023 1.01 0.998 1.003 1.004 1.002 1.002
1.012 1.012 1.004 1 0.993 0.996 0.998 0.998 1.011 1.013 1.007 1.008 0.999 0.984 1.003 1.005 1.001 0.994 0.998 0.995 0.995 0.995
0.979 0.979 0.993 0.988 0.983 0.988 0.99 0.971 0.974 0.983 0.993 0.986 0.981 0.982 1.011 1.015 0.992 0.979 0.987 0.987 0.986 0.986
0.96 0.96 0.959 0.961 0.954 0.956 0.957 0.949 0.95 0.956 0.975 0.975 0.975 0.97 0.991 0.98 0.968 0.975 0.966 0.964 0.958 0.958
0.93 0.93 0.952 0.945 0.942 0.929 0.912 0.925 0.938 0.935 0.943 0.951 0.956 0.95 0.955 0.941 0.961 0.967 0.941 0.934 0.936 0.936
0.921 0.921 0.933 0.927 0.918 0.916 0.905 0.892 0.905 0.899 0.901 0.901 0.921 0.939 0.929 0.928 0.941 0.928 0.921 0.924 0.936 0.936
0.907 0.907 0.909 0.904 0.894 0.905 0.89 0.871 0.893 0.897 0.882 0.88 0.901 0.924 0.91 0.909 0.918 0.924 0.919 0.916 0.919 0.919
0.863 0.863 0.87 0.866 0.866 0.872 0.865 0.855 0.879 0.898 0.885 0.876 0.875 0.896 0.896 0.904 0.907 0.906 0.9 0.899 0.909 0.909
0.863 0.863 0.842 0.838 0.857 0.861 0.848 0.843 0.851 0.875 0.882 0.866 0.867 0.876 0.888 0.886 0.878 0.87 0.873 0.871 0.888 0.888
0.849 0.849 0.83 0.823 0.836 0.83 0.827 0.827 0.827 0.84 0.841 0.836 0.838 0.845 0.866 0.872 0.864 0.862 0.859 0.856 0.863 0.863
0.819 0.819 0.824 0.815 0.809 0.801 0.811 0.807 0.806 0.815 0.823 0.81 0.8 0.822 0.839 0.846 0.844 0.821 0.824 0.842 0.847 0.847
0.812 0.812 0.795 0.779 0.782 0.778 0.786 0.784 0.772 0.775 0.807 0.796 0.791 0.813 0.811 0.819 0.816 0.794 0.792 0.811 0.84 0.84
0.781 0.781 0.763 0.747 0.745 0.734 0.753 0.748 0.741 0.74 0.764 0.772 0.769 0.785 0.775 0.783 0.789 0.768 0.762 0.781 0.818 0.818
0.748 0.748 0.723 0.737 0.731 0.716 0.729 0.738 0.729 0.715 0.721 0.733 0.742 0.757 0.749 0.734 0.733 0.733 0.734 0.741 0.783 0.783
0.722 0.722 0.709 0.719 0.707 0.692 0.711 0.719 0.708 0.687 0.683 0.699 0.717 0.721 0.728 0.727 0.717 0.712 0.704 0.714 0.746 0.746
0.675 0.675 0.689 0.689 0.683 0.673 0.678 0.683 0.68 0.664 0.662 0.674 0.689 0.685 0.698 0.7 0.7 0.693 0.68 0.687 0.713 0.713
0.652 0.652 0.676 0.667 0.665 0.654 0.66 0.672 0.659 0.648 0.651 0.656 0.661 0.667 0.667 0.665 0.66 0.655 0.657 0.666 0.676 0.676
0.638 0.638 0.643 0.641 0.639 0.626 0.641 0.65 0.635 0.63 0.639 0.639 0.641 0.649 0.638 0.618 0.623 0.624 0.641 0.655 0.655 0.655
0.626 0.626 0.642 0.618 0.612 0.618 0.628 0.622 0.617 0.624 0.631 0.634 0.618 0.615 0.609 0.599 0.603 0.606 0.608 0.625 0.623 0.623
0.611 0.611 0.601 0.58 0.58 0.585 0.596 0.587 0.594 0.611 0.619 0.609 0.577 0.572 0.577 0.574 0.574 0.583 0.568 0.577 0.589 0.589
0.588 0.588 0.57 0.554 0.554 0.559 0.577 0.566 0.562 0.579 0.581 0.581 0.562 0.54 0.543 0.539 0.535 0.548 0.54 0.533 0.542 0.542
0.532 0.532 0.516 0.517 0.531 0.541 0.551 0.557 0.546 0.556 0.554 0.545 0.537 0.524 0.523 0.513 0.514 0.522 0.522 0.512 0.508 0.508
0.509 0.509 0.489 0.487 0.488 0.487 0.496 0.497 0.5 0.523 0.53 0.512 0.493 0.505 0.502 0.479 0.481 0.494 0.497 0.478 0.47 0.47
0.47 0.47 0.483 0.482 0.476 0.473 0.473 0.468 0.469 0.479 0.488 0.482 0.474 0.478 0.469 0.466 0.454 0.451 0.466 0.461 0.441 0.441
0.455 0.455 0.451 0.461 0.457 0.441 0.432 0.44 0.444 0.45 0.441 0.442 0.448 0.459 0.449 0.465 0.437 0.4 0.434 0.438 0.42 0.42
0.426 0.426 0.435 0.432 0.437 0.424 0.405 0.411 0.418 0.432 0.416 0.416 0.419 0.409 0.403 0.415 0.405 0.38 0.393 0.387 0.382 0.382
0.401 0.401 0.418 0.403 0.407 0.396 0.388 0.391 0.391 0.399 0.4 0.401 0.397 0.392 0.389 0.38 0.38 0.375 0.369 0.369 0.378 0.378
0.396 0.396 0.387 0.383 0.372 0.371 0.371 0.362 0.356 0.361 0.366 0.368 0.364 0.37 0.361 0.356 0.366 0.373 0.356 0.341 0.352 0.352
0.363 0.363 0.358 0.357 0.349 0.34 0.36 0.35 0.335 0.338 0.347 0.34 0.337 0.33 0.33 0.333 0.331 0.335 0.328 0.311 0.321 0.321
0.341 0.341 0.371 0.348 0.341 0.325 0.334 0.319 0.307 0.314 0.312 0.304 0.306 0.301 0.314 0.318 0.3 0.301 0.307 0.305 0.32 0.32
0.331 0.331 0.361 0.338 0.331 0.315 0.324 0.309 0.297 0.304 0.302 0.294 0.296 0.291 0.304 0.308 0.29 0.291 0.297 0.295 0.31 0.31
