p2vegcover.asc
ncols         22
nrows         62
xllcorner     0.00000000
yllcorner     0.00000000
cellsize      0.5
nodata_value  -9999
26 26 61 72 94 65 28 68 100 74 74 23 17 0 100 99 35 0 100 79 0 0
26 26 61 72 94 65 28 68 100 74 74 23 17 0 100 99 35 0 100 79 0 0
100 100 14 100 0 11 100 100 88 75 17 78 40 100 0 0 52 0 8 0 6 6
72 72 12 44 98 48 71 71 0 29 16 77 0 29 30 1 63 0 29 0 0 0
95 95 14 93 92 9 19 0 17 6 15 0 26 100 0 79 0 8 100 0 0 0
24 24 88 100 0 100 1 19 59 68 93 0 44 28 0 68 48 8 38 0 0 0
72 72 100 10 100 16 0 100 14 57 0 0 0 0 0 0 0 78 38 0 0 0
64 64 94 24 64 34 99 64 88 0 36 58 36 0 0 98 36 33 0 0 0 0
88 88 88 100 0 42 98 50 11 0 78 0 59 77 93 100 7 100 33 0 24 24
17 17 43 100 5 71 2 26 53 0 14 0 0 0 42 1 71 0 39 39 11 11
3 3 82 9 92 9 91 95 100 100 0 0 100 100 100 89 52 0 100 100 27 27
31 31 0 16 100 100 99 82 5 0 58 0 29 0 0 58 100 61 48 100 27 27
100 100 95 0 100 0 92 0 12 94 73 0 0 1 46 92 51 0 100 6 27 27
39 39 46 29 54 46 0 26 94 0 78 58 51 100 81 54 0 50 29 9 15 15
0 0 100 0 98 100 0 0 2 68 2 100 34 100 1 0 0 2 2 0 0 0
86 86 51 0 4 52 0 0 0 100 78 39 16 51 0 49 27 96 32 9 100 100
100 100 82 38 0 52 0 1 13 0 0 23 0 99 0 100 53 99 38 1 0 0
87 87 0 80 52 48 2 20 12 15 12 89 0 0 0 1 48 4 0 0 0 0
69 69 96 40 0 48 0 98 12 31 3 0 96 12 42 0 46 100 3 83 27 27
100 100 18 100 56 44 0 0 0 0 57 0 0 0 25 44 0 59 0 46 40 40
100 100 100 100 7 0 0 0 0 62 0 6 2 100 39 0 49 0 0 16 27 27
100 100 100 78 0 0 0 66 0 60 78 41 72 100 0 58 50 4 59 10 100 100
100 100 26 96 99 95 89 89 78 71 2 100 100 100 51 87 100 7 44 0 0 0
38 38 0 86 100 0 62 0 67 58 57 86 38 92 0 61 30 92 38 52 100 100
0 0 100 0 20 41 0 0 89 0 3 23 86 0 6 16 45 0 95 14 100 100
66 66 18 100 32 100 100 0 34 34 15 26 11 42 0 36 31 34 41 100 27 27
100 100 29 0 6 48 2 82 90 0 81 19 6 0 0 80 0 0 0 0 0 0
0 0 57 0 98 85 31 42 100 0 46 76 53 27 87 2 36 69 43 0 0 0
100 100 79 79 100 49 21 9 21 79 21 18 47 10 34 0 10 0 13 14 0 0
100 100 82 0 67 51 27 58 100 0 38 0 58 100 100 0 100 67 73 0 20 20
45 45 100 28 100 0 99 32 100 100 17 19 0 88 10 1 0 6 38 76 76 76
79 79 100 28 100 48 74 86 97 0 24 59 68 0 54 1 0 70 9 100 0 0
47 47 100 55 100 14 0 16 9 72 94 16 81 0 58 28 28 92 45 0 27 27
94 94 82 21 0 58 98 9 90 21 0 61 0 0 0 20 42 21 79 18 43 43
69 69 25 0 7 69 98 18 27 0 78 0 21 0 0 0 0 0 100 31 27 27
0 0 100 11 76 0 2 47 82 56 19 36 100 72 18 17 57 18 0 0 23 23
25 25 88 34 61 65 100 100 100 100 0 78 0 12 0 64 34 3 13 18 91 91
10 10 86 86 92 59 100 100 100 100 78 11 90 25 0 0 0 1 54 0 72 72
0 0 0 100 42 30 2 100 100 100 100 14 0 0 48 39 62 0 23 18 55 55
65 65 0 11 100 48 100 11 100 100 98 98 89 0 58 100 0 0 40 89 100 100
100 100 51 26 96 50 42 17 52 32 54 41 40 0 0 58 0 45 38 7 57 57
100 100 100 62 93 0 98 0 0 98 78 2 0 12 7 100 92 86 7 7 0 0
56 56 46 44 4 48 99 76 39 30 100 100 0 93 42 2 50 0 35 92 88 88
97 97 18 40 7 46 98 4 0 69 0 26 0 100 42 4 2 92 0 0 74 74
52 52 0 80 100 0 54 0 88 0 12 23 0 88 20 48 0 0 82 43 38 38
1 1 100 99 8 0 1 58 100 0 0 78 32 12 0 3 0 0 0 0 72 72
0 0 51 19 53 48 0 28 44 49 0 0 68 0 100 52 26 47 0 59 100 100
100 100 100 38 98 98 2 100 85 0 100 100 32 100 59 98 52 100 100 100 100 100
15 15 0 71 0 74 1 19 53 63 58 100 100 100 54 0 52 100 100 100 100 100
28 28 100 94 7 3 98 3 12 32 95 23 0 6 2 98 97 100 100 100 100 100
58 58 42 73 4 52 100 49 50 0 33 0 100 37 24 1 0 42 78 90 100 100
93 93 100 57 9 43 98 0 88 32 78 7 0 0 4 91 91 1 9 16 25 25
39 39 32 0 39 61 100 83 92 0 100 30 26 0 65 59 52 39 0 93 72 72
72 72 0 5 12 7 0 7 11 63 80 80 32 11 88 0 52 1 67 0 67 67
0 0 70 60 100 34 0 21 39 24 78 100 100 0 79 2 0 36 13 47 27 27
84 84 15 100 100 100 2 36 12 32 22 35 0 74 48 98 48 6 53 69 4 4
51 51 100 58 100 17 2 0 8 0 60 0 56 4 14 0 35 5 58 94 49 49
0 0 67 49 25 0 98 92 10 26 96 23 0 0 8 19 10 19 70 30 100 100
19 19 95 100 27 85 2 42 100 32 71 23 77 29 42 100 52 34 56 24 0 0
0 0 96 0 98 0 99 58 100 0 83 65 7 0 87 1 88 79 14 82 79 79
46 46 100 62 94 0 100 0 35 100 0 63 26 0 32 75 0 29 54 5 100 100
46 46 100 62 94 0 100 0 35 100 0 63 26 0 32 75 0 29 54 5 100 100
