p3_rainD_highsm_sedtr.asc
ncols     22
nrows     62
xllcorner      0.00000000
yllcorner      0.00000000
cellsize      0.50000000
nodata_value -9999
0.0000E+00 0.0000E+00 0.0000E+00 0.0000E+00 0.0000E+00 0.0000E+00 0.0000E+00 0.0000E+00 0.0000E+00 0.0000E+00 0.0000E+00 0.0000E+00 0.0000E+00 0.0000E+00 0.0000E+00 0.0000E+00 0.0000E+00 0.0000E+00 0.0000E+00 0.0000E+00 0.0000E+00 0.0000E+00
0.0000E+00 0.4384E-02 0.4455E-02 0.1152E-02 0.4694E-02 0.2450E-02 0.3362E-02 0.2975E-02 0.2435E-02 0.1313E-02 0.2056E-03 0.1765E-02 0.3721E-02 0.1865E-02 0.5397E-03 0.7830E-02 0.7241E-02 0.4908E-02 0.6527E-02 0.1436E-02 0.3687E-02 0.0000E+00
0.0000E+00 0.3225E-02 0.1034E-01 0.6493E-02 0.4326E-02 0.8917E-02 0.8199E-02 0.2745E-02 0.1148E-01 0.9775E-02 0.7424E-02 0.2484E-02 0.1363E-01 0.8819E-02 0.1176E-01 0.1412E-01 0.1462E-01 0.9266E-02 0.1312E-01 0.1039E-01 0.8091E-02 0.0000E+00
0.0000E+00 0.1166E-01 0.1081E-01 0.1639E-01 0.4890E-02 0.1502E-01 0.1337E-01 0.2183E-02 0.1331E-01 0.1603E-01 0.1619E-01 0.1008E-01 0.2062E-01 0.6777E-02 0.1411E-01 0.1817E-01 0.1838E-01 0.7590E-02 0.1371E-01 0.8871E-02 0.9311E-02 0.0000E+00
0.0000E+00 0.1707E-01 0.2122E-01 0.2290E-01 0.1357E-01 0.1056E-01 0.2526E-01 0.8572E-02 0.1891E-01 0.2008E-01 0.8226E-02 0.1324E-01 0.2064E-01 0.1679E-01 0.2000E-01 0.2300E-01 0.1611E-01 0.1085E-01 0.1603E-01 0.5085E-02 0.1344E-01 0.0000E+00
0.0000E+00 0.1771E-01 0.2271E-01 0.1806E-01 0.1446E-01 0.1962E-01 0.2098E-01 0.1269E-01 0.2114E-01 0.1700E-01 0.1637E-01 0.6872E-02 0.2562E-01 0.1838E-01 0.2783E-01 0.3361E-01 0.2218E-01 0.2641E-01 0.3525E-01 0.1209E-01 0.2043E-01 0.0000E+00
0.0000E+00 0.1254E-01 0.2632E-01 0.8940E-02 0.1114E-01 0.1757E-01 0.1855E-01 0.1328E-01 0.2438E-01 0.1109E-01 0.1020E-01 0.2134E-01 0.2830E-01 0.3047E-01 0.2325E-01 0.2319E-01 0.2671E-01 0.3019E-01 0.3596E-01 0.2112E-01 0.2266E-01 0.0000E+00
0.0000E+00 0.1918E-01 0.2124E-01 0.2956E-03 0.1094E-01 0.1072E-01 0.1239E-01 0.1068E-01 0.1938E-01 0.2637E-01 0.2225E-01 0.2312E-01 0.1917E-01 0.2494E-01 0.1991E-01 0.3126E-01 0.2513E-01 0.2931E-01 0.3160E-01 0.3025E-01 0.2737E-01 0.0000E+00
0.0000E+00 0.2052E-01 0.1978E-01 0.1200E-02 0.9337E-02 0.7897E-02 0.1095E-01 0.1108E-01 0.1558E-01 0.2412E-01 0.2310E-01 0.1221E-01 0.1579E-01 0.3285E-01 0.2574E-01 0.2815E-01 0.2831E-01 0.3330E-01 0.3776E-01 0.2910E-01 0.2432E-01 0.0000E+00
0.0000E+00 0.1457E-01 0.1882E-01 0.1270E-01 0.2466E-01 0.1875E-01 0.2532E-01 0.1062E-01 0.1404E-03 0.2099E-01 0.1213E-01 0.1555E-01 0.2495E-02 0.2830E-01 0.2219E-01 0.3062E-01 0.2274E-01 0.3244E-01 0.3553E-01 0.3139E-01 0.2785E-01 0.0000E+00
0.0000E+00 0.1985E-01 0.2919E-01 0.1071E-01 0.3527E-01 0.1947E-01 0.1620E-01 0.2155E-01 0.1332E-02 0.2087E-01 0.1049E-01 0.1050E-01 0.2053E-02 0.2619E-01 0.4009E-01 0.5483E-01 0.7065E-01 0.2643E-01 0.2653E-01 0.3060E-01 0.2499E-01 0.0000E+00
0.0000E+00 0.1228E-01 0.3540E-01 0.9172E-02 0.1466E-01 0.2484E-01 0.3193E-01 0.1989E-01 0.7131E-02 0.1934E-01 0.9460E-02 0.2146E-01 0.5897E-02 0.1496E-03 0.9470E-04 0.1258E-02 0.7369E-01 0.2422E-01 0.4308E-01 0.3399E-01 0.2412E-01 0.0000E+00
0.0000E+00 0.2112E-01 0.2626E-01 0.5002E-02 0.2571E-01 0.1665E-01 0.2690E-01 0.1190E-01 0.1258E-01 0.1785E-01 0.1704E-01 0.1719E-01 0.2780E-02 0.8855E-03 0.6612E-03 0.5990E-03 0.8449E-01 0.7761E-03 0.4390E-01 0.3232E-01 0.2069E-01 0.0000E+00
0.0000E+00 0.1134E-01 0.1963E-01 0.3615E-03 0.1664E-01 0.1819E-01 0.3401E-01 0.1941E-01 0.9550E-02 0.2445E-01 0.1297E-01 0.1455E-01 0.4616E-02 0.7439E-02 0.1457E-02 0.7778E-02 0.8455E-01 0.9028E-02 0.5587E-01 0.3030E-01 0.2547E-01 0.0000E+00
0.0000E+00 0.3614E-01 0.1847E-01 0.1184E-02 0.1447E-01 0.2028E-01 0.3516E-01 0.9514E-02 0.6306E-02 0.2246E-01 0.1975E-01 0.2247E-01 0.1236E-01 0.1473E-01 0.1337E-01 0.1211E-01 0.7528E-01 0.1114E-01 0.4470E-01 0.3036E-01 0.2863E-01 0.0000E+00
0.0000E+00 0.2614E-01 0.3220E-01 0.5937E-02 0.1522E-01 0.2606E-01 0.2282E-01 0.1721E-01 0.1635E-01 0.2863E-01 0.2504E-01 0.2954E-01 0.1474E-01 0.7384E-02 0.1113E-01 0.1434E-01 0.7748E-01 0.1040E-01 0.5953E-01 0.3386E-01 0.2355E-01 0.0000E+00
0.0000E+00 0.4097E-01 0.5251E-01 0.7174E-02 0.1281E-01 0.1667E-01 0.2676E-01 0.2113E-01 0.1772E-01 0.2879E-01 0.2622E-01 0.3036E-01 0.1666E-01 0.1230E-01 0.1513E-01 0.1485E-01 0.7514E-01 0.7815E-02 0.6294E-01 0.3240E-01 0.2425E-01 0.0000E+00
0.0000E+00 0.4271E-01 0.4121E-01 0.9456E-02 0.1179E-01 0.1101E-01 0.3264E-01 0.2447E-01 0.1787E-01 0.2952E-01 0.2680E-01 0.2726E-01 0.2162E-01 0.2382E-01 0.1043E-02 0.2753E-01 0.7599E-01 0.7205E-02 0.5744E-01 0.3449E-01 0.2945E-01 0.0000E+00
0.0000E+00 0.4452E-01 0.5392E-01 0.5239E-02 0.1148E-01 0.1130E-01 0.5151E-01 0.3372E-01 0.3625E-01 0.5498E-01 0.4073E-01 0.1899E-01 0.2607E-01 0.3275E-01 0.1121E-01 0.2379E-01 0.6783E-01 0.4245E-02 0.6455E-01 0.2291E-01 0.1496E-01 0.0000E+00
0.0000E+00 0.4141E-01 0.5220E-01 0.1562E-01 0.1465E-01 0.2860E-01 0.4903E-01 0.2406E-01 0.2115E-01 0.5064E-01 0.4353E-01 0.2091E-01 0.1721E-01 0.2794E-01 0.8640E-02 0.2213E-01 0.5550E-01 0.9343E-02 0.5889E-01 0.3035E-01 0.2597E-01 0.0000E+00
0.0000E+00 0.2512E-01 0.5714E-01 0.1927E-01 0.1265E-01 0.3304E-01 0.5521E-01 0.4177E-01 0.3156E-01 0.5303E-01 0.4812E-01 0.2852E-01 0.1253E-01 0.3058E-01 0.8928E-02 0.2600E-01 0.5102E-01 0.5030E-03 0.5680E-01 0.3389E-01 0.3074E-01 0.0000E+00
0.0000E+00 0.4377E-01 0.7796E-01 0.1147E-01 0.1080E-01 0.3711E-01 0.4934E-01 0.3571E-01 0.3474E-01 0.5388E-01 0.4669E-01 0.1706E-01 0.1108E-01 0.1856E-01 0.9856E-02 0.1686E-01 0.4949E-01 0.2743E-02 0.5747E-01 0.4287E-01 0.3427E-01 0.0000E+00
0.0000E+00 0.3081E-01 0.7988E-01 0.1208E-01 0.1421E-01 0.4955E-01 0.3079E-01 0.4253E-01 0.4509E-01 0.4711E-01 0.3599E-01 0.5222E-01 0.2518E-01 0.2139E-01 0.7110E-02 0.1660E-01 0.4751E-01 0.9250E-03 0.6155E-01 0.4263E-01 0.3418E-01 0.0000E+00
0.0000E+00 0.4163E-01 0.7920E-01 0.3968E-01 0.1829E-01 0.3808E-01 0.3526E-01 0.4245E-01 0.5849E-01 0.4782E-01 0.3100E-01 0.4287E-01 0.2856E-01 0.4167E-01 0.7137E-02 0.1872E-01 0.4700E-01 0.1240E-01 0.4791E-01 0.4814E-01 0.3595E-01 0.0000E+00
0.0000E+00 0.3020E-01 0.7449E-01 0.4429E-01 0.3848E-01 0.4340E-01 0.4692E-01 0.3964E-01 0.3619E-01 0.5909E-01 0.2840E-01 0.4615E-01 0.3096E-01 0.2201E-01 0.2491E-01 0.1592E-01 0.4735E-01 0.1636E-01 0.6419E-01 0.2972E-01 0.3485E-01 0.0000E+00
0.0000E+00 0.4954E-01 0.5534E-01 0.3658E-01 0.3004E-01 0.5680E-01 0.5127E-01 0.3637E-01 0.3628E-01 0.8253E-01 0.3501E-01 0.3325E-01 0.5081E-01 0.4448E-01 0.3177E-01 0.4442E-01 0.8241E-01 0.2406E-01 0.5915E-01 0.2787E-01 0.4002E-01 0.0000E+00
0.0000E+00 0.3919E-01 0.7085E-01 0.4691E-01 0.3405E-01 0.6619E-01 0.5354E-01 0.3471E-01 0.5605E-01 0.5976E-01 0.5233E-01 0.6120E-01 0.5123E-01 0.4881E-01 0.3493E-01 0.2880E-01 0.8007E-01 0.3333E-01 0.6289E-01 0.3224E-01 0.2780E-01 0.0000E+00
0.0000E+00 0.5265E-01 0.7186E-01 0.4292E-01 0.4813E-01 0.5574E-01 0.7037E-01 0.4534E-01 0.5094E-01 0.6775E-01 0.5609E-01 0.4188E-01 0.4751E-01 0.3785E-01 0.3072E-01 0.4550E-01 0.8134E-01 0.3586E-01 0.6704E-01 0.4443E-01 0.2557E-01 0.0000E+00
0.0000E+00 0.3572E-01 0.7533E-01 0.5831E-01 0.5165E-01 0.5283E-01 0.6787E-01 0.4134E-01 0.5512E-01 0.6461E-01 0.4977E-01 0.2917E-01 0.4324E-01 0.4765E-01 0.3717E-01 0.5010E-01 0.9517E-01 0.3396E-01 0.6592E-01 0.3937E-01 0.3211E-01 0.0000E+00
0.0000E+00 0.2841E-01 0.8278E-01 0.6269E-01 0.3569E-01 0.3675E-01 0.6404E-01 0.4552E-01 0.5471E-01 0.4620E-01 0.5411E-01 0.4840E-01 0.3570E-01 0.3521E-01 0.4487E-01 0.3517E-01 0.7392E-01 0.2131E-01 0.5544E-01 0.3702E-01 0.2191E-01 0.0000E+00
0.0000E+00 0.2763E-01 0.8134E-01 0.6252E-01 0.4705E-01 0.5746E-01 0.5687E-01 0.4092E-01 0.5016E-01 0.4067E-01 0.5468E-01 0.5197E-01 0.3268E-01 0.4267E-01 0.4345E-01 0.2517E-01 0.5538E-01 0.1760E-01 0.3933E-01 0.4846E-01 0.4067E-01 0.0000E+00
0.0000E+00 0.2769E-01 0.8166E-01 0.4209E-01 0.4457E-01 0.5851E-01 0.5414E-01 0.3280E-01 0.4139E-01 0.5867E-01 0.4042E-01 0.5026E-01 0.4028E-01 0.3983E-01 0.3795E-01 0.2168E-01 0.4897E-01 0.1790E-01 0.3497E-01 0.2553E-01 0.5800E-01 0.0000E+00
0.0000E+00 0.5872E-01 0.8957E-01 0.6043E-01 0.5614E-01 0.5335E-01 0.3599E-01 0.3383E-01 0.5073E-01 0.4030E-01 0.5185E-01 0.5167E-01 0.4094E-01 0.3708E-01 0.2965E-01 0.4334E-01 0.4540E-01 0.1779E-01 0.3646E-01 0.2590E-01 0.5887E-01 0.0000E+00
0.0000E+00 0.6954E-01 0.8895E-01 0.5240E-01 0.6265E-01 0.3536E-01 0.3139E-01 0.2594E-01 0.3546E-01 0.3984E-01 0.3528E-01 0.4552E-01 0.3197E-01 0.4101E-01 0.4068E-01 0.4557E-01 0.6640E-01 0.3535E-01 0.6884E-01 0.2473E-01 0.5596E-01 0.0000E+00
0.0000E+00 0.5985E-01 0.6363E-01 0.3897E-01 0.5694E-01 0.5201E-01 0.3558E-01 0.2321E-01 0.4943E-01 0.3663E-01 0.3099E-01 0.4415E-01 0.4753E-01 0.4007E-01 0.3300E-01 0.5275E-01 0.7487E-01 0.4754E-01 0.4469E-01 0.2724E-01 0.4554E-01 0.0000E+00
0.0000E+00 0.5238E-01 0.6282E-01 0.3107E-01 0.4627E-01 0.7117E-01 0.7388E-01 0.3494E-01 0.3604E-01 0.6032E-01 0.4688E-01 0.4465E-01 0.4794E-01 0.3336E-01 0.3658E-01 0.5753E-01 0.8533E-01 0.5191E-01 0.4906E-01 0.3405E-01 0.2951E-01 0.0000E+00
0.0000E+00 0.4678E-01 0.6595E-01 0.3794E-01 0.6764E-01 0.8466E-01 0.8400E-01 0.5078E-01 0.3246E-01 0.7196E-01 0.5762E-01 0.5101E-01 0.4341E-01 0.3144E-01 0.2798E-01 0.5829E-01 0.8647E-01 0.5910E-01 0.7531E-01 0.2787E-01 0.4604E-01 0.0000E+00
0.0000E+00 0.5781E-01 0.7620E-01 0.5534E-01 0.8239E-01 0.6484E-01 0.5620E-01 0.6829E-01 0.5218E-01 0.7950E-01 0.3740E-01 0.5697E-01 0.4441E-01 0.2292E-01 0.2163E-01 0.3650E-01 0.9527E-01 0.5301E-01 0.5103E-01 0.4384E-01 0.4962E-01 0.0000E+00
0.0000E+00 0.6341E-01 0.9654E-01 0.6383E-01 0.7488E-01 0.7472E-01 0.7230E-01 0.6975E-01 0.6546E-01 0.7999E-01 0.5710E-01 0.4531E-01 0.5181E-01 0.2877E-01 0.2107E-01 0.5899E-01 0.1010E+00 0.6420E-01 0.5151E-01 0.3802E-01 0.4581E-01 0.0000E+00
0.0000E+00 0.5575E-01 0.8382E-01 0.4646E-01 0.4345E-01 0.6954E-01 0.7596E-01 0.8046E-01 0.6623E-01 0.8653E-01 0.4366E-01 0.5508E-01 0.5820E-01 0.5867E-01 0.5137E-01 0.8007E-01 0.1013E+00 0.6013E-01 0.3637E-01 0.3804E-01 0.4799E-01 0.0000E+00
0.0000E+00 0.4335E-01 0.8417E-01 0.3607E-01 0.4034E-01 0.5362E-01 0.5495E-01 0.7290E-01 0.7031E-01 0.8826E-01 0.5377E-01 0.6835E-01 0.4573E-01 0.7164E-01 0.2619E-01 0.4588E-01 0.9223E-01 0.5289E-01 0.3102E-01 0.2096E-01 0.2733E-01 0.0000E+00
0.0000E+00 0.9714E-01 0.7631E-01 0.1297E-02 0.4974E-01 0.5525E-01 0.5796E-01 0.7119E-01 0.6901E-01 0.8806E-01 0.5547E-01 0.6428E-01 0.5522E-01 0.4259E-01 0.1733E-01 0.3290E-01 0.6976E-01 0.3917E-01 0.2926E-01 0.1657E-01 0.2240E-01 0.0000E+00
0.0000E+00 0.8919E-01 0.4766E-02 0.9851E-02 0.6154E-01 0.6271E-01 0.6389E-01 0.5420E-01 0.6755E-01 0.8590E-01 0.5597E-01 0.5325E-01 0.4848E-01 0.2918E-01 0.1490E-01 0.3044E-01 0.6067E-01 0.3383E-01 0.3959E-01 0.2366E-01 0.3381E-01 0.0000E+00
0.0000E+00 0.1105E+00 0.2862E-02 0.1693E-01 0.7661E-01 0.4246E-01 0.7235E-01 0.5949E-01 0.6299E-01 0.8330E-01 0.6493E-01 0.6111E-01 0.5250E-01 0.4709E-01 0.1410E-01 0.2903E-01 0.5554E-01 0.5386E-01 0.4881E-01 0.5038E-01 0.5324E-01 0.0000E+00
0.0000E+00 0.1110E+00 0.1384E-01 0.1908E-01 0.7093E-01 0.6608E-01 0.7025E-01 0.5163E-01 0.5615E-01 0.7455E-01 0.6165E-01 0.5225E-01 0.5272E-01 0.4689E-01 0.1293E-01 0.2797E-01 0.5341E-01 0.5540E-01 0.6545E-01 0.5155E-01 0.6124E-01 0.0000E+00
0.0000E+00 0.9534E-01 0.1250E-01 0.9724E-02 0.6949E-01 0.3693E-01 0.4381E-01 0.4327E-01 0.5130E-01 0.6548E-01 0.3786E-01 0.4378E-01 0.3959E-01 0.4307E-01 0.1702E-01 0.2717E-01 0.5099E-01 0.3631E-01 0.7197E-01 0.5127E-01 0.3333E-01 0.0000E+00
0.0000E+00 0.8979E-01 0.6720E-02 0.6206E-01 0.6015E-01 0.1656E-03 0.3570E-01 0.3401E-01 0.5357E-01 0.5813E-01 0.4254E-01 0.4009E-01 0.3848E-01 0.3455E-01 0.2347E-01 0.4668E-01 0.6661E-01 0.5385E-01 0.5273E-01 0.4809E-01 0.4385E-01 0.0000E+00
0.0000E+00 0.8479E-01 0.1792E-01 0.7061E-01 0.6376E-03 0.8910E-03 0.3240E-01 0.3031E-01 0.4491E-01 0.5541E-01 0.4075E-01 0.3316E-01 0.4130E-01 0.4291E-01 0.2765E-01 0.3032E-01 0.7362E-01 0.5722E-01 0.3753E-01 0.4889E-01 0.4955E-01 0.0000E+00
0.0000E+00 0.8181E-01 0.1545E-01 0.5988E-01 0.1097E-02 0.1962E-02 0.3067E-01 0.4738E-01 0.4445E-01 0.5776E-01 0.3850E-01 0.2942E-01 0.3695E-01 0.4079E-01 0.1737E-01 0.2950E-01 0.8107E-01 0.4933E-01 0.5735E-01 0.5162E-01 0.3756E-01 0.0000E+00
0.0000E+00 0.8011E-01 0.2140E-01 0.5990E-01 0.1385E-01 0.1333E-01 0.2973E-01 0.5511E-01 0.3739E-01 0.4591E-01 0.4427E-01 0.2933E-01 0.2829E-01 0.3193E-01 0.1325E-01 0.3481E-01 0.8060E-01 0.5105E-01 0.6478E-01 0.5334E-01 0.2893E-01 0.0000E+00
0.0000E+00 0.7609E-01 0.1449E-01 0.6708E-01 0.1561E-01 0.1527E-01 0.4394E-01 0.5853E-01 0.3817E-01 0.4674E-01 0.3920E-01 0.2967E-01 0.2479E-01 0.2218E-01 0.1044E-01 0.2732E-01 0.7560E-01 0.5441E-01 0.6700E-01 0.5029E-01 0.4874E-01 0.0000E+00
0.0000E+00 0.6905E-01 0.2068E-01 0.6977E-01 0.1653E-01 0.1282E-01 0.4399E-01 0.4970E-01 0.3780E-01 0.3764E-01 0.3780E-01 0.3287E-01 0.3215E-01 0.1813E-01 0.3065E-01 0.3726E-01 0.6969E-01 0.4461E-01 0.5803E-01 0.4334E-01 0.5731E-01 0.0000E+00
0.0000E+00 0.6573E-01 0.1603E-01 0.6260E-01 0.1617E-01 0.1778E-01 0.3736E-01 0.4649E-01 0.3296E-01 0.5193E-01 0.4016E-01 0.2541E-01 0.4034E-01 0.3655E-01 0.2497E-01 0.3625E-01 0.6638E-01 0.3563E-01 0.4689E-01 0.3595E-01 0.4437E-01 0.0000E+00
0.0000E+00 0.5533E-01 0.9942E-02 0.5996E-01 0.2353E-01 0.2480E-01 0.4935E-01 0.4594E-01 0.3106E-01 0.3885E-01 0.3710E-01 0.2255E-01 0.3895E-01 0.4665E-01 0.3094E-01 0.3901E-01 0.6255E-01 0.4385E-01 0.4774E-01 0.4175E-01 0.4966E-01 0.0000E+00
0.0000E+00 0.5133E-01 0.9310E-02 0.6254E-01 0.2702E-01 0.2730E-01 0.4678E-01 0.4878E-01 0.3357E-01 0.5510E-01 0.3481E-01 0.3168E-01 0.3324E-01 0.4624E-01 0.3017E-01 0.3879E-01 0.6967E-01 0.4882E-01 0.5650E-01 0.4017E-01 0.5406E-01 0.0000E+00
0.0000E+00 0.4763E-01 0.9237E-02 0.6361E-01 0.3430E-01 0.2820E-01 0.5100E-01 0.4650E-01 0.2468E-01 0.6748E-01 0.3769E-01 0.2896E-01 0.2716E-01 0.3907E-01 0.2919E-01 0.3806E-01 0.6829E-01 0.5525E-01 0.4898E-01 0.4335E-01 0.3929E-01 0.0000E+00
0.0000E+00 0.4531E-01 0.2029E-01 0.7632E-01 0.3689E-01 0.3177E-01 0.5281E-01 0.6434E-01 0.2659E-01 0.6927E-01 0.3687E-01 0.2687E-01 0.1998E-01 0.3087E-01 0.2881E-01 0.2791E-01 0.7233E-01 0.4506E-01 0.4661E-01 0.4337E-01 0.4414E-01 0.0000E+00
0.0000E+00 0.6209E-01 0.4014E-01 0.8078E-01 0.4115E-01 0.3828E-01 0.5165E-01 0.5999E-01 0.3795E-01 0.6126E-01 0.3045E-01 0.2620E-01 0.1688E-01 0.2101E-01 0.1746E-01 0.2504E-01 0.6258E-01 0.4076E-01 0.4430E-01 0.4013E-01 0.4823E-01 0.0000E+00
0.0000E+00 0.6921E-01 0.3606E-01 0.8058E-01 0.4704E-01 0.4334E-01 0.4334E-01 0.5571E-01 0.4551E-01 0.6019E-01 0.3385E-01 0.2561E-01 0.1266E-01 0.2017E-01 0.1408E-01 0.2500E-01 0.5490E-01 0.3197E-01 0.4334E-01 0.3877E-01 0.3980E-01 0.0000E+00
0.0000E+00 0.5152E-01 0.4835E-01 0.8039E-01 0.4677E-01 0.5120E-01 0.4835E-01 0.6346E-01 0.4209E-01 0.6471E-01 0.4036E-01 0.1418E-01 0.1060E-01 0.1828E-01 0.1258E-01 0.1820E-01 0.4785E-01 0.2734E-01 0.3519E-01 0.2612E-01 0.2918E-01 0.0000E+00
0.0000E+00 0.3780E-01 0.1185E+00 0.1135E+00 0.7230E-01 0.5930E-01 0.4291E-01 0.5216E-01 0.2836E-01 0.3689E-01 0.1847E-01 0.1682E-01 0.8431E-02 0.1405E-01 0.5604E-01 0.5052E-01 0.4148E-01 0.1845E-01 0.2875E-01 0.2164E-01 0.2176E-01 0.0000E+00
0.0000E+00 0.0000E+00 0.0000E+00 0.0000E+00 0.0000E+00 0.0000E+00 0.0000E+00 0.0000E+00 0.0000E+00 0.0000E+00 0.0000E+00 0.0000E+00 0.0000E+00 0.0000E+00 0.0000E+00 0.0000E+00 0.0000E+00 0.0000E+00 0.0000E+00 0.0000E+00 0.0000E+00 0.0000E+00
