p3_rainA_highsm_dschg.asc
ncols     22
nrows     62
xllcorner      0.00000000
yllcorner      0.00000000
cellsize      0.50000000
nodata_value -9999
0.0000E+00 0.0000E+00 0.0000E+00 0.0000E+00 0.0000E+00 0.0000E+00 0.0000E+00 0.0000E+00 0.0000E+00 0.0000E+00 0.0000E+00 0.0000E+00 0.0000E+00 0.0000E+00 0.0000E+00 0.0000E+00 0.0000E+00 0.0000E+00 0.0000E+00 0.0000E+00 0.0000E+00 0.0000E+00
0.0000E+00 0.7592E-02 0.8786E-02 0.7112E-02 0.1100E-01 0.8569E-02 0.9972E-02 0.1029E-01 0.8068E-02 0.6447E-02 0.6250E-02 0.7701E-02 0.9664E-02 0.1011E-01 0.6567E-02 0.1001E-01 0.1033E-01 0.1031E-01 0.1100E-01 0.7417E-02 0.8014E-02 0.0000E+00
0.0000E+00 0.1416E-01 0.1751E-01 0.1646E-01 0.1741E-01 0.1853E-01 0.1874E-01 0.1638E-01 0.1673E-01 0.1683E-01 0.1546E-01 0.1441E-01 0.1928E-01 0.1870E-01 0.1621E-01 0.1995E-01 0.2095E-01 0.1937E-01 0.2198E-01 0.1806E-01 0.1568E-01 0.0000E+00
0.0000E+00 0.2351E-01 0.2551E-01 0.2675E-01 0.2327E-01 0.2735E-01 0.2714E-01 0.2230E-01 0.2634E-01 0.2745E-01 0.2478E-01 0.2461E-01 0.2884E-01 0.2439E-01 0.2580E-01 0.3019E-01 0.3154E-01 0.2622E-01 0.3334E-01 0.2757E-01 0.2310E-01 0.0000E+00
0.0000E+00 0.3311E-01 0.3578E-01 0.3594E-01 0.2973E-01 0.3340E-01 0.3775E-01 0.2972E-01 0.3483E-01 0.3765E-01 0.3160E-01 0.3450E-01 0.3798E-01 0.3387E-01 0.3602E-01 0.4077E-01 0.4001E-01 0.3756E-01 0.4471E-01 0.3243E-01 0.3084E-01 0.0000E+00
0.0000E+00 0.4263E-01 0.4530E-01 0.4492E-01 0.3933E-01 0.4251E-01 0.4648E-01 0.3730E-01 0.4369E-01 0.4782E-01 0.4220E-01 0.3989E-01 0.4540E-01 0.4341E-01 0.4587E-01 0.5094E-01 0.4844E-01 0.4812E-01 0.5559E-01 0.3949E-01 0.3946E-01 0.0000E+00
0.0000E+00 0.4801E-01 0.1068E+00 0.5177E-01 0.4630E-01 0.5040E-01 0.5412E-01 0.4384E-01 0.5023E-01 0.5199E-01 0.4863E-01 0.4839E-01 0.5135E-01 0.5223E-01 0.5643E-01 0.6106E-01 0.5823E-01 0.5867E-01 0.6516E-01 0.5009E-01 0.4903E-01 0.0000E+00
0.0000E+00 0.5718E-01 0.1130E+00 0.6260E-02 0.5247E-01 0.5635E-01 0.5921E-01 0.5028E-01 0.5713E-01 0.5938E-01 0.5530E-01 0.5619E-01 0.5718E-01 0.6098E-01 0.6488E-01 0.7037E-01 0.6760E-01 0.6962E-01 0.7320E-01 0.5958E-01 0.5687E-01 0.0000E+00
0.0000E+00 0.6443E-01 0.1173E+00 0.1248E-01 0.5830E-01 0.6182E-01 0.6426E-01 0.5630E-01 0.6407E-01 0.1299E+00 0.6179E-01 0.6147E-01 0.6368E-01 0.1333E+00 0.7461E-01 0.7924E-01 0.7678E-01 0.8011E-01 0.7931E-01 0.6695E-01 0.6190E-01 0.0000E+00
0.0000E+00 0.7087E-01 0.1221E+00 0.2076E-01 0.6616E-01 0.6757E-01 0.7000E-01 0.6255E-01 0.6239E-02 0.1347E+00 0.6735E-01 0.6717E-01 0.7764E-02 0.1481E+00 0.8471E-01 0.8811E-01 0.8423E-01 0.9059E-01 0.8780E-01 0.7677E-01 0.6956E-01 0.0000E+00
0.0000E+00 0.7934E-01 0.1326E+00 0.3174E-01 0.7641E-01 0.7347E-01 0.7563E-01 0.6845E-01 0.1246E-01 0.1398E+00 0.7299E-01 0.7281E-01 0.6518E-02 0.1555E+00 0.2463E+00 0.3428E+00 0.4370E+00 0.1015E+00 0.9430E-01 0.8694E-01 0.7841E-01 0.0000E+00
0.0000E+00 0.8482E-01 0.1417E+00 0.4287E-01 0.8148E-01 0.8095E-01 0.8299E-01 0.7454E-01 0.1992E-01 0.1451E+00 0.7897E-01 0.8100E-01 0.1332E-01 0.6269E-02 0.6227E-02 0.7497E-02 0.4545E+00 0.1121E+00 0.2113E+00 0.9631E-01 0.8755E-01 0.0000E+00
0.0000E+00 0.9394E-01 0.1510E+00 0.4692E-01 0.1389E+00 0.8880E-01 0.9320E-01 0.8044E-01 0.2850E-01 0.1504E+00 0.8886E-01 0.9049E-01 0.1959E-01 0.1247E-01 0.1242E-01 0.6278E-02 0.4614E+00 0.6285E-02 0.2149E+00 0.1050E+00 0.9436E-01 0.0000E+00
0.0000E+00 0.9885E-01 0.1548E+00 0.6265E-02 0.1431E+00 0.9597E-01 0.1038E+00 0.9102E-01 0.3599E-01 0.1581E+00 0.9453E-01 0.1014E+00 0.2728E-01 0.2053E-01 0.1859E-01 0.1382E-01 0.4704E+00 0.1628E-01 0.2240E+00 0.1121E+00 0.1017E+00 0.0000E+00
0.0000E+00 0.1082E+00 0.1591E+00 0.1249E-01 0.1479E+00 0.1015E+00 0.1139E+00 0.9571E-01 0.4224E-01 0.1647E+00 0.1004E+00 0.1070E+00 0.3712E-01 0.3017E-01 0.2890E-01 0.2379E-01 0.4764E+00 0.2596E-01 0.2293E+00 0.1169E+00 0.1079E+00 0.0000E+00
0.0000E+00 0.1144E+00 0.1656E+00 0.1989E-01 0.1531E+00 0.1126E+00 0.1196E+00 0.1063E+00 0.5248E-01 0.1756E+00 0.1092E+00 0.1146E+00 0.4757E-01 0.3767E-01 0.3912E-01 0.3225E-01 0.4825E+00 0.3327E-01 0.2700E+00 0.1270E+00 0.1174E+00 0.0000E+00
0.0000E+00 0.1246E+00 0.1766E+00 0.2750E-01 0.1587E+00 0.1231E+00 0.1248E+00 0.1168E+00 0.6269E-01 0.1857E+00 0.1194E+00 0.1251E+00 0.5814E-01 0.4753E-01 0.4786E-01 0.8474E-01 0.4933E+00 0.1066E-01 0.2878E+00 0.1367E+00 0.1284E+00 0.0000E+00
0.0000E+00 0.1360E+00 0.1840E+00 0.3555E-01 0.1640E+00 0.1270E+00 0.1334E+00 0.1246E+00 0.7325E-01 0.1963E+00 0.1295E+00 0.1361E+00 0.6829E-01 0.5701E-01 0.6384E-02 0.9566E-01 0.5042E+00 0.1066E-01 0.3067E+00 0.1476E+00 0.1377E+00 0.0000E+00
0.0000E+00 0.1463E+00 0.1949E+00 0.4136E-01 0.1692E+00 0.1316E+00 0.1432E+00 0.1344E+00 0.8263E-01 0.2057E+00 0.1393E+00 0.1414E+00 0.7826E-01 0.6683E-01 0.1639E-01 0.1062E+00 0.5144E+00 0.1136E-01 0.3277E+00 0.1523E+00 0.1418E+00 0.0000E+00
0.0000E+00 0.1551E+00 0.2063E+00 0.5018E-01 0.1747E+00 0.1393E+00 0.1546E+00 0.1397E+00 0.8724E-01 0.2143E+00 0.1502E+00 0.1490E+00 0.8313E-01 0.7654E-01 0.2434E-01 0.1129E+00 0.5164E+00 0.1066E-01 0.3475E+00 0.1631E+00 0.1522E+00 0.0000E+00
0.0000E+00 0.1587E+00 0.2171E+00 0.5868E-01 0.1799E+00 0.1471E+00 0.1647E+00 0.1493E+00 0.9735E-01 0.2256E+00 0.1612E+00 0.1587E+00 0.8739E-01 0.8515E-01 0.3337E-01 0.1232E+00 0.5192E+00 0.6307E-02 0.3647E+00 0.1736E+00 0.1622E+00 0.0000E+00
0.0000E+00 0.1655E+00 0.2282E+00 0.6398E-01 0.1851E+00 0.1584E+00 0.1727E+00 0.1572E+00 0.1054E+00 0.2370E+00 0.1710E+00 0.1632E+00 0.9213E-01 0.8921E-01 0.3856E-01 0.1269E+00 0.5224E+00 0.7917E-02 0.3839E+00 0.1828E+00 0.1692E+00 0.0000E+00
0.0000E+00 0.1698E+00 0.2369E+00 0.7020E-01 0.1912E+00 0.1696E+00 0.1769E+00 0.1678E+00 0.1159E+00 0.2477E+00 0.1814E+00 0.1741E+00 0.9813E-01 0.9496E-01 0.4431E-01 0.1313E+00 0.5256E+00 0.6426E-02 0.3966E+00 0.1941E+00 0.1797E+00 0.0000E+00
0.0000E+00 0.1771E+00 0.2482E+00 0.8045E-01 0.1983E+00 0.1809E+00 0.1869E+00 0.1755E+00 0.1253E+00 0.2552E+00 0.1865E+00 0.1838E+00 0.1048E+00 0.1020E+00 0.5020E-01 0.1361E+00 0.5289E+00 0.1050E-01 0.3993E+00 0.2034E+00 0.1894E+00 0.0000E+00
0.0000E+00 0.1835E+00 0.2591E+00 0.9068E-01 0.2074E+00 0.1889E+00 0.1956E+00 0.1815E+00 0.1305E+00 0.2607E+00 0.1902E+00 0.1879E+00 0.1106E+00 0.1070E+00 0.5941E-01 0.1411E+00 0.5325E+00 0.1971E-01 0.4094E+00 0.2081E+00 0.1975E+00 0.0000E+00
0.0000E+00 0.1933E+00 0.2645E+00 0.1001E+00 0.2122E+00 0.1931E+00 0.2016E+00 0.1856E+00 0.1349E+00 0.2694E+00 0.1943E+00 0.1920E+00 0.1161E+00 0.1127E+00 0.6655E-01 0.1477E+00 0.5428E+00 0.2929E-01 0.4203E+00 0.2193E+00 0.2084E+00 0.0000E+00
0.0000E+00 0.1995E+00 0.2727E+00 0.1102E+00 0.2235E+00 0.2012E+00 0.2085E+00 0.1920E+00 0.1458E+00 0.2757E+00 0.1992E+00 0.1974E+00 0.1219E+00 0.1198E+00 0.7366E-01 0.1534E+00 0.5485E+00 0.3500E-01 0.4306E+00 0.2297E+00 0.2159E+00 0.0000E+00
0.0000E+00 0.2104E+00 0.2840E+00 0.1178E+00 0.2313E+00 0.2078E+00 0.2159E+00 0.1995E+00 0.1556E+00 0.2861E+00 0.2092E+00 0.2021E+00 0.1281E+00 0.1279E+00 0.8254E-01 0.1640E+00 0.5597E+00 0.4559E-01 0.4385E+00 0.2331E+00 0.2216E+00 0.0000E+00
0.0000E+00 0.2147E+00 0.2929E+00 0.1275E+00 0.2396E+00 0.2152E+00 0.2236E+00 0.2071E+00 0.1645E+00 0.2957E+00 0.2188E+00 0.2066E+00 0.1346E+00 0.1374E+00 0.9137E-01 0.1743E+00 0.5706E+00 0.5657E-01 0.4497E+00 0.2400E+00 0.2320E+00 0.0000E+00
0.0000E+00 0.2190E+00 0.3020E+00 0.1380E+00 0.2454E+00 0.2195E+00 0.2321E+00 0.2176E+00 0.1734E+00 0.3002E+00 0.2285E+00 0.2117E+00 0.1401E+00 0.1422E+00 0.9817E-01 0.1801E+00 0.5779E+00 0.6256E-01 0.4577E+00 0.2487E+00 0.2372E+00 0.0000E+00
0.0000E+00 0.2244E+00 0.3128E+00 0.1478E+00 0.2558E+00 0.2288E+00 0.2406E+00 0.2260E+00 0.1819E+00 0.3055E+00 0.2328E+00 0.2204E+00 0.1458E+00 0.1485E+00 0.1060E+00 0.1844E+00 0.5806E+00 0.6715E-01 0.4598E+00 0.2583E+00 0.2453E+00 0.0000E+00
0.0000E+00 0.2300E+00 0.3242E+00 0.1530E+00 0.2654E+00 0.2386E+00 0.2511E+00 0.2369E+00 0.1893E+00 0.3155E+00 0.2387E+00 0.2305E+00 0.1563E+00 0.1551E+00 0.1140E+00 0.1892E+00 0.5834E+00 0.7228E-01 0.4624E+00 0.2617E+00 0.2549E+00 0.0000E+00
0.0000E+00 0.2376E+00 0.3300E+00 0.1634E+00 0.2762E+00 0.2487E+00 0.2545E+00 0.2450E+00 0.1978E+00 0.3203E+00 0.2472E+00 0.2407E+00 0.1673E+00 0.1623E+00 0.1197E+00 0.1970E+00 0.5865E+00 0.7777E-01 0.4665E+00 0.2680E+00 0.2648E+00 0.0000E+00
0.0000E+00 0.2443E+00 0.3357E+00 0.1718E+00 0.2867E+00 0.2522E+00 0.2583E+00 0.2486E+00 0.2018E+00 0.3266E+00 0.2526E+00 0.2516E+00 0.1730E+00 0.1721E+00 0.1269E+00 0.2037E+00 0.5925E+00 0.8694E-01 0.4769E+00 0.2741E+00 0.2753E+00 0.0000E+00
0.0000E+00 0.2509E+00 0.3402E+00 0.1785E+00 0.2971E+00 0.2608E+00 0.2694E+00 0.2529E+00 0.2079E+00 0.3314E+00 0.2572E+00 0.2630E+00 0.1795E+00 0.1801E+00 0.1325E+00 0.2124E+00 0.5982E+00 0.9791E-01 0.4798E+00 0.2853E+00 0.2866E+00 0.0000E+00
0.0000E+00 0.2583E+00 0.3474E+00 0.1823E+00 0.3061E+00 0.2709E+00 0.2803E+00 0.2596E+00 0.2128E+00 0.3413E+00 0.2666E+00 0.2690E+00 0.1870E+00 0.1861E+00 0.1396E+00 0.2225E+00 0.6074E+00 0.1088E+00 0.4871E+00 0.2954E+00 0.2905E+00 0.0000E+00
0.0000E+00 0.2632E+00 0.3513E+00 0.1867E+00 0.3132E+00 0.2810E+00 0.2907E+00 0.2694E+00 0.2177E+00 0.3508E+00 0.2768E+00 0.2765E+00 0.1929E+00 0.1931E+00 0.1461E+00 0.2330E+00 0.6159E+00 0.1199E+00 0.4975E+00 0.3006E+00 0.2980E+00 0.0000E+00
0.0000E+00 0.2680E+00 0.3547E+00 0.1914E+00 0.3227E+00 0.2882E+00 0.2950E+00 0.2795E+00 0.2249E+00 0.3600E+00 0.2808E+00 0.2837E+00 0.1981E+00 0.1978E+00 0.1514E+00 0.2367E+00 0.6263E+00 0.1291E+00 0.5010E+00 0.3089E+00 0.3061E+00 0.0000E+00
0.0000E+00 0.2727E+00 0.3582E+00 0.1961E+00 0.3315E+00 0.2983E+00 0.3042E+00 0.2908E+00 0.2358E+00 0.3713E+00 0.2877E+00 0.2876E+00 0.2045E+00 0.2033E+00 0.1566E+00 0.2470E+00 0.6354E+00 0.1386E+00 0.5065E+00 0.3188E+00 0.3132E+00 0.0000E+00
0.0000E+00 0.2779E+00 0.3628E+00 0.2010E+00 0.3346E+00 0.3039E+00 0.3139E+00 0.3009E+00 0.2459E+00 0.3809E+00 0.2925E+00 0.2917E+00 0.2119E+00 0.2131E+00 0.1623E+00 0.2571E+00 0.6448E+00 0.1475E+00 0.5096E+00 0.3262E+00 0.3209E+00 0.0000E+00
0.0000E+00 0.2830E+00 0.5729E+00 0.2060E+00 0.3383E+00 0.3081E+00 0.3195E+00 0.3087E+00 0.2548E+00 0.3891E+00 0.3004E+00 0.2980E+00 0.2190E+00 0.2241E+00 0.1675E+00 0.2608E+00 0.6521E+00 0.1558E+00 0.5126E+00 0.3293E+00 0.3242E+00 0.0000E+00
0.0000E+00 0.8635E+00 0.5767E+00 0.6344E-02 0.3424E+00 0.3124E+00 0.3242E+00 0.3171E+00 0.2623E+00 0.3978E+00 0.3117E+00 0.3040E+00 0.2292E+00 0.2292E+00 0.1727E+00 0.2646E+00 0.6547E+00 0.1596E+00 0.5157E+00 0.3327E+00 0.3276E+00 0.0000E+00
0.0000E+00 0.8672E+00 0.6616E-02 0.1276E-01 0.3466E+00 0.3164E+00 0.3281E+00 0.3220E+00 0.2702E+00 0.4064E+00 0.3231E+00 0.3144E+00 0.2401E+00 0.2337E+00 0.1779E+00 0.2688E+00 0.6575E+00 0.1634E+00 0.5199E+00 0.3387E+00 0.3332E+00 0.0000E+00
0.0000E+00 0.8717E+00 0.1286E-01 0.1914E-01 0.3510E+00 0.3204E+00 0.3325E+00 0.3287E+00 0.2786E+00 0.4155E+00 0.3335E+00 0.3248E+00 0.2499E+00 0.2441E+00 0.1831E+00 0.2732E+00 0.6608E+00 0.1719E+00 0.5267E+00 0.3497E+00 0.3444E+00 0.0000E+00
0.0000E+00 0.8764E+00 0.1932E-01 0.2568E-01 0.3559E+00 0.3254E+00 0.3381E+00 0.3358E+00 0.2874E+00 0.4245E+00 0.3444E+00 0.3357E+00 0.2612E+00 0.2520E+00 0.1883E+00 0.2776E+00 0.6642E+00 0.1766E+00 0.5325E+00 0.3610E+00 0.3553E+00 0.0000E+00
0.0000E+00 0.8811E+00 0.2610E-01 0.3175E-01 0.6889E+00 0.3293E+00 0.3419E+00 0.3419E+00 0.2979E+00 0.4339E+00 0.3490E+00 0.3457E+00 0.2726E+00 0.2605E+00 0.1940E+00 0.2823E+00 0.6676E+00 0.1810E+00 0.5383E+00 0.3724E+00 0.3583E+00 0.0000E+00
0.0000E+00 0.8875E+00 0.3228E-01 0.7284E+00 0.6928E+00 0.6244E-02 0.3457E+00 0.3456E+00 0.3083E+00 0.4425E+00 0.3574E+00 0.3544E+00 0.2839E+00 0.2683E+00 0.2009E+00 0.2898E+00 0.6733E+00 0.1865E+00 0.5433E+00 0.3833E+00 0.3692E+00 0.0000E+00
0.0000E+00 0.8948E+00 0.4101E-01 0.7365E+00 0.6280E-02 0.1245E-01 0.3496E+00 0.3494E+00 0.3178E+00 0.4524E+00 0.3682E+00 0.3610E+00 0.2943E+00 0.2757E+00 0.2096E+00 0.2943E+00 0.6804E+00 0.1930E+00 0.5465E+00 0.3907E+00 0.3783E+00 0.0000E+00
0.0000E+00 0.9009E+00 0.4903E-01 0.7404E+00 0.1250E-01 0.1863E-01 0.3536E+00 0.3589E+00 0.3269E+00 0.4623E+00 0.3770E+00 0.3658E+00 0.3042E+00 0.2846E+00 0.2160E+00 0.2994E+00 0.6900E+00 0.1989E+00 0.5507E+00 0.3964E+00 0.3825E+00 0.0000E+00
0.0000E+00 0.9081E+00 0.5893E-01 0.7515E+00 0.2282E-01 0.2653E-01 0.3581E+00 0.3685E+00 0.3358E+00 0.4717E+00 0.3874E+00 0.3711E+00 0.3126E+00 0.2922E+00 0.2210E+00 0.3045E+00 0.6992E+00 0.2082E+00 0.5559E+00 0.4019E+00 0.3877E+00 0.0000E+00
0.0000E+00 0.9153E+00 0.6556E-01 0.7607E+00 0.3173E-01 0.3441E-01 0.3685E+00 0.3781E+00 0.3432E+00 0.4806E+00 0.3974E+00 0.3779E+00 0.3193E+00 0.2999E+00 0.2260E+00 0.3100E+00 0.7074E+00 0.2184E+00 0.5650E+00 0.4126E+00 0.3981E+00 0.0000E+00
0.0000E+00 0.9229E+00 0.7494E-01 0.7699E+00 0.3994E-01 0.4248E-01 0.3751E+00 0.3858E+00 0.3513E+00 0.4832E+00 0.4082E+00 0.3867E+00 0.3266E+00 0.3036E+00 0.2310E+00 0.3166E+00 0.7148E+00 0.2273E+00 0.5750E+00 0.4221E+00 0.4083E+00 0.0000E+00
0.0000E+00 0.9301E+00 0.8317E-01 0.7777E+00 0.4727E-01 0.5050E-01 0.3824E+00 0.3934E+00 0.3595E+00 0.4924E+00 0.4172E+00 0.3950E+00 0.3348E+00 0.3085E+00 0.2376E+00 0.3232E+00 0.7213E+00 0.2348E+00 0.5807E+00 0.4325E+00 0.4183E+00 0.0000E+00
0.0000E+00 0.9335E+00 0.8777E-01 0.7876E+00 0.5612E-01 0.6006E-01 0.3919E+00 0.4029E+00 0.3677E+00 0.4967E+00 0.4251E+00 0.4040E+00 0.3438E+00 0.3185E+00 0.2472E+00 0.3304E+00 0.7253E+00 0.2433E+00 0.5845E+00 0.4400E+00 0.4271E+00 0.0000E+00
0.0000E+00 0.9370E+00 0.9305E-01 0.7943E+00 0.6527E-01 0.7028E-01 0.4020E+00 0.4138E+00 0.3767E+00 0.5055E+00 0.4336E+00 0.4145E+00 0.3519E+00 0.3290E+00 0.2573E+00 0.3386E+00 0.7302E+00 0.2488E+00 0.5882E+00 0.4440E+00 0.4324E+00 0.0000E+00
0.0000E+00 0.9405E+00 0.9851E-01 0.8056E+00 0.7437E-01 0.7995E-01 0.4125E+00 0.4243E+00 0.3803E+00 0.5145E+00 0.4428E+00 0.4240E+00 0.3618E+00 0.3399E+00 0.2667E+00 0.3471E+00 0.7352E+00 0.2554E+00 0.5920E+00 0.4519E+00 0.4422E+00 0.0000E+00
0.0000E+00 0.9441E+00 0.1068E+00 0.8156E+00 0.8344E-01 0.8935E-01 0.4229E+00 0.4333E+00 0.3860E+00 0.5230E+00 0.4499E+00 0.4318E+00 0.3693E+00 0.3462E+00 0.2764E+00 0.3551E+00 0.7417E+00 0.2617E+00 0.6014E+00 0.4586E+00 0.4469E+00 0.0000E+00
0.0000E+00 0.9504E+00 0.1158E+00 0.8251E+00 0.9286E-01 0.9852E-01 0.4329E+00 0.4423E+00 0.3920E+00 0.5301E+00 0.4578E+00 0.4405E+00 0.3747E+00 0.3495E+00 0.2818E+00 0.3633E+00 0.7499E+00 0.2687E+00 0.6105E+00 0.4681E+00 0.4536E+00 0.0000E+00
0.0000E+00 0.9568E+00 0.1255E+00 0.8355E+00 0.1030E+00 0.1083E+00 0.4396E+00 0.4487E+00 0.3991E+00 0.5363E+00 0.4672E+00 0.4513E+00 0.3777E+00 0.3531E+00 0.2855E+00 0.3692E+00 0.7582E+00 0.2761E+00 0.6205E+00 0.4780E+00 0.4602E+00 0.0000E+00
0.0000E+00 0.9605E+00 0.1358E+00 0.8436E+00 0.1124E+00 0.1172E+00 0.4448E+00 0.4538E+00 0.4051E+00 0.5412E+00 0.4730E+00 0.4553E+00 0.3810E+00 0.3569E+00 0.2896E+00 0.3734E+00 0.7613E+00 0.2831E+00 0.6287E+00 0.4846E+00 0.4665E+00 0.0000E+00
0.0000E+00 0.9642E+00 0.1693E+01 0.1548E+01 0.6981E+00 0.5763E+00 0.4505E+00 0.8721E+00 0.4117E+00 0.5449E+00 0.4786E+00 0.8505E+00 0.3870E+00 0.3605E+00 0.1434E+01 0.1140E+01 0.7641E+00 0.2870E+00 0.6315E+00 0.4890E+00 0.4717E+00 0.0000E+00
0.0000E+00 0.0000E+00 0.0000E+00 0.0000E+00 0.0000E+00 0.0000E+00 0.0000E+00 0.0000E+00 0.0000E+00 0.0000E+00 0.0000E+00 0.0000E+00 0.0000E+00 0.0000E+00 0.0000E+00 0.0000E+00 0.0000E+00 0.0000E+00 0.0000E+00 0.0000E+00 0.0000E+00 0.0000E+00
