p3_rainC_lowsm_dschg.asc
ncols     22
nrows     62
xllcorner      0.00000000
yllcorner      0.00000000
cellsize      0.50000000
nodata_value -9999
0.0000E+00 0.0000E+00 0.0000E+00 0.0000E+00 0.0000E+00 0.0000E+00 0.0000E+00 0.0000E+00 0.0000E+00 0.0000E+00 0.0000E+00 0.0000E+00 0.0000E+00 0.0000E+00 0.0000E+00 0.0000E+00 0.0000E+00 0.0000E+00 0.0000E+00 0.0000E+00 0.0000E+00 0.0000E+00
0.0000E+00 0.9986E-03 0.1482E-02 0.5667E-03 0.2576E-02 0.1301E-02 0.2030E-02 0.2156E-02 0.1154E-02 0.2982E-03 0.1230E-03 0.8990E-03 0.1944E-02 0.2100E-02 0.2487E-03 0.2044E-02 0.2206E-02 0.2136E-02 0.2581E-02 0.7473E-03 0.1096E-02 0.0000E+00
0.0000E+00 0.1155E-02 0.2966E-02 0.2331E-02 0.2776E-02 0.3347E-02 0.3504E-02 0.2206E-02 0.2500E-02 0.2540E-02 0.1797E-02 0.1154E-02 0.3859E-02 0.3411E-02 0.2088E-02 0.4079E-02 0.4590E-02 0.3767E-02 0.5017E-02 0.3078E-02 0.2061E-02 0.0000E+00
0.0000E+00 0.2940E-02 0.4037E-02 0.4582E-02 0.2712E-02 0.4823E-02 0.4781E-02 0.2014E-02 0.4369E-02 0.4821E-02 0.3477E-02 0.3308E-02 0.5749E-02 0.3321E-02 0.3843E-02 0.6255E-02 0.6938E-02 0.4222E-02 0.7708E-02 0.4922E-02 0.2944E-02 0.0000E+00
0.0000E+00 0.4693E-02 0.6229E-02 0.6277E-02 0.3017E-02 0.5004E-02 0.7129E-02 0.2769E-02 0.5713E-02 0.6997E-02 0.3899E-02 0.5323E-02 0.7332E-02 0.5098E-02 0.6023E-02 0.8581E-02 0.8221E-02 0.6920E-02 0.1039E-01 0.4256E-02 0.3981E-02 0.0000E+00
0.0000E+00 0.6529E-02 0.7999E-02 0.7842E-02 0.4804E-02 0.6538E-02 0.8632E-02 0.3651E-02 0.7225E-02 0.9167E-02 0.6188E-02 0.5047E-02 0.8204E-02 0.6866E-02 0.8022E-02 0.1076E-01 0.9448E-02 0.9137E-02 0.1284E-01 0.4642E-02 0.5203E-02 0.0000E+00
0.0000E+00 0.6263E-02 0.1821E-01 0.8225E-02 0.5509E-02 0.7536E-02 0.9601E-02 0.3989E-02 0.7668E-02 0.8277E-02 0.6433E-02 0.6292E-02 0.8342E-02 0.8333E-02 0.1041E-01 0.1290E-01 0.1140E-01 0.1150E-01 0.1478E-01 0.7006E-02 0.7054E-02 0.0000E+00
0.0000E+00 0.7877E-02 0.1836E-01 0.1419E-03 0.5561E-02 0.7649E-02 0.9091E-02 0.4166E-02 0.8222E-02 0.9190E-02 0.6874E-02 0.7310E-02 0.8206E-02 0.9829E-02 0.1167E-01 0.1471E-01 0.1323E-01 0.1398E-01 0.1585E-01 0.8855E-02 0.8048E-02 0.0000E+00
0.0000E+00 0.8629E-02 0.1736E-01 0.2957E-03 0.5415E-02 0.7168E-02 0.8524E-02 0.4168E-02 0.8616E-02 0.1804E-01 0.7186E-02 0.6885E-02 0.8518E-02 0.1976E-01 0.1354E-01 0.1622E-01 0.1484E-01 0.1620E-01 0.1633E-01 0.9641E-02 0.7724E-02 0.0000E+00
0.0000E+00 0.8856E-02 0.1641E-01 0.1497E-02 0.6369E-02 0.6905E-02 0.8348E-02 0.4335E-02 0.1824E-03 0.1719E-01 0.6615E-02 0.6528E-02 0.9924E-03 0.2127E-01 0.1565E-01 0.1770E-01 0.1570E-01 0.1842E-01 0.1765E-01 0.1160E-01 0.8475E-02 0.0000E+00
0.0000E+00 0.1021E-01 0.1858E-01 0.4016E-02 0.8562E-02 0.6677E-02 0.7782E-02 0.4333E-02 0.2740E-03 0.1632E-01 0.6122E-02 0.6086E-02 0.3698E-03 0.2206E-01 0.3787E-01 0.5681E-01 0.7440E-01 0.2089E-01 0.1806E-01 0.1372E-01 0.9929E-02 0.0000E+00
0.0000E+00 0.9709E-02 0.2011E-01 0.6571E-02 0.7906E-02 0.7432E-02 0.8606E-02 0.4376E-02 0.1126E-02 0.1538E-01 0.5845E-02 0.7127E-02 0.8739E-03 0.1631E-03 0.1662E-03 0.7470E-03 0.7706E-01 0.2317E-01 0.4091E-01 0.1558E-01 0.1151E-01 0.0000E+00
0.0000E+00 0.1126E-01 0.2176E-01 0.5405E-02 0.1563E-01 0.8296E-02 0.1074E-01 0.4197E-02 0.2534E-02 0.1440E-01 0.7719E-02 0.8899E-02 0.9568E-03 0.3239E-03 0.2313E-03 0.1740E-03 0.7777E-01 0.1470E-03 0.3989E-01 0.1708E-01 0.1205E-01 0.0000E+00
0.0000E+00 0.1024E-01 0.2055E-01 0.1379E-03 0.1464E-01 0.8814E-02 0.1303E-01 0.6526E-02 0.3319E-02 0.1514E-01 0.7544E-02 0.1142E-01 0.1788E-02 0.1389E-02 0.4000E-03 0.1023E-02 0.7938E-01 0.2239E-02 0.4149E-01 0.1774E-01 0.1286E-01 0.0000E+00
0.0000E+00 0.1188E-01 0.1924E-01 0.2732E-03 0.1372E-01 0.8558E-02 0.1515E-01 0.5682E-02 0.3299E-02 0.1506E-01 0.7338E-02 0.1139E-01 0.3771E-02 0.3238E-02 0.2624E-02 0.2958E-02 0.7948E-01 0.4065E-02 0.4129E-01 0.1741E-01 0.1295E-01 0.0000E+00
0.0000E+00 0.1186E-01 0.1925E-01 0.9824E-03 0.1288E-01 0.1116E-01 0.1506E-01 0.7962E-02 0.5454E-02 0.1746E-01 0.8763E-02 0.1228E-01 0.6096E-02 0.4024E-02 0.4773E-02 0.4302E-02 0.7968E-01 0.4830E-02 0.4705E-01 0.1947E-01 0.1460E-01 0.0000E+00
0.0000E+00 0.1391E-01 0.2181E-01 0.1672E-02 0.1219E-01 0.1343E-01 0.1490E-01 0.1028E-01 0.7650E-02 0.1953E-01 0.1086E-01 0.1451E-01 0.8402E-02 0.5971E-02 0.6247E-02 0.9802E-02 0.8201E-01 0.2370E-02 0.5013E-01 0.2141E-01 0.1707E-01 0.0000E+00
0.0000E+00 0.1658E-01 0.2242E-01 0.2706E-02 0.1145E-01 0.1225E-01 0.1633E-01 0.1132E-01 0.9952E-02 0.2178E-01 0.1298E-01 0.1699E-01 0.1054E-01 0.7849E-02 0.2341E-03 0.1225E-01 0.8444E-01 0.2368E-02 0.5374E-01 0.2388E-01 0.1869E-01 0.0000E+00
0.0000E+00 0.1870E-01 0.2490E-01 0.2311E-02 0.1055E-01 0.1117E-01 0.1822E-01 0.1322E-01 0.1177E-01 0.2353E-01 0.1492E-01 0.1659E-01 0.1260E-01 0.9793E-02 0.2254E-02 0.1449E-01 0.8655E-01 0.2734E-02 0.5829E-01 0.2312E-01 0.1751E-01 0.0000E+00
0.0000E+00 0.2013E-01 0.2757E-01 0.3702E-02 0.9916E-02 0.1191E-01 0.2087E-01 0.1289E-01 0.1114E-01 0.2479E-01 0.1731E-01 0.1741E-01 0.1212E-01 0.1172E-01 0.3290E-02 0.1498E-01 0.8479E-01 0.2361E-02 0.6226E-01 0.2556E-01 0.1971E-01 0.0000E+00
0.0000E+00 0.1893E-01 0.2995E-01 0.4971E-02 0.9179E-02 0.1264E-01 0.2295E-01 0.1474E-01 0.1327E-01 0.2742E-01 0.1975E-01 0.1923E-01 0.1120E-01 0.1310E-01 0.4929E-02 0.1717E-01 0.8298E-01 0.1663E-03 0.6485E-01 0.2774E-01 0.2168E-01 0.0000E+00
0.0000E+00 0.1946E-01 0.3245E-01 0.4513E-02 0.8301E-02 0.1529E-01 0.2387E-01 0.1576E-01 0.1425E-01 0.3006E-01 0.2164E-01 0.1837E-01 0.1017E-01 0.1205E-01 0.4677E-02 0.1601E-01 0.8125E-01 0.9759E-03 0.6840E-01 0.2946E-01 0.2224E-01 0.0000E+00
0.0000E+00 0.1837E-01 0.3372E-01 0.4411E-02 0.7963E-02 0.1781E-01 0.2281E-01 0.1806E-01 0.1648E-01 0.3237E-01 0.2385E-01 0.2079E-01 0.1012E-01 0.1179E-01 0.4262E-02 0.1496E-01 0.7941E-01 0.1249E-03 0.6884E-01 0.3211E-01 0.2453E-01 0.0000E+00
0.0000E+00 0.1879E-01 0.3634E-01 0.6562E-02 0.8390E-02 0.2047E-01 0.2473E-01 0.1906E-01 0.1825E-01 0.3319E-01 0.2361E-01 0.2268E-01 0.1032E-01 0.1243E-01 0.4067E-02 0.1411E-01 0.7768E-01 0.2238E-02 0.6717E-01 0.3375E-01 0.2638E-01 0.0000E+00
0.0000E+00 0.1876E-01 0.3875E-01 0.8690E-02 0.9872E-02 0.2149E-01 0.2606E-01 0.1908E-01 0.1777E-01 0.3311E-01 0.2244E-01 0.2204E-01 0.1017E-01 0.1167E-01 0.5739E-02 0.1320E-01 0.7612E-01 0.3909E-02 0.6922E-01 0.3319E-01 0.2736E-01 0.0000E+00
0.0000E+00 0.2065E-01 0.3838E-01 0.1049E-01 0.9173E-02 0.2091E-01 0.2605E-01 0.1835E-01 0.1706E-01 0.3438E-01 0.2152E-01 0.2096E-01 0.9921E-02 0.1154E-01 0.6355E-02 0.1351E-01 0.7802E-01 0.5731E-02 0.7160E-01 0.3576E-01 0.2984E-01 0.0000E+00
0.0000E+00 0.2070E-01 0.3951E-01 0.1255E-01 0.1184E-01 0.2191E-01 0.2644E-01 0.1851E-01 0.1939E-01 0.3440E-01 0.2112E-01 0.2074E-01 0.9637E-02 0.1216E-01 0.7067E-02 0.1296E-01 0.7791E-01 0.5809E-02 0.7370E-01 0.3794E-01 0.3056E-01 0.0000E+00
0.0000E+00 0.2309E-01 0.4212E-01 0.1341E-01 0.1288E-01 0.2235E-01 0.2715E-01 0.1945E-01 0.2126E-01 0.3651E-01 0.2320E-01 0.1981E-01 0.9611E-02 0.1318E-01 0.8618E-02 0.1519E-01 0.8046E-01 0.8129E-02 0.7457E-01 0.3689E-01 0.3036E-01 0.0000E+00
0.0000E+00 0.2221E-01 0.4354E-01 0.1526E-01 0.1401E-01 0.2315E-01 0.2790E-01 0.2020E-01 0.2274E-01 0.3834E-01 0.2494E-01 0.1861E-01 0.9763E-02 0.1495E-01 0.1016E-01 0.1733E-01 0.8280E-01 0.1064E-01 0.7706E-01 0.3748E-01 0.3253E-01 0.0000E+00
0.0000E+00 0.2086E-01 0.4500E-01 0.1758E-01 0.1383E-01 0.2212E-01 0.2919E-01 0.2249E-01 0.2427E-01 0.3758E-01 0.2688E-01 0.1806E-01 0.9285E-02 0.1425E-01 0.1066E-01 0.1709E-01 0.8342E-01 0.1061E-01 0.7815E-01 0.3880E-01 0.3213E-01 0.0000E+00
0.0000E+00 0.2012E-01 0.4738E-01 0.1948E-01 0.1605E-01 0.2377E-01 0.3049E-01 0.2379E-01 0.2556E-01 0.3719E-01 0.2633E-01 0.1940E-01 0.8882E-02 0.1443E-01 0.1161E-01 0.1606E-01 0.8155E-01 0.9780E-02 0.7626E-01 0.4052E-01 0.3320E-01 0.0000E+00
0.0000E+00 0.1961E-01 0.5000E-01 0.1919E-01 0.1783E-01 0.2571E-01 0.3271E-01 0.2622E-01 0.2632E-01 0.3907E-01 0.2632E-01 0.2151E-01 0.1118E-01 0.1470E-01 0.1263E-01 0.1505E-01 0.7947E-01 0.9135E-02 0.7439E-01 0.3902E-01 0.3501E-01 0.0000E+00
0.0000E+00 0.2043E-01 0.5022E-01 0.2145E-01 0.2026E-01 0.2779E-01 0.3132E-01 0.2728E-01 0.2762E-01 0.3820E-01 0.2763E-01 0.2363E-01 0.1364E-01 0.1518E-01 0.1223E-01 0.1583E-01 0.7755E-01 0.8594E-02 0.7312E-01 0.3904E-01 0.3681E-01 0.0000E+00
0.0000E+00 0.2081E-01 0.5017E-01 0.2266E-01 0.2252E-01 0.2635E-01 0.2998E-01 0.2607E-01 0.2654E-01 0.3812E-01 0.2731E-01 0.2600E-01 0.1368E-01 0.1712E-01 0.1294E-01 0.1610E-01 0.7734E-01 0.1019E-01 0.7520E-01 0.3887E-01 0.3897E-01 0.0000E+00
0.0000E+00 0.2114E-01 0.4936E-01 0.2307E-01 0.2473E-01 0.2763E-01 0.3248E-01 0.2509E-01 0.2670E-01 0.3720E-01 0.2634E-01 0.2863E-01 0.1402E-01 0.1815E-01 0.1252E-01 0.1742E-01 0.7694E-01 0.1272E-01 0.7340E-01 0.4140E-01 0.4158E-01 0.0000E+00
0.0000E+00 0.2181E-01 0.5008E-01 0.2193E-01 0.2619E-01 0.2967E-01 0.3491E-01 0.2534E-01 0.2592E-01 0.3906E-01 0.2800E-01 0.2884E-01 0.1486E-01 0.1822E-01 0.1300E-01 0.1951E-01 0.7847E-01 0.1514E-01 0.7378E-01 0.4338E-01 0.4047E-01 0.0000E+00
0.0000E+00 0.2120E-01 0.4919E-01 0.2116E-01 0.2699E-01 0.3168E-01 0.3701E-01 0.2723E-01 0.2520E-01 0.4078E-01 0.3006E-01 0.2968E-01 0.1485E-01 0.1866E-01 0.1310E-01 0.2171E-01 0.7953E-01 0.1766E-01 0.7579E-01 0.4280E-01 0.4118E-01 0.0000E+00
0.0000E+00 0.2055E-01 0.4800E-01 0.2045E-01 0.2878E-01 0.3222E-01 0.3620E-01 0.2927E-01 0.2570E-01 0.4237E-01 0.2908E-01 0.3050E-01 0.1443E-01 0.1752E-01 0.1217E-01 0.2028E-01 0.8150E-01 0.1927E-01 0.7442E-01 0.4396E-01 0.4211E-01 0.0000E+00
0.0000E+00 0.2001E-01 0.4670E-01 0.1966E-01 0.3027E-01 0.3424E-01 0.3776E-01 0.3189E-01 0.2816E-01 0.4500E-01 0.2973E-01 0.2949E-01 0.1473E-01 0.1695E-01 0.1141E-01 0.2235E-01 0.8287E-01 0.2103E-01 0.7408E-01 0.4586E-01 0.4267E-01 0.0000E+00
0.0000E+00 0.1940E-01 0.4594E-01 0.1889E-01 0.2879E-01 0.3421E-01 0.3949E-01 0.3391E-01 0.3014E-01 0.4674E-01 0.2888E-01 0.2862E-01 0.1536E-01 0.1882E-01 0.1119E-01 0.2440E-01 0.8434E-01 0.2258E-01 0.7216E-01 0.4655E-01 0.4358E-01 0.0000E+00
0.0000E+00 0.1885E-01 0.6303E-01 0.1815E-01 0.2809E-01 0.3335E-01 0.3937E-01 0.3489E-01 0.3160E-01 0.4778E-01 0.2977E-01 0.2863E-01 0.1583E-01 0.2134E-01 0.1038E-01 0.2308E-01 0.8486E-01 0.2392E-01 0.7033E-01 0.4488E-01 0.4192E-01 0.0000E+00
0.0000E+00 0.7960E-01 0.6203E-01 0.2678E-03 0.2747E-01 0.3274E-01 0.3889E-01 0.3614E-01 0.3233E-01 0.4905E-01 0.3239E-01 0.2888E-01 0.1782E-01 0.2068E-01 0.9485E-02 0.2160E-01 0.8290E-01 0.2270E-01 0.6851E-01 0.4315E-01 0.4047E-01 0.0000E+00
0.0000E+00 0.7826E-01 0.4471E-03 0.6832E-03 0.2687E-01 0.3172E-01 0.3797E-01 0.3585E-01 0.3319E-01 0.5040E-01 0.3505E-01 0.3109E-01 0.2028E-01 0.1952E-01 0.8598E-02 0.2032E-01 0.8085E-01 0.2139E-01 0.6743E-01 0.4293E-01 0.4008E-01 0.0000E+00
0.0000E+00 0.7742E-01 0.5291E-03 0.1073E-02 0.2643E-01 0.3040E-01 0.3735E-01 0.3610E-01 0.3440E-01 0.5194E-01 0.3731E-01 0.3322E-01 0.2215E-01 0.2172E-01 0.7846E-02 0.1906E-01 0.7875E-01 0.2280E-01 0.6772E-01 0.4534E-01 0.4262E-01 0.0000E+00
0.0000E+00 0.7681E-01 0.8942E-03 0.1513E-02 0.2614E-01 0.2985E-01 0.3724E-01 0.3660E-01 0.3585E-01 0.5342E-01 0.3968E-01 0.3564E-01 0.2482E-01 0.2250E-01 0.7065E-02 0.1794E-01 0.7660E-01 0.2219E-01 0.6754E-01 0.4796E-01 0.4502E-01 0.0000E+00
0.0000E+00 0.7611E-01 0.1478E-02 0.1554E-02 0.5302E-01 0.2837E-01 0.3585E-01 0.3656E-01 0.3805E-01 0.5508E-01 0.3896E-01 0.3763E-01 0.2747E-01 0.2390E-01 0.6744E-02 0.1656E-01 0.7448E-01 0.2107E-01 0.6738E-01 0.5058E-01 0.4321E-01 0.0000E+00
0.0000E+00 0.7623E-01 0.1489E-02 0.5186E-01 0.5174E-01 0.1408E-03 0.3434E-01 0.3521E-01 0.4028E-01 0.5631E-01 0.4022E-01 0.3901E-01 0.3009E-01 0.2480E-01 0.7285E-02 0.1740E-01 0.7383E-01 0.2086E-01 0.6652E-01 0.5292E-01 0.4555E-01 0.0000E+00
0.0000E+00 0.7671E-01 0.3001E-02 0.5281E-01 0.1366E-03 0.2234E-03 0.3284E-01 0.3373E-01 0.4205E-01 0.5820E-01 0.4257E-01 0.3938E-01 0.3231E-01 0.2556E-01 0.8603E-02 0.1632E-01 0.7407E-01 0.2119E-01 0.6465E-01 0.5373E-01 0.4709E-01 0.0000E+00
0.0000E+00 0.7684E-01 0.4066E-02 0.5132E-01 0.2740E-03 0.4008E-03 0.3147E-01 0.3541E-01 0.4363E-01 0.6007E-01 0.4398E-01 0.3902E-01 0.3431E-01 0.2700E-01 0.8778E-02 0.1546E-01 0.7559E-01 0.2095E-01 0.6340E-01 0.5370E-01 0.4611E-01 0.0000E+00
0.0000E+00 0.7741E-01 0.6037E-02 0.5379E-01 0.2480E-02 0.1534E-02 0.3036E-01 0.3714E-01 0.4508E-01 0.6159E-01 0.4615E-01 0.3864E-01 0.3560E-01 0.2791E-01 0.8121E-02 0.1506E-01 0.7693E-01 0.2254E-01 0.6282E-01 0.5352E-01 0.4552E-01 0.0000E+00
0.0000E+00 0.7790E-01 0.6459E-02 0.5543E-01 0.4147E-02 0.2639E-02 0.3247E-01 0.3890E-01 0.4579E-01 0.6303E-01 0.4811E-01 0.3911E-01 0.3612E-01 0.2870E-01 0.7572E-02 0.1471E-01 0.7784E-01 0.2459E-01 0.6423E-01 0.5583E-01 0.4761E-01 0.0000E+00
0.0000E+00 0.7853E-01 0.8226E-02 0.5699E-01 0.5277E-02 0.3836E-02 0.3278E-01 0.3980E-01 0.4677E-01 0.6138E-01 0.5046E-01 0.4044E-01 0.3691E-01 0.2728E-01 0.7084E-02 0.1512E-01 0.7830E-01 0.2613E-01 0.6611E-01 0.5755E-01 0.4970E-01 0.0000E+00
0.0000E+00 0.7903E-01 0.9410E-02 0.5787E-01 0.6079E-02 0.5052E-02 0.3336E-01 0.4054E-01 0.4788E-01 0.6291E-01 0.5195E-01 0.4157E-01 0.3804E-01 0.2667E-01 0.7522E-02 0.1558E-01 0.7825E-01 0.2673E-01 0.6573E-01 0.5967E-01 0.5167E-01 0.0000E+00
0.0000E+00 0.7714E-01 0.8583E-02 0.5964E-01 0.7638E-02 0.6816E-02 0.3501E-01 0.4227E-01 0.4894E-01 0.6218E-01 0.5306E-01 0.4298E-01 0.3968E-01 0.2858E-01 0.9355E-02 0.1628E-01 0.7683E-01 0.2796E-01 0.6437E-01 0.6040E-01 0.5317E-01 0.0000E+00
0.0000E+00 0.7536E-01 0.7808E-02 0.6001E-01 0.9260E-02 0.8958E-02 0.3696E-01 0.4465E-01 0.5049E-01 0.6356E-01 0.5436E-01 0.4514E-01 0.4070E-01 0.3080E-01 0.1141E-01 0.1746E-01 0.7591E-01 0.2780E-01 0.6302E-01 0.5953E-01 0.5293E-01 0.0000E+00
0.0000E+00 0.7343E-01 0.7187E-02 0.6253E-01 0.1087E-01 0.1085E-01 0.3912E-01 0.4674E-01 0.4905E-01 0.6501E-01 0.5600E-01 0.4684E-01 0.4268E-01 0.3318E-01 0.1319E-01 0.1876E-01 0.7508E-01 0.2813E-01 0.6147E-01 0.6041E-01 0.5479E-01 0.0000E+00
0.0000E+00 0.7164E-01 0.8201E-02 0.6450E-01 0.1248E-01 0.1271E-01 0.4130E-01 0.4833E-01 0.4862E-01 0.6629E-01 0.5657E-01 0.4779E-01 0.4344E-01 0.3349E-01 0.1514E-01 0.1973E-01 0.7509E-01 0.2807E-01 0.6298E-01 0.6075E-01 0.5446E-01 0.0000E+00
0.0000E+00 0.7169E-01 0.9855E-02 0.6625E-01 0.1437E-01 0.1430E-01 0.4329E-01 0.4974E-01 0.4864E-01 0.6698E-01 0.5758E-01 0.4915E-01 0.4322E-01 0.3195E-01 0.1504E-01 0.2077E-01 0.7586E-01 0.2863E-01 0.6435E-01 0.6241E-01 0.5493E-01 0.0000E+00
0.0000E+00 0.7176E-01 0.1178E-01 0.6833E-01 0.1647E-01 0.1624E-01 0.4353E-01 0.5004E-01 0.4926E-01 0.6716E-01 0.5925E-01 0.5149E-01 0.4148E-01 0.3037E-01 0.1394E-01 0.2080E-01 0.7660E-01 0.2944E-01 0.6615E-01 0.6425E-01 0.5525E-01 0.0000E+00
0.0000E+00 0.7011E-01 0.1397E-01 0.6928E-01 0.1823E-01 0.1785E-01 0.4331E-01 0.4991E-01 0.4924E-01 0.6684E-01 0.5935E-01 0.5032E-01 0.3985E-01 0.2888E-01 0.1295E-01 0.1980E-01 0.7484E-01 0.2990E-01 0.6701E-01 0.6465E-01 0.5530E-01 0.0000E+00
0.0000E+00 0.6837E-01 0.1671E+00 0.1514E+00 0.8207E-01 0.6220E-01 0.4307E-01 0.9942E-01 0.4935E-01 0.6562E-01 0.5923E-01 0.9098E-01 0.3965E-01 0.2735E-01 0.1009E+00 0.8994E-01 0.7243E-01 0.2828E-01 0.6508E-01 0.6379E-01 0.5475E-01 0.0000E+00
0.0000E+00 0.0000E+00 0.0000E+00 0.0000E+00 0.0000E+00 0.0000E+00 0.0000E+00 0.0000E+00 0.0000E+00 0.0000E+00 0.0000E+00 0.0000E+00 0.0000E+00 0.0000E+00 0.0000E+00 0.0000E+00 0.0000E+00 0.0000E+00 0.0000E+00 0.0000E+00 0.0000E+00 0.0000E+00
