p3_rainB_highsm_sedtr.asc
ncols     22
nrows     62
xllcorner      0.00000000
yllcorner      0.00000000
cellsize      0.50000000
nodata_value -9999
0.0000E+00 0.0000E+00 0.0000E+00 0.0000E+00 0.0000E+00 0.0000E+00 0.0000E+00 0.0000E+00 0.0000E+00 0.0000E+00 0.0000E+00 0.0000E+00 0.0000E+00 0.0000E+00 0.0000E+00 0.0000E+00 0.0000E+00 0.0000E+00 0.0000E+00 0.0000E+00 0.0000E+00 0.0000E+00
0.0000E+00 0.9937E-01 0.8655E-01 0.3545E-01 0.8999E-01 0.6280E-01 0.7531E-01 0.6915E-01 0.6215E-01 0.4591E-01 0.1004E-01 0.5258E-01 0.8097E-01 0.5120E-01 0.1942E-01 0.1258E+00 0.1190E+00 0.9407E-01 0.1101E+00 0.3783E-01 0.8702E-01 0.0000E+00
0.0000E+00 0.8927E-01 0.1667E+00 0.1205E+00 0.8280E-01 0.1437E+00 0.1303E+00 0.6019E-01 0.1577E+00 0.1551E+00 0.1168E+00 0.5486E-01 0.1841E+00 0.1281E+00 0.1583E+00 0.2030E+00 0.2023E+00 0.1449E+00 0.1861E+00 0.1524E+00 0.1423E+00 0.0000E+00
0.0000E+00 0.1835E+00 0.1831E+00 0.2169E+00 0.9006E-01 0.2046E+00 0.1815E+00 0.4737E-01 0.2093E+00 0.2274E+00 0.2217E+00 0.1519E+00 0.2611E+00 0.1051E+00 0.2100E+00 0.2521E+00 0.2508E+00 0.1299E+00 0.1948E+00 0.1637E+00 0.1798E+00 0.0000E+00
0.0000E+00 0.2472E+00 0.2686E+00 0.2880E+00 0.1956E+00 0.1786E+00 0.2851E+00 0.1139E+00 0.2643E+00 0.2745E+00 0.1638E+00 0.2045E+00 0.2809E+00 0.2022E+00 0.2669E+00 0.2968E+00 0.2354E+00 0.1477E+00 0.2083E+00 0.1055E+00 0.2233E+00 0.0000E+00
0.0000E+00 0.2711E+00 0.3008E+00 0.2727E+00 0.2352E+00 0.2479E+00 0.2929E+00 0.1928E+00 0.2969E+00 0.2683E+00 0.2325E+00 0.1380E+00 0.3272E+00 0.2520E+00 0.3355E+00 0.3688E+00 0.2686E+00 0.2689E+00 0.3342E+00 0.1441E+00 0.2691E+00 0.0000E+00
0.0000E+00 0.2128E+00 0.3796E+00 0.1702E+00 0.2241E+00 0.2599E+00 0.2854E+00 0.2294E+00 0.3310E+00 0.1849E+00 0.1809E+00 0.2391E+00 0.3613E+00 0.3411E+00 0.3301E+00 0.3288E+00 0.3180E+00 0.3321E+00 0.3791E+00 0.2436E+00 0.3123E+00 0.0000E+00
0.0000E+00 0.2662E+00 0.3035E+00 0.1234E-01 0.2249E+00 0.2083E+00 0.2062E+00 0.2165E+00 0.3113E+00 0.2839E+00 0.2629E+00 0.2903E+00 0.2956E+00 0.3399E+00 0.3014E+00 0.3667E+00 0.3269E+00 0.3542E+00 0.3694E+00 0.3303E+00 0.3582E+00 0.0000E+00
0.0000E+00 0.2788E+00 0.2550E+00 0.3170E-01 0.2092E+00 0.1521E+00 0.1631E+00 0.2310E+00 0.2755E+00 0.3771E+00 0.3030E+00 0.2009E+00 0.2629E+00 0.4746E+00 0.3307E+00 0.3587E+00 0.3489E+00 0.3867E+00 0.4144E+00 0.3492E+00 0.3473E+00 0.0000E+00
0.0000E+00 0.2368E+00 0.2250E+00 0.1694E+00 0.3014E+00 0.2177E+00 0.2627E+00 0.2370E+00 0.7984E-02 0.2876E+00 0.2014E+00 0.2218E+00 0.7006E-01 0.3995E+00 0.3157E+00 0.3706E+00 0.3108E+00 0.3931E+00 0.4190E+00 0.3831E+00 0.3825E+00 0.0000E+00
0.0000E+00 0.2748E+00 0.2822E+00 0.2001E+00 0.3914E+00 0.2299E+00 0.2001E+00 0.3174E+00 0.2776E-01 0.2496E+00 0.1545E+00 0.1591E+00 0.6450E-01 0.3381E+00 0.4962E+00 0.6413E+00 0.7585E+00 0.3611E+00 0.3560E+00 0.3935E+00 0.3791E+00 0.0000E+00
0.0000E+00 0.1961E+00 0.3253E+00 0.1957E+00 0.2608E+00 0.2824E+00 0.3134E+00 0.3457E+00 0.1355E+00 0.2206E+00 0.1310E+00 0.2286E+00 0.1331E+00 0.9060E-02 0.6244E-02 0.3720E-01 0.7010E+00 0.3354E+00 0.5279E+00 0.4164E+00 0.3757E+00 0.0000E+00
0.0000E+00 0.2532E+00 0.2906E+00 0.1148E+00 0.3528E+00 0.2487E+00 0.3271E+00 0.2741E+00 0.2096E+00 0.1967E+00 0.2013E+00 0.2303E+00 0.8430E-01 0.2280E-01 0.1930E-01 0.1803E-01 0.6858E+00 0.2066E-01 0.4614E+00 0.4158E+00 0.3381E+00 0.0000E+00
0.0000E+00 0.1693E+00 0.2140E+00 0.1378E-01 0.2560E+00 0.2511E+00 0.3798E+00 0.3220E+00 0.1902E+00 0.2300E+00 0.1864E+00 0.2256E+00 0.1054E+00 0.1070E+00 0.3286E-01 0.1408E+00 0.6528E+00 0.1437E+00 0.4671E+00 0.4051E+00 0.3606E+00 0.0000E+00
0.0000E+00 0.3090E+00 0.1770E+00 0.2823E-01 0.2080E+00 0.2889E+00 0.4042E+00 0.2201E+00 0.1415E+00 0.2236E+00 0.2369E+00 0.2628E+00 0.1923E+00 0.2059E+00 0.1823E+00 0.2048E+00 0.6085E+00 0.1854E+00 0.3999E+00 0.3998E+00 0.3837E+00 0.0000E+00
0.0000E+00 0.2741E+00 0.2294E+00 0.8969E-01 0.1892E+00 0.3369E+00 0.3273E+00 0.2660E+00 0.2288E+00 0.2778E+00 0.2978E+00 0.3231E+00 0.2324E+00 0.1596E+00 0.2056E+00 0.2399E+00 0.5939E+00 0.1788E+00 0.5202E+00 0.4203E+00 0.3656E+00 0.0000E+00
0.0000E+00 0.3752E+00 0.3531E+00 0.1221E+00 0.1625E+00 0.2966E+00 0.3469E+00 0.2949E+00 0.2609E+00 0.3009E+00 0.3305E+00 0.3522E+00 0.2557E+00 0.2052E+00 0.2438E+00 0.2976E+00 0.5663E+00 0.1237E+00 0.5374E+00 0.4194E+00 0.3654E+00 0.0000E+00
0.0000E+00 0.3832E+00 0.3331E+00 0.1551E+00 0.1449E+00 0.2037E+00 0.3806E+00 0.3085E+00 0.2717E+00 0.3182E+00 0.3492E+00 0.3517E+00 0.2906E+00 0.2878E+00 0.3208E-01 0.3301E+00 0.5569E+00 0.1178E+00 0.5119E+00 0.4300E+00 0.3873E+00 0.0000E+00
0.0000E+00 0.4264E+00 0.4167E+00 0.1105E+00 0.1334E+00 0.1642E+00 0.4779E+00 0.3653E+00 0.3723E+00 0.4429E+00 0.4247E+00 0.2786E+00 0.3244E+00 0.3624E+00 0.1652E+00 0.3073E+00 0.5119E+00 0.3350E-01 0.5081E+00 0.3299E+00 0.2632E+00 0.0000E+00
0.0000E+00 0.4304E+00 0.4147E+00 0.1929E+00 0.1426E+00 0.2447E+00 0.4743E+00 0.3053E+00 0.2822E+00 0.4465E+00 0.4607E+00 0.2736E+00 0.2560E+00 0.3611E+00 0.1682E+00 0.2723E+00 0.4357E+00 0.1378E+00 0.5053E+00 0.3523E+00 0.3034E+00 0.0000E+00
0.0000E+00 0.3096E+00 0.4627E+00 0.2380E+00 0.1301E+00 0.2848E+00 0.5267E+00 0.3976E+00 0.3528E+00 0.4579E+00 0.4999E+00 0.3145E+00 0.1873E+00 0.3848E+00 0.1806E+00 0.2944E+00 0.3950E+00 0.1667E-01 0.4601E+00 0.3657E+00 0.3287E+00 0.0000E+00
0.0000E+00 0.3848E+00 0.5766E+00 0.1797E+00 0.1171E+00 0.3004E+00 0.5056E+00 0.3782E+00 0.3739E+00 0.4623E+00 0.5060E+00 0.2371E+00 0.1501E+00 0.2777E+00 0.1686E+00 0.2107E+00 0.3722E+00 0.5706E-01 0.4655E+00 0.4081E+00 0.3519E+00 0.0000E+00
0.0000E+00 0.3111E+00 0.6104E+00 0.1705E+00 0.1381E+00 0.4016E+00 0.3896E+00 0.4228E+00 0.4467E+00 0.4601E+00 0.4635E+00 0.4008E+00 0.2139E+00 0.2589E+00 0.1288E+00 0.1824E+00 0.3473E+00 0.2557E-01 0.4562E+00 0.4033E+00 0.3588E+00 0.0000E+00
0.0000E+00 0.3523E+00 0.6114E+00 0.3592E+00 0.1770E+00 0.3873E+00 0.4057E+00 0.4406E+00 0.5350E+00 0.4760E+00 0.4123E+00 0.3992E+00 0.2555E+00 0.3787E+00 0.1146E+00 0.1749E+00 0.3322E+00 0.1596E+00 0.3665E+00 0.4368E+00 0.3702E+00 0.0000E+00
0.0000E+00 0.2999E+00 0.6242E+00 0.4478E+00 0.3171E+00 0.4257E+00 0.4535E+00 0.4224E+00 0.4285E+00 0.5300E+00 0.3616E+00 0.4383E+00 0.3084E+00 0.2737E+00 0.2557E+00 0.1535E+00 0.3217E+00 0.2280E+00 0.4054E+00 0.3407E+00 0.3592E+00 0.0000E+00
0.0000E+00 0.4033E+00 0.5386E+00 0.4412E+00 0.3102E+00 0.4963E+00 0.4716E+00 0.3914E+00 0.4129E+00 0.6478E+00 0.3652E+00 0.3702E+00 0.4417E+00 0.3998E+00 0.3403E+00 0.3183E+00 0.4441E+00 0.3023E+00 0.3801E+00 0.3254E+00 0.3838E+00 0.0000E+00
0.0000E+00 0.3650E+00 0.6015E+00 0.5078E+00 0.3300E+00 0.5606E+00 0.4983E+00 0.3758E+00 0.5154E+00 0.5702E+00 0.4482E+00 0.5018E+00 0.4832E+00 0.4602E+00 0.4101E+00 0.2674E+00 0.4513E+00 0.3832E+00 0.3920E+00 0.3381E+00 0.3233E+00 0.0000E+00
0.0000E+00 0.4439E+00 0.6063E+00 0.4930E+00 0.4329E+00 0.5363E+00 0.5899E+00 0.4355E+00 0.5230E+00 0.6214E+00 0.4964E+00 0.4251E+00 0.5006E+00 0.4281E+00 0.4232E+00 0.3801E+00 0.4529E+00 0.4261E+00 0.4066E+00 0.3820E+00 0.2888E+00 0.0000E+00
0.0000E+00 0.3637E+00 0.6283E+00 0.5746E+00 0.4965E+00 0.5449E+00 0.6044E+00 0.4258E+00 0.5576E+00 0.6321E+00 0.4898E+00 0.3472E+00 0.5140E+00 0.4907E+00 0.4703E+00 0.4450E+00 0.5205E+00 0.4323E+00 0.3948E+00 0.3683E+00 0.3110E+00 0.0000E+00
0.0000E+00 0.2961E+00 0.6705E+00 0.6254E+00 0.4354E+00 0.4398E+00 0.6109E+00 0.4580E+00 0.5695E+00 0.5423E+00 0.5243E+00 0.4439E+00 0.4593E+00 0.4215E+00 0.5273E+00 0.3790E+00 0.4595E+00 0.3177E+00 0.3550E+00 0.3650E+00 0.2473E+00 0.0000E+00
0.0000E+00 0.2733E+00 0.6798E+00 0.6517E+00 0.5030E+00 0.5237E+00 0.5943E+00 0.4485E+00 0.5588E+00 0.4909E+00 0.5412E+00 0.4909E+00 0.4236E+00 0.4687E+00 0.5453E+00 0.2954E+00 0.3881E+00 0.2423E+00 0.2670E+00 0.4165E+00 0.3158E+00 0.0000E+00
0.0000E+00 0.2616E+00 0.6850E+00 0.5389E+00 0.5099E+00 0.5442E+00 0.5874E+00 0.4070E+00 0.5061E+00 0.5586E+00 0.4634E+00 0.5110E+00 0.4701E+00 0.4743E+00 0.5325E+00 0.2423E+00 0.3542E+00 0.2120E+00 0.2286E+00 0.2948E+00 0.4008E+00 0.0000E+00
0.0000E+00 0.4210E+00 0.7317E+00 0.6154E+00 0.5768E+00 0.5355E+00 0.4452E+00 0.3944E+00 0.5370E+00 0.4731E+00 0.5106E+00 0.5354E+00 0.4856E+00 0.4685E+00 0.4598E+00 0.3431E+00 0.3295E+00 0.1910E+00 0.2167E+00 0.2731E+00 0.4270E+00 0.0000E+00
0.0000E+00 0.5156E+00 0.7460E+00 0.5825E+00 0.6246E+00 0.4142E+00 0.3687E+00 0.3088E+00 0.4301E+00 0.4551E+00 0.4212E+00 0.5202E+00 0.4376E+00 0.4936E+00 0.5087E+00 0.3838E+00 0.4032E+00 0.2998E+00 0.3326E+00 0.2510E+00 0.4379E+00 0.0000E+00
0.0000E+00 0.5225E+00 0.6369E+00 0.5059E+00 0.6233E+00 0.4601E+00 0.3843E+00 0.2542E+00 0.4669E+00 0.4223E+00 0.3650E+00 0.5149E+00 0.5065E+00 0.4859E+00 0.4631E+00 0.4530E+00 0.4512E+00 0.4090E+00 0.2413E+00 0.2568E+00 0.4075E+00 0.0000E+00
0.0000E+00 0.5213E+00 0.6299E+00 0.4088E+00 0.5801E+00 0.5474E+00 0.5239E+00 0.2845E+00 0.3941E+00 0.5154E+00 0.4187E+00 0.5097E+00 0.5256E+00 0.4556E+00 0.4886E+00 0.5092E+00 0.5048E+00 0.4718E+00 0.2558E+00 0.2841E+00 0.3082E+00 0.0000E+00
0.0000E+00 0.5046E+00 0.6432E+00 0.4036E+00 0.6712E+00 0.6279E+00 0.5804E+00 0.3596E+00 0.3594E+00 0.5813E+00 0.4746E+00 0.5373E+00 0.5209E+00 0.4466E+00 0.4334E+00 0.5420E+00 0.5366E+00 0.5389E+00 0.3665E+00 0.2561E+00 0.3568E+00 0.0000E+00
0.0000E+00 0.5693E+00 0.6886E+00 0.4662E+00 0.7464E+00 0.5582E+00 0.4638E+00 0.4605E+00 0.4389E+00 0.6372E+00 0.3810E+00 0.5707E+00 0.5197E+00 0.3418E+00 0.3415E+00 0.4160E+00 0.5953E+00 0.5348E+00 0.2868E+00 0.3234E+00 0.3663E+00 0.0000E+00
0.0000E+00 0.6233E+00 0.7851E+00 0.5083E+00 0.7348E+00 0.6103E+00 0.5310E+00 0.4657E+00 0.5156E+00 0.6391E+00 0.4650E+00 0.5215E+00 0.5650E+00 0.3349E+00 0.3000E+00 0.5134E+00 0.6471E+00 0.5958E+00 0.2941E+00 0.3137E+00 0.3528E+00 0.0000E+00
0.0000E+00 0.6200E+00 0.7470E+00 0.4451E+00 0.5797E+00 0.6068E+00 0.5614E+00 0.5457E+00 0.5496E+00 0.6914E+00 0.4086E+00 0.5626E+00 0.6170E+00 0.4802E+00 0.4555E+00 0.6283E+00 0.6731E+00 0.5965E+00 0.2335E+00 0.3273E+00 0.3671E+00 0.0000E+00
0.0000E+00 0.5547E+00 0.9450E+00 0.3961E+00 0.5508E+00 0.5383E+00 0.4735E+00 0.5431E+00 0.5928E+00 0.7226E+00 0.4499E+00 0.6331E+00 0.5627E+00 0.5730E+00 0.3298E+00 0.4737E+00 0.6613E+00 0.5766E+00 0.1987E+00 0.2313E+00 0.2603E+00 0.0000E+00
0.0000E+00 0.1164E+01 0.8457E+00 0.4413E-01 0.5798E+00 0.5409E+00 0.4838E+00 0.5642E+00 0.6066E+00 0.7444E+00 0.4540E+00 0.6403E+00 0.6143E+00 0.4480E+00 0.2497E+00 0.3783E+00 0.5774E+00 0.4596E+00 0.1799E+00 0.1761E+00 0.1987E+00 0.0000E+00
0.0000E+00 0.1017E+01 0.1121E+00 0.1804E+00 0.6308E+00 0.5739E+00 0.5138E+00 0.5017E+00 0.6184E+00 0.7559E+00 0.4555E+00 0.6126E+00 0.6002E+00 0.3540E+00 0.2106E+00 0.3296E+00 0.5281E+00 0.3762E+00 0.2116E+00 0.1830E+00 0.2211E+00 0.0000E+00
0.0000E+00 0.1005E+01 0.7758E-01 0.2851E+00 0.7082E+00 0.4531E+00 0.5591E+00 0.5285E+00 0.6148E+00 0.7618E+00 0.5147E+00 0.6569E+00 0.6223E+00 0.4348E+00 0.1872E+00 0.2945E+00 0.4901E+00 0.4526E+00 0.2505E+00 0.2963E+00 0.3030E+00 0.0000E+00
0.0000E+00 0.9367E+00 0.2215E+00 0.3428E+00 0.7051E+00 0.5412E+00 0.5653E+00 0.5039E+00 0.5926E+00 0.7384E+00 0.5273E+00 0.6269E+00 0.6235E+00 0.4390E+00 0.1668E+00 0.2691E+00 0.4723E+00 0.4589E+00 0.3330E+00 0.2976E+00 0.3573E+00 0.0000E+00
0.0000E+00 0.8467E+00 0.2583E+00 0.2242E+00 0.8601E+00 0.3940E+00 0.4171E+00 0.4448E+00 0.5703E+00 0.6992E+00 0.4052E+00 0.5874E+00 0.5602E+00 0.4361E+00 0.1886E+00 0.2504E+00 0.4510E+00 0.3525E+00 0.3868E+00 0.2969E+00 0.2389E+00 0.0000E+00
0.0000E+00 0.8106E+00 0.1683E+00 0.7985E+00 0.7295E+00 0.8824E-02 0.3278E+00 0.3509E+00 0.5766E+00 0.6519E+00 0.4141E+00 0.5613E+00 0.5527E+00 0.4042E+00 0.2565E+00 0.3648E+00 0.5175E+00 0.4369E+00 0.3347E+00 0.3147E+00 0.2794E+00 0.0000E+00
0.0000E+00 0.7745E+00 0.2653E+00 0.7504E+00 0.1863E-01 0.2308E-01 0.2725E+00 0.2920E+00 0.5290E+00 0.6273E+00 0.4057E+00 0.5082E+00 0.5451E+00 0.4383E+00 0.3083E+00 0.2890E+00 0.5652E+00 0.4795E+00 0.2731E+00 0.3402E+00 0.3124E+00 0.0000E+00
0.0000E+00 0.7531E+00 0.2539E+00 0.6799E+00 0.2923E-01 0.3894E-01 0.2379E+00 0.3434E+00 0.5174E+00 0.6249E+00 0.3934E+00 0.4660E+00 0.5138E+00 0.4329E+00 0.2580E+00 0.2871E+00 0.6164E+00 0.4520E+00 0.3612E+00 0.3682E+00 0.2635E+00 0.0000E+00
0.0000E+00 0.7361E+00 0.3051E+00 0.6574E+00 0.1847E+00 0.1904E+00 0.2187E+00 0.3788E+00 0.4633E+00 0.5474E+00 0.4149E+00 0.4426E+00 0.4505E+00 0.3919E+00 0.2195E+00 0.3381E+00 0.6367E+00 0.4725E+00 0.4149E+00 0.3913E+00 0.2079E+00 0.0000E+00
0.0000E+00 0.7059E+00 0.2535E+00 0.6508E+00 0.2415E+00 0.2544E+00 0.2851E+00 0.4019E+00 0.4495E+00 0.5295E+00 0.3957E+00 0.4284E+00 0.4014E+00 0.3087E+00 0.1911E+00 0.3102E+00 0.6396E+00 0.5035E+00 0.4468E+00 0.3955E+00 0.2844E+00 0.0000E+00
0.0000E+00 0.6548E+00 0.2931E+00 0.6442E+00 0.2688E+00 0.2593E+00 0.3064E+00 0.3714E+00 0.4341E+00 0.4411E+00 0.3884E+00 0.4321E+00 0.4051E+00 0.2342E+00 0.2983E+00 0.3783E+00 0.6314E+00 0.4699E+00 0.4249E+00 0.3715E+00 0.3326E+00 0.0000E+00
0.0000E+00 0.6272E+00 0.2610E+00 0.6101E+00 0.2590E+00 0.2963E+00 0.2811E+00 0.3492E+00 0.4023E+00 0.4651E+00 0.3955E+00 0.3914E+00 0.4244E+00 0.2832E+00 0.2986E+00 0.4026E+00 0.6262E+00 0.3995E+00 0.3805E+00 0.3322E+00 0.2967E+00 0.0000E+00
0.0000E+00 0.5688E+00 0.1691E+00 0.5844E+00 0.3164E+00 0.3473E+00 0.3417E+00 0.3441E+00 0.3795E+00 0.3999E+00 0.3828E+00 0.3671E+00 0.4133E+00 0.3317E+00 0.3471E+00 0.4373E+00 0.6098E+00 0.4236E+00 0.3933E+00 0.3500E+00 0.3254E+00 0.0000E+00
0.0000E+00 0.5437E+00 0.1337E+00 0.5856E+00 0.3537E+00 0.3763E+00 0.3498E+00 0.3567E+00 0.3770E+00 0.4454E+00 0.3722E+00 0.3938E+00 0.3806E+00 0.3495E+00 0.3620E+00 0.4550E+00 0.6434E+00 0.4471E+00 0.4485E+00 0.3376E+00 0.3507E+00 0.0000E+00
0.0000E+00 0.5170E+00 0.1162E+00 0.5862E+00 0.4057E+00 0.3914E+00 0.3822E+00 0.3503E+00 0.2941E+00 0.4936E+00 0.3810E+00 0.3784E+00 0.3444E+00 0.3295E+00 0.3662E+00 0.4650E+00 0.6554E+00 0.4837E+00 0.4339E+00 0.3469E+00 0.2967E+00 0.0000E+00
0.0000E+00 0.5028E+00 0.1862E+00 0.6233E+00 0.4371E+00 0.4150E+00 0.4046E+00 0.4265E+00 0.2770E+00 0.5084E+00 0.3780E+00 0.3659E+00 0.2852E+00 0.2853E+00 0.3664E+00 0.4142E+00 0.6882E+00 0.4423E+00 0.4250E+00 0.3521E+00 0.3166E+00 0.0000E+00
0.0000E+00 0.5672E+00 0.3334E+00 0.6461E+00 0.4719E+00 0.4477E+00 0.4141E+00 0.4202E+00 0.3056E+00 0.4893E+00 0.3543E+00 0.3581E+00 0.2448E+00 0.1877E+00 0.2813E+00 0.3910E+00 0.6579E+00 0.4286E+00 0.4180E+00 0.3446E+00 0.3379E+00 0.0000E+00
0.0000E+00 0.6161E+00 0.3697E+00 0.6531E+00 0.5127E+00 0.4852E+00 0.3846E+00 0.4166E+00 0.3384E+00 0.4940E+00 0.3649E+00 0.3506E+00 0.2097E+00 0.1622E+00 0.2170E+00 0.3788E+00 0.6234E+00 0.3805E+00 0.4126E+00 0.3418E+00 0.3091E+00 0.0000E+00
0.0000E+00 0.5565E+00 0.4547E+00 0.6654E+00 0.5264E+00 0.5354E+00 0.4095E+00 0.4583E+00 0.3318E+00 0.5210E+00 0.3906E+00 0.2658E+00 0.1882E+00 0.1446E+00 0.1767E+00 0.3145E+00 0.5896E+00 0.3403E+00 0.3603E+00 0.2588E+00 0.2427E+00 0.0000E+00
0.0000E+00 0.4574E+00 0.1269E+01 0.1219E+01 0.9197E+00 0.7155E+00 0.3999E+00 0.5019E+00 0.2758E+00 0.3879E+00 0.2805E+00 0.3539E+00 0.1590E+00 0.1125E+00 0.7844E+00 0.7284E+00 0.5291E+00 0.2355E+00 0.3148E+00 0.2069E+00 0.1766E+00 0.0000E+00
0.0000E+00 0.0000E+00 0.0000E+00 0.0000E+00 0.0000E+00 0.0000E+00 0.0000E+00 0.0000E+00 0.0000E+00 0.0000E+00 0.0000E+00 0.0000E+00 0.0000E+00 0.0000E+00 0.0000E+00 0.0000E+00 0.0000E+00 0.0000E+00 0.0000E+00 0.0000E+00 0.0000E+00 0.0000E+00
