p3_rainD_lowsm_sedtr.asc
ncols     22
nrows     62
xllcorner      0.00000000
yllcorner      0.00000000
cellsize      0.50000000
nodata_value -9999
0.0000E+00 0.0000E+00 0.0000E+00 0.0000E+00 0.0000E+00 0.0000E+00 0.0000E+00 0.0000E+00 0.0000E+00 0.0000E+00 0.0000E+00 0.0000E+00 0.0000E+00 0.0000E+00 0.0000E+00 0.0000E+00 0.0000E+00 0.0000E+00 0.0000E+00 0.0000E+00 0.0000E+00 0.0000E+00
0.0000E+00 0.3525E-02 0.3959E-02 0.6478E-03 0.4672E-02 0.2039E-02 0.3193E-02 0.2859E-02 0.1980E-02 0.4100E-03 0.1445E-04 0.1261E-02 0.3518E-02 0.1780E-02 0.1267E-03 0.7475E-02 0.7031E-02 0.4719E-02 0.6499E-02 0.9456E-03 0.2933E-02 0.0000E+00
0.0000E+00 0.2057E-02 0.9299E-02 0.5259E-02 0.3903E-02 0.8124E-02 0.7654E-02 0.2294E-02 0.9931E-02 0.8141E-02 0.5522E-02 0.1462E-02 0.1303E-01 0.8182E-02 0.9278E-02 0.1355E-01 0.1431E-01 0.8789E-02 0.1306E-01 0.9203E-02 0.6495E-02 0.0000E+00
0.0000E+00 0.9123E-02 0.9490E-02 0.1476E-01 0.3906E-02 0.1378E-01 0.1233E-01 0.1593E-02 0.1169E-01 0.1453E-01 0.1355E-01 0.7952E-02 0.1970E-01 0.5964E-02 0.1180E-01 0.1749E-01 0.1802E-01 0.6920E-02 0.1365E-01 0.7916E-02 0.7262E-02 0.0000E+00
0.0000E+00 0.1430E-01 0.1935E-01 0.2100E-01 0.9875E-02 0.9375E-02 0.2371E-01 0.5872E-02 0.1687E-01 0.1872E-01 0.6540E-02 0.1119E-01 0.1955E-01 0.1468E-01 0.1778E-01 0.2225E-01 0.1564E-01 0.1008E-01 0.1597E-01 0.4366E-02 0.1067E-01 0.0000E+00
0.0000E+00 0.1528E-01 0.2074E-01 0.1648E-01 0.1089E-01 0.1742E-01 0.1949E-01 0.8508E-02 0.1884E-01 0.1597E-01 0.1395E-01 0.5445E-02 0.2396E-01 0.1598E-01 0.2547E-01 0.3267E-01 0.2130E-01 0.2498E-01 0.3515E-01 0.9893E-02 0.1690E-01 0.0000E+00
0.0000E+00 0.1056E-01 0.2396E-01 0.7954E-02 0.7989E-02 0.1517E-01 0.1704E-01 0.8445E-02 0.2143E-01 0.1019E-01 0.8390E-02 0.1806E-01 0.2597E-01 0.2719E-01 0.2138E-01 0.2243E-01 0.2552E-01 0.2864E-01 0.3578E-01 0.1762E-01 0.1899E-01 0.0000E+00
0.0000E+00 0.1630E-01 0.1925E-01 0.2967E-04 0.7490E-02 0.9146E-02 0.1137E-01 0.6392E-02 0.1668E-01 0.2416E-01 0.1852E-01 0.1919E-01 0.1750E-01 0.2187E-01 0.1830E-01 0.3030E-01 0.2390E-01 0.2790E-01 0.3126E-01 0.2611E-01 0.2325E-01 0.0000E+00
0.0000E+00 0.1728E-01 0.1782E-01 0.1674E-03 0.6026E-02 0.6467E-02 0.9976E-02 0.6077E-02 0.1320E-01 0.2120E-01 0.1842E-01 0.9867E-02 0.1416E-01 0.2935E-01 0.2395E-01 0.2711E-01 0.2682E-01 0.3193E-01 0.3701E-01 0.2488E-01 0.2007E-01 0.0000E+00
0.0000E+00 0.1206E-01 0.1679E-01 0.7799E-02 0.1852E-01 0.1368E-01 0.2033E-01 0.5396E-02 0.1980E-04 0.1828E-01 0.9889E-02 0.1167E-01 0.1903E-02 0.2513E-01 0.2061E-01 0.2935E-01 0.2144E-01 0.3114E-01 0.3461E-01 0.2714E-01 0.2254E-01 0.0000E+00
0.0000E+00 0.1631E-01 0.2509E-01 0.7610E-02 0.2864E-01 0.1338E-01 0.1302E-01 0.1220E-01 0.1784E-03 0.1792E-01 0.8365E-02 0.8088E-02 0.8574E-03 0.2301E-01 0.3583E-01 0.5006E-01 0.6520E-01 0.2524E-01 0.2584E-01 0.2667E-01 0.1995E-01 0.0000E+00
0.0000E+00 0.1001E-01 0.3013E-01 0.7256E-02 0.1053E-01 0.1732E-01 0.2431E-01 0.1003E-01 0.3293E-02 0.1642E-01 0.7191E-02 0.1594E-01 0.3048E-02 0.1554E-04 0.9912E-05 0.8040E-03 0.6842E-01 0.2309E-01 0.4163E-01 0.3013E-01 0.1930E-01 0.0000E+00
0.0000E+00 0.1696E-01 0.2162E-01 0.3392E-02 0.2027E-01 0.1074E-01 0.2020E-01 0.5247E-02 0.8300E-02 0.1487E-01 0.1225E-01 0.1240E-01 0.1078E-02 0.1464E-03 0.5986E-04 0.9104E-04 0.7886E-01 0.9276E-04 0.4228E-01 0.2859E-01 0.1621E-01 0.0000E+00
0.0000E+00 0.9000E-02 0.1658E-01 0.3569E-04 0.1188E-01 0.1250E-01 0.2796E-01 0.1252E-01 0.6344E-02 0.1862E-01 0.8854E-02 0.1082E-01 0.2220E-02 0.4341E-02 0.2062E-03 0.4377E-02 0.7834E-01 0.7045E-02 0.5371E-01 0.2667E-01 0.2024E-01 0.0000E+00
0.0000E+00 0.2951E-01 0.1535E-01 0.1446E-03 0.1003E-01 0.1334E-01 0.2973E-01 0.4362E-02 0.3782E-02 0.1636E-01 0.1335E-01 0.1815E-01 0.8823E-02 0.1093E-01 0.9173E-02 0.9096E-02 0.6897E-01 0.9433E-02 0.4255E-01 0.2645E-01 0.2237E-01 0.0000E+00
0.0000E+00 0.2004E-01 0.2540E-01 0.2702E-02 0.1049E-01 0.1951E-01 0.1764E-01 0.1116E-01 0.1199E-01 0.2126E-01 0.1766E-01 0.2423E-01 0.1182E-01 0.5090E-02 0.8327E-02 0.1151E-01 0.7090E-01 0.8840E-02 0.5635E-01 0.2950E-01 0.1785E-01 0.0000E+00
0.0000E+00 0.3336E-01 0.4145E-01 0.3603E-02 0.8463E-02 0.1179E-01 0.2130E-01 0.1570E-01 0.1378E-01 0.2195E-01 0.1972E-01 0.2542E-01 0.1438E-01 0.9645E-02 0.1252E-01 0.1127E-01 0.6836E-01 0.7683E-02 0.5966E-01 0.2800E-01 0.1920E-01 0.0000E+00
0.0000E+00 0.3515E-01 0.3067E-01 0.5570E-02 0.7560E-02 0.6513E-02 0.2679E-01 0.1948E-01 0.1469E-01 0.2351E-01 0.2137E-01 0.2328E-01 0.1961E-01 0.2038E-01 0.2484E-03 0.2304E-01 0.6915E-01 0.7082E-02 0.5442E-01 0.3015E-01 0.2447E-01 0.0000E+00
0.0000E+00 0.3802E-01 0.4254E-01 0.2609E-02 0.7086E-02 0.6869E-02 0.4461E-01 0.2853E-01 0.3251E-01 0.4828E-01 0.3517E-01 0.1612E-01 0.2426E-01 0.2892E-01 0.8999E-02 0.1975E-01 0.6131E-01 0.4245E-02 0.6154E-01 0.1948E-01 0.1060E-01 0.0000E+00
0.0000E+00 0.3587E-01 0.4083E-01 0.9729E-02 0.8566E-02 0.2135E-01 0.4218E-01 0.2006E-01 0.1839E-01 0.4368E-01 0.3833E-01 0.1784E-01 0.1595E-01 0.2467E-01 0.6901E-02 0.1837E-01 0.5016E-01 0.9180E-02 0.5597E-01 0.2642E-01 0.2072E-01 0.0000E+00
0.0000E+00 0.2007E-01 0.4691E-01 0.1299E-01 0.6830E-02 0.2458E-01 0.4868E-01 0.3647E-01 0.2818E-01 0.4616E-01 0.4352E-01 0.2477E-01 0.1131E-01 0.2732E-01 0.7369E-02 0.2191E-01 0.4589E-01 0.6993E-04 0.5382E-01 0.2973E-01 0.2517E-01 0.0000E+00
0.0000E+00 0.3735E-01 0.6776E-01 0.7027E-02 0.5465E-02 0.2883E-01 0.4342E-01 0.3099E-01 0.3113E-01 0.4716E-01 0.4279E-01 0.1460E-01 0.9936E-02 0.1628E-01 0.7985E-02 0.1376E-01 0.4445E-01 0.2062E-02 0.5413E-01 0.3821E-01 0.2824E-01 0.0000E+00
0.0000E+00 0.2521E-01 0.6959E-01 0.7249E-02 0.6860E-02 0.4116E-01 0.2644E-01 0.3765E-01 0.4090E-01 0.4188E-01 0.3319E-01 0.4670E-01 0.2119E-01 0.1860E-01 0.5523E-02 0.1332E-01 0.4247E-01 0.8232E-04 0.5824E-01 0.3803E-01 0.2835E-01 0.0000E+00
0.0000E+00 0.3415E-01 0.6891E-01 0.2918E-01 0.9208E-02 0.3105E-01 0.3079E-01 0.3757E-01 0.5362E-01 0.4345E-01 0.2888E-01 0.3728E-01 0.2265E-01 0.3557E-01 0.5239E-02 0.1473E-01 0.4186E-01 0.1208E-01 0.4474E-01 0.4338E-01 0.3033E-01 0.0000E+00
0.0000E+00 0.2370E-01 0.6500E-01 0.3353E-01 0.2484E-01 0.3719E-01 0.4182E-01 0.3509E-01 0.3269E-01 0.5477E-01 0.2631E-01 0.3970E-01 0.2322E-01 0.1860E-01 0.1872E-01 0.1213E-01 0.4181E-01 0.1567E-01 0.6108E-01 0.2593E-01 0.2953E-01 0.0000E+00
0.0000E+00 0.4048E-01 0.4696E-01 0.2782E-01 0.1791E-01 0.5005E-01 0.4541E-01 0.3217E-01 0.3246E-01 0.7740E-01 0.3210E-01 0.2859E-01 0.3754E-01 0.3536E-01 0.2385E-01 0.3249E-01 0.7448E-01 0.2297E-01 0.5576E-01 0.2446E-01 0.3465E-01 0.0000E+00
0.0000E+00 0.3076E-01 0.6292E-01 0.3876E-01 0.2215E-01 0.5853E-01 0.4667E-01 0.3029E-01 0.5040E-01 0.5519E-01 0.4716E-01 0.5172E-01 0.3589E-01 0.3735E-01 0.2597E-01 0.1960E-01 0.7037E-01 0.3101E-01 0.5935E-01 0.2899E-01 0.2342E-01 0.0000E+00
0.0000E+00 0.4304E-01 0.6423E-01 0.3567E-01 0.3565E-01 0.4857E-01 0.6131E-01 0.3849E-01 0.4519E-01 0.6306E-01 0.4983E-01 0.3431E-01 0.3186E-01 0.2826E-01 0.2258E-01 0.3351E-01 0.7165E-01 0.3336E-01 0.6326E-01 0.4060E-01 0.2167E-01 0.0000E+00
0.0000E+00 0.2771E-01 0.6794E-01 0.5066E-01 0.3935E-01 0.4592E-01 0.5805E-01 0.3467E-01 0.4895E-01 0.6013E-01 0.4396E-01 0.2451E-01 0.2793E-01 0.3780E-01 0.2930E-01 0.3802E-01 0.8314E-01 0.3171E-01 0.6228E-01 0.3515E-01 0.2781E-01 0.0000E+00
0.0000E+00 0.2213E-01 0.7544E-01 0.5509E-01 0.2649E-01 0.3138E-01 0.5427E-01 0.3812E-01 0.4835E-01 0.4325E-01 0.4805E-01 0.3663E-01 0.2300E-01 0.2619E-01 0.3624E-01 0.2460E-01 0.6289E-01 0.1994E-01 0.5170E-01 0.3270E-01 0.1860E-01 0.0000E+00
0.0000E+00 0.2110E-01 0.7403E-01 0.5547E-01 0.3773E-01 0.5004E-01 0.4806E-01 0.3386E-01 0.4397E-01 0.3855E-01 0.4792E-01 0.3909E-01 0.2018E-01 0.3175E-01 0.3488E-01 0.1645E-01 0.4711E-01 0.1643E-01 0.3657E-01 0.4367E-01 0.3611E-01 0.0000E+00
0.0000E+00 0.2062E-01 0.7440E-01 0.3676E-01 0.3651E-01 0.5039E-01 0.4607E-01 0.2739E-01 0.3657E-01 0.5595E-01 0.3588E-01 0.3884E-01 0.2740E-01 0.2842E-01 0.3015E-01 0.1369E-01 0.4220E-01 0.1631E-01 0.3235E-01 0.2286E-01 0.5180E-01 0.0000E+00
0.0000E+00 0.4531E-01 0.8245E-01 0.5476E-01 0.4843E-01 0.4561E-01 0.3103E-01 0.2920E-01 0.4523E-01 0.3852E-01 0.4579E-01 0.4203E-01 0.2973E-01 0.2558E-01 0.2267E-01 0.3142E-01 0.3908E-01 0.1567E-01 0.3400E-01 0.2333E-01 0.5200E-01 0.0000E+00
0.0000E+00 0.5234E-01 0.8167E-01 0.4712E-01 0.5534E-01 0.3070E-01 0.2730E-01 0.2169E-01 0.3112E-01 0.3793E-01 0.3135E-01 0.3777E-01 0.2263E-01 0.2998E-01 0.3192E-01 0.3143E-01 0.5445E-01 0.2945E-01 0.6555E-01 0.2198E-01 0.4895E-01 0.0000E+00
0.0000E+00 0.4172E-01 0.5712E-01 0.3482E-01 0.5050E-01 0.4582E-01 0.3159E-01 0.1905E-01 0.4309E-01 0.3518E-01 0.2748E-01 0.3678E-01 0.3712E-01 0.2990E-01 0.2487E-01 0.3756E-01 0.5875E-01 0.4008E-01 0.4143E-01 0.2466E-01 0.3935E-01 0.0000E+00
0.0000E+00 0.3529E-01 0.5659E-01 0.2719E-01 0.4112E-01 0.6263E-01 0.6567E-01 0.2830E-01 0.3065E-01 0.5663E-01 0.4032E-01 0.3972E-01 0.3721E-01 0.2333E-01 0.2695E-01 0.4263E-01 0.6554E-01 0.4455E-01 0.4535E-01 0.3045E-01 0.2587E-01 0.0000E+00
0.0000E+00 0.3136E-01 0.5955E-01 0.3296E-01 0.6231E-01 0.7447E-01 0.7329E-01 0.4107E-01 0.2740E-01 0.6634E-01 0.4876E-01 0.4666E-01 0.3330E-01 0.2162E-01 0.2030E-01 0.4443E-01 0.6528E-01 0.5206E-01 0.7003E-01 0.2436E-01 0.4200E-01 0.0000E+00
0.0000E+00 0.4047E-01 0.6901E-01 0.4707E-01 0.7642E-01 0.5549E-01 0.4713E-01 0.5605E-01 0.4234E-01 0.7234E-01 0.3076E-01 0.5265E-01 0.3445E-01 0.1341E-01 0.1501E-01 0.2480E-01 0.7365E-01 0.4656E-01 0.4660E-01 0.3860E-01 0.4508E-01 0.0000E+00
0.0000E+00 0.4353E-01 0.8754E-01 0.5225E-01 0.6884E-01 0.6460E-01 0.6165E-01 0.5727E-01 0.5272E-01 0.7237E-01 0.4697E-01 0.4178E-01 0.4009E-01 0.1806E-01 0.1431E-01 0.4642E-01 0.7897E-01 0.5794E-01 0.4663E-01 0.3232E-01 0.4100E-01 0.0000E+00
0.0000E+00 0.3573E-01 0.7456E-01 0.3645E-01 0.3915E-01 0.5895E-01 0.6425E-01 0.6773E-01 0.5272E-01 0.7789E-01 0.3453E-01 0.5057E-01 0.4525E-01 0.4419E-01 0.3556E-01 0.6644E-01 0.7904E-01 0.5406E-01 0.3325E-01 0.3163E-01 0.4264E-01 0.0000E+00
0.0000E+00 0.2580E-01 0.7332E-01 0.2812E-01 0.3650E-01 0.4468E-01 0.4458E-01 0.6042E-01 0.5659E-01 0.7857E-01 0.4242E-01 0.6172E-01 0.3511E-01 0.5599E-01 0.1600E-01 0.3472E-01 0.6921E-01 0.4737E-01 0.2882E-01 0.1814E-01 0.2455E-01 0.0000E+00
0.0000E+00 0.7441E-01 0.6664E-01 0.3728E-03 0.4453E-01 0.4556E-01 0.4695E-01 0.5894E-01 0.5545E-01 0.7753E-01 0.4409E-01 0.5700E-01 0.4501E-01 0.2878E-01 0.9971E-02 0.2372E-01 0.5080E-01 0.3307E-01 0.2707E-01 0.1421E-01 0.2001E-01 0.0000E+00
0.0000E+00 0.6871E-01 0.2486E-02 0.4442E-02 0.5377E-01 0.5038E-01 0.5121E-01 0.4279E-01 0.5395E-01 0.7481E-01 0.4460E-01 0.4727E-01 0.4028E-01 0.1836E-01 0.8156E-02 0.2206E-01 0.4491E-01 0.2792E-01 0.3392E-01 0.1954E-01 0.2971E-01 0.0000E+00
0.0000E+00 0.8526E-01 0.9430E-03 0.8237E-02 0.6497E-01 0.3495E-01 0.5702E-01 0.4837E-01 0.4974E-01 0.7188E-01 0.5396E-01 0.5572E-01 0.4596E-01 0.3533E-01 0.7339E-02 0.2102E-01 0.4085E-01 0.4609E-01 0.3930E-01 0.4151E-01 0.4592E-01 0.0000E+00
0.0000E+00 0.8383E-01 0.5466E-02 0.9511E-02 0.5827E-01 0.5045E-01 0.5408E-01 0.4160E-01 0.4323E-01 0.6381E-01 0.5128E-01 0.4804E-01 0.4687E-01 0.3565E-01 0.6177E-02 0.2006E-01 0.3915E-01 0.4652E-01 0.5003E-01 0.4275E-01 0.5219E-01 0.0000E+00
0.0000E+00 0.7146E-01 0.5132E-02 0.4200E-02 0.5678E-01 0.2936E-01 0.3369E-01 0.3462E-01 0.3898E-01 0.5598E-01 0.2802E-01 0.4071E-01 0.3568E-01 0.3261E-01 0.7041E-02 0.1906E-01 0.3688E-01 0.2935E-01 0.5229E-01 0.4202E-01 0.2815E-01 0.0000E+00
0.0000E+00 0.6760E-01 0.2326E-02 0.4691E-01 0.4879E-01 0.1452E-04 0.2674E-01 0.2692E-01 0.4248E-01 0.4985E-01 0.3387E-01 0.3819E-01 0.3522E-01 0.2592E-01 0.1054E-01 0.3200E-01 0.4784E-01 0.4258E-01 0.3806E-01 0.3919E-01 0.3744E-01 0.0000E+00
0.0000E+00 0.6338E-01 0.1049E-01 0.5276E-01 0.6600E-04 0.7810E-04 0.2416E-01 0.2390E-01 0.3352E-01 0.4765E-01 0.3305E-01 0.3209E-01 0.4007E-01 0.3454E-01 0.1524E-01 0.1917E-01 0.5196E-01 0.4386E-01 0.2955E-01 0.4023E-01 0.4212E-01 0.0000E+00
0.0000E+00 0.6087E-01 0.9541E-02 0.4457E-01 0.1148E-03 0.2981E-03 0.2281E-01 0.3704E-01 0.3411E-01 0.5036E-01 0.3180E-01 0.2926E-01 0.3678E-01 0.3289E-01 0.9051E-02 0.1781E-01 0.5909E-01 0.3744E-01 0.4217E-01 0.4295E-01 0.3115E-01 0.0000E+00
0.0000E+00 0.5994E-01 0.1573E-01 0.4535E-01 0.1010E-01 0.7097E-02 0.2180E-01 0.4296E-01 0.2717E-01 0.3890E-01 0.3815E-01 0.2946E-01 0.2616E-01 0.2542E-01 0.6552E-02 0.1994E-01 0.5925E-01 0.3879E-01 0.4490E-01 0.4423E-01 0.2480E-01 0.0000E+00
0.0000E+00 0.5530E-01 0.1044E-01 0.5073E-01 0.1237E-01 0.9399E-02 0.3110E-01 0.4566E-01 0.2876E-01 0.4031E-01 0.3370E-01 0.2959E-01 0.2227E-01 0.1711E-01 0.4988E-02 0.1439E-01 0.5568E-01 0.4245E-01 0.4721E-01 0.4144E-01 0.4208E-01 0.0000E+00
0.0000E+00 0.4690E-01 0.1650E-01 0.5261E-01 0.1356E-01 0.8238E-02 0.3050E-01 0.3687E-01 0.2878E-01 0.3138E-01 0.3306E-01 0.3214E-01 0.2950E-01 0.1387E-01 0.1726E-01 0.2172E-01 0.5055E-01 0.3363E-01 0.3912E-01 0.3455E-01 0.4901E-01 0.0000E+00
0.0000E+00 0.4462E-01 0.1291E-01 0.4604E-01 0.1344E-01 0.1300E-01 0.2596E-01 0.3457E-01 0.2399E-01 0.4532E-01 0.3594E-01 0.2561E-01 0.3720E-01 0.2876E-01 0.1287E-01 0.2097E-01 0.4730E-01 0.2586E-01 0.2979E-01 0.2735E-01 0.3650E-01 0.0000E+00
0.0000E+00 0.3530E-01 0.7613E-02 0.4387E-01 0.2012E-01 0.1986E-01 0.3747E-01 0.3409E-01 0.2200E-01 0.3231E-01 0.3332E-01 0.2303E-01 0.3540E-01 0.3644E-01 0.1965E-01 0.2408E-01 0.4227E-01 0.3430E-01 0.3263E-01 0.3414E-01 0.4223E-01 0.0000E+00
0.0000E+00 0.3188E-01 0.7078E-02 0.4677E-01 0.2335E-01 0.2288E-01 0.3557E-01 0.3723E-01 0.2487E-01 0.4769E-01 0.3151E-01 0.3150E-01 0.2964E-01 0.3558E-01 0.2107E-01 0.2502E-01 0.4775E-01 0.3848E-01 0.3996E-01 0.3299E-01 0.4616E-01 0.0000E+00
0.0000E+00 0.2853E-01 0.6745E-02 0.4803E-01 0.3013E-01 0.2433E-01 0.4078E-01 0.3557E-01 0.1647E-01 0.5887E-01 0.3476E-01 0.2848E-01 0.2375E-01 0.2916E-01 0.2215E-01 0.2583E-01 0.4549E-01 0.4378E-01 0.3305E-01 0.3595E-01 0.3181E-01 0.0000E+00
0.0000E+00 0.2647E-01 0.1452E-01 0.6081E-01 0.3250E-01 0.2819E-01 0.4353E-01 0.5311E-01 0.1879E-01 0.5970E-01 0.3418E-01 0.2610E-01 0.1704E-01 0.2217E-01 0.2344E-01 0.1850E-01 0.4843E-01 0.3457E-01 0.3059E-01 0.3570E-01 0.3682E-01 0.0000E+00
0.0000E+00 0.3759E-01 0.3094E-01 0.6509E-01 0.3662E-01 0.3467E-01 0.4347E-01 0.4859E-01 0.2918E-01 0.5128E-01 0.2831E-01 0.2520E-01 0.1437E-01 0.1477E-01 0.1299E-01 0.1743E-01 0.3989E-01 0.3062E-01 0.2887E-01 0.3270E-01 0.4040E-01 0.0000E+00
0.0000E+00 0.4284E-01 0.2746E-01 0.6517E-01 0.4239E-01 0.3970E-01 0.3664E-01 0.4455E-01 0.3554E-01 0.4999E-01 0.3211E-01 0.2462E-01 0.1043E-01 0.1440E-01 0.1038E-01 0.1814E-01 0.3390E-01 0.2314E-01 0.2908E-01 0.3171E-01 0.3263E-01 0.0000E+00
0.0000E+00 0.2917E-01 0.4024E-01 0.6540E-01 0.4219E-01 0.4738E-01 0.4193E-01 0.5203E-01 0.3194E-01 0.5405E-01 0.3860E-01 0.1344E-01 0.8688E-02 0.1285E-01 0.9067E-02 0.1263E-01 0.2828E-01 0.1915E-01 0.1893E-01 0.1883E-01 0.2254E-01 0.0000E+00
0.0000E+00 0.2032E-01 0.9979E-01 0.9511E-01 0.6740E-01 0.5450E-01 0.3747E-01 0.3767E-01 0.2001E-01 0.2915E-01 0.1780E-01 0.1468E-01 0.6862E-02 0.9291E-02 0.3382E-01 0.2908E-01 0.2276E-01 0.1161E-01 0.1364E-01 0.1486E-01 0.1618E-01 0.0000E+00
0.0000E+00 0.0000E+00 0.0000E+00 0.0000E+00 0.0000E+00 0.0000E+00 0.0000E+00 0.0000E+00 0.0000E+00 0.0000E+00 0.0000E+00 0.0000E+00 0.0000E+00 0.0000E+00 0.0000E+00 0.0000E+00 0.0000E+00 0.0000E+00 0.0000E+00 0.0000E+00 0.0000E+00 0.0000E+00
