p3_rainE_medsm_sedtr.asc
ncols     22
nrows     62
xllcorner      0.00000000
yllcorner      0.00000000
cellsize      0.50000000
nodata_value -9999
0.0000E+00 0.0000E+00 0.0000E+00 0.0000E+00 0.0000E+00 0.0000E+00 0.0000E+00 0.0000E+00 0.0000E+00 0.0000E+00 0.0000E+00 0.0000E+00 0.0000E+00 0.0000E+00 0.0000E+00 0.0000E+00 0.0000E+00 0.0000E+00 0.0000E+00 0.0000E+00 0.0000E+00 0.0000E+00
0.0000E+00 0.2941E-03 0.4295E-03 0.5138E-04 0.5529E-03 0.1886E-03 0.3486E-03 0.3117E-03 0.1610E-03 0.3790E-04 0.2822E-05 0.9194E-04 0.3784E-03 0.1693E-03 0.1693E-04 0.9467E-03 0.8786E-03 0.5559E-03 0.8088E-03 0.8278E-04 0.2579E-03 0.0000E+00
0.0000E+00 0.1011E-03 0.1024E-02 0.5560E-03 0.4209E-03 0.9209E-03 0.9015E-03 0.2218E-03 0.1130E-02 0.1063E-02 0.7130E-03 0.9553E-04 0.1721E-02 0.9743E-03 0.1341E-02 0.1787E-02 0.1961E-02 0.1072E-02 0.1771E-02 0.1151E-02 0.5536E-03 0.0000E+00
0.0000E+00 0.9560E-03 0.9128E-03 0.1955E-02 0.3304E-03 0.1722E-02 0.1533E-02 0.1199E-03 0.1165E-02 0.1990E-02 0.1823E-02 0.8929E-03 0.2671E-02 0.6616E-03 0.1522E-02 0.2290E-02 0.2424E-02 0.7421E-03 0.1675E-02 0.8240E-03 0.4810E-03 0.0000E+00
0.0000E+00 0.1651E-02 0.2403E-02 0.2817E-02 0.7384E-03 0.9118E-03 0.3390E-02 0.5215E-03 0.1832E-02 0.2532E-02 0.7198E-03 0.1241E-02 0.2355E-02 0.1691E-02 0.2433E-02 0.3029E-02 0.1930E-02 0.1433E-02 0.2264E-02 0.4807E-03 0.7094E-03 0.0000E+00
0.0000E+00 0.1620E-02 0.2357E-02 0.1789E-02 0.8384E-03 0.1975E-02 0.2139E-02 0.6052E-03 0.1910E-02 0.1778E-02 0.1689E-02 0.5494E-03 0.2793E-02 0.1564E-02 0.3665E-02 0.5116E-02 0.3006E-02 0.3792E-02 0.6350E-02 0.1181E-02 0.1613E-02 0.0000E+00
0.0000E+00 0.1017E-02 0.2712E-02 0.9686E-03 0.4768E-03 0.1323E-02 0.1634E-02 0.4701E-03 0.2012E-02 0.1285E-02 0.8519E-03 0.2238E-02 0.2681E-02 0.3478E-02 0.2471E-02 0.2661E-02 0.3295E-02 0.4004E-02 0.5752E-02 0.1957E-02 0.1670E-02 0.0000E+00
0.0000E+00 0.1577E-02 0.2299E-02 0.5587E-05 0.3849E-03 0.8121E-03 0.1227E-02 0.3320E-03 0.1361E-02 0.3070E-02 0.2040E-02 0.1876E-02 0.1753E-02 0.2136E-02 0.1955E-02 0.4344E-02 0.2686E-02 0.3560E-02 0.4713E-02 0.3243E-02 0.2192E-02 0.0000E+00
0.0000E+00 0.1575E-02 0.2175E-02 0.3533E-04 0.2545E-03 0.5731E-03 0.1069E-02 0.2442E-03 0.1074E-02 0.2389E-02 0.1517E-02 0.1021E-02 0.1332E-02 0.3007E-02 0.2940E-02 0.3284E-02 0.3085E-02 0.4307E-02 0.5477E-02 0.2736E-02 0.1499E-02 0.0000E+00
0.0000E+00 0.1067E-02 0.2034E-02 0.1050E-02 0.1486E-02 0.9205E-03 0.1634E-02 0.1647E-03 0.8174E-06 0.2157E-02 0.9652E-03 0.9253E-03 0.1387E-03 0.2713E-02 0.2146E-02 0.3605E-02 0.2280E-02 0.3870E-02 0.4529E-02 0.2919E-02 0.1547E-02 0.0000E+00
0.0000E+00 0.1412E-02 0.2732E-02 0.8023E-03 0.3126E-02 0.8254E-03 0.1123E-02 0.6015E-03 0.4558E-04 0.2105E-02 0.7630E-03 0.7070E-03 0.6880E-04 0.2465E-02 0.4276E-02 0.6676E-02 0.9019E-02 0.2863E-02 0.3484E-02 0.2737E-02 0.1300E-02 0.0000E+00
0.0000E+00 0.9617E-03 0.3395E-02 0.6880E-03 0.1051E-02 0.1196E-02 0.1914E-02 0.4076E-03 0.3771E-03 0.1903E-02 0.5869E-03 0.1444E-02 0.2708E-03 0.2177E-06 0.6526E-06 0.6364E-04 0.1013E-01 0.2558E-02 0.5795E-02 0.3398E-02 0.1359E-02 0.0000E+00
0.0000E+00 0.1582E-02 0.2402E-02 0.4332E-03 0.2488E-02 0.6784E-03 0.1632E-02 0.2401E-03 0.9040E-03 0.1701E-02 0.1079E-02 0.1073E-02 0.6350E-04 0.2309E-04 0.1195E-04 0.1778E-04 0.1230E-01 0.2146E-04 0.6262E-02 0.2966E-02 0.1081E-02 0.0000E+00
0.0000E+00 0.9690E-03 0.2155E-02 0.6269E-05 0.1538E-02 0.9765E-03 0.3149E-02 0.1255E-02 0.5440E-03 0.1842E-02 0.7372E-03 0.1007E-02 0.1830E-03 0.5460E-03 0.3412E-04 0.5140E-03 0.1123E-01 0.9317E-03 0.7766E-02 0.2655E-02 0.1541E-02 0.0000E+00
0.0000E+00 0.3512E-02 0.2063E-02 0.3590E-04 0.1340E-02 0.8155E-03 0.3638E-02 0.4287E-03 0.3470E-03 0.1641E-02 0.1062E-02 0.2073E-02 0.9842E-03 0.1365E-02 0.1288E-02 0.1067E-02 0.9910E-02 0.1143E-02 0.5986E-02 0.2585E-02 0.1644E-02 0.0000E+00
0.0000E+00 0.2196E-02 0.3177E-02 0.3822E-03 0.1348E-02 0.1860E-02 0.2107E-02 0.1207E-02 0.1300E-02 0.2199E-02 0.1575E-02 0.2710E-02 0.1303E-02 0.5267E-03 0.9405E-03 0.1218E-02 0.9991E-02 0.9620E-03 0.8158E-02 0.2871E-02 0.1309E-02 0.0000E+00
0.0000E+00 0.4118E-02 0.5161E-02 0.3935E-03 0.1092E-02 0.1081E-02 0.2400E-02 0.1883E-02 0.1458E-02 0.2431E-02 0.2012E-02 0.2862E-02 0.1621E-02 0.1005E-02 0.1496E-02 0.1460E-02 0.9425E-02 0.9834E-03 0.8376E-02 0.2607E-02 0.1913E-02 0.0000E+00
0.0000E+00 0.4499E-02 0.3603E-02 0.5361E-03 0.9616E-03 0.7801E-03 0.3049E-02 0.2532E-02 0.1564E-02 0.2825E-02 0.2409E-02 0.2522E-02 0.2480E-02 0.2636E-02 0.3160E-04 0.3322E-02 0.9494E-02 0.8934E-03 0.7731E-02 0.3212E-02 0.3075E-02 0.0000E+00
0.0000E+00 0.5211E-02 0.5813E-02 0.2497E-03 0.8598E-03 0.9176E-03 0.6273E-02 0.4012E-02 0.5087E-02 0.7798E-02 0.5154E-02 0.1960E-02 0.3222E-02 0.4013E-02 0.1227E-02 0.2401E-02 0.8521E-02 0.8705E-03 0.9713E-02 0.2247E-02 0.1387E-02 0.0000E+00
0.0000E+00 0.4939E-02 0.5383E-02 0.1180E-02 0.9690E-03 0.2718E-02 0.5355E-02 0.2682E-02 0.2537E-02 0.6414E-02 0.5615E-02 0.2030E-02 0.1868E-02 0.2872E-02 0.7492E-03 0.2352E-02 0.7734E-02 0.1207E-02 0.8209E-02 0.3309E-02 0.2809E-02 0.0000E+00
0.0000E+00 0.3222E-02 0.7187E-02 0.1540E-02 0.7683E-03 0.2991E-02 0.7182E-02 0.5356E-02 0.3830E-02 0.7294E-02 0.6826E-02 0.2955E-02 0.1525E-02 0.3224E-02 0.7002E-03 0.2538E-02 0.7307E-02 0.1305E-04 0.8209E-02 0.3981E-02 0.3507E-02 0.0000E+00
0.0000E+00 0.5994E-02 0.1223E-01 0.7289E-03 0.6142E-03 0.4015E-02 0.6639E-02 0.4101E-02 0.4468E-02 0.7521E-02 0.6621E-02 0.1941E-02 0.1312E-02 0.2081E-02 0.7566E-03 0.1885E-02 0.7087E-02 0.2070E-03 0.8446E-02 0.5587E-02 0.3793E-02 0.0000E+00
0.0000E+00 0.4057E-02 0.1210E-01 0.6986E-03 0.7250E-03 0.5907E-02 0.4418E-02 0.5031E-02 0.5889E-02 0.6320E-02 0.4687E-02 0.7410E-02 0.2695E-02 0.2542E-02 0.4890E-03 0.1886E-02 0.6661E-02 0.3775E-04 0.9515E-02 0.5582E-02 0.3779E-02 0.0000E+00
0.0000E+00 0.5218E-02 0.1177E-01 0.4167E-02 0.9006E-03 0.3682E-02 0.4726E-02 0.4495E-02 0.8363E-02 0.6724E-02 0.4229E-02 0.4737E-02 0.2362E-02 0.4387E-02 0.3715E-03 0.1994E-02 0.6372E-02 0.1728E-02 0.7278E-02 0.6811E-02 0.4171E-02 0.0000E+00
0.0000E+00 0.3704E-02 0.1086E-01 0.4567E-02 0.2949E-02 0.5224E-02 0.6968E-02 0.4278E-02 0.4658E-02 0.9456E-02 0.4013E-02 0.4940E-02 0.2033E-02 0.2533E-02 0.2041E-02 0.1619E-02 0.6017E-02 0.2092E-02 0.1053E-01 0.4281E-02 0.4191E-02 0.0000E+00
0.0000E+00 0.5988E-02 0.8485E-02 0.3418E-02 0.1913E-02 0.7795E-02 0.7334E-02 0.3817E-02 0.4769E-02 0.1375E-01 0.4722E-02 0.3979E-02 0.3213E-02 0.4044E-02 0.2512E-02 0.3261E-02 0.8746E-02 0.3246E-02 0.8545E-02 0.4021E-02 0.4986E-02 0.0000E+00
0.0000E+00 0.4399E-02 0.1275E-01 0.5775E-02 0.3010E-02 0.8769E-02 0.6508E-02 0.3379E-02 0.7498E-02 0.8299E-02 0.6187E-02 0.6684E-02 0.2689E-02 0.3697E-02 0.2349E-02 0.2039E-02 0.7540E-02 0.4311E-02 0.9561E-02 0.4886E-02 0.3248E-02 0.0000E+00
0.0000E+00 0.6198E-02 0.1321E-01 0.5179E-02 0.4736E-02 0.6638E-02 0.8994E-02 0.3932E-02 0.5691E-02 0.9531E-02 0.5880E-02 0.4416E-02 0.2146E-02 0.2809E-02 0.1830E-02 0.3843E-02 0.7958E-02 0.4266E-02 0.1038E-01 0.7167E-02 0.3356E-02 0.0000E+00
0.0000E+00 0.4177E-02 0.1329E-01 0.8465E-02 0.5006E-02 0.5956E-02 0.7519E-02 0.3371E-02 0.6483E-02 0.8505E-02 0.5118E-02 0.3694E-02 0.1733E-02 0.4373E-02 0.2907E-02 0.4738E-02 0.1023E-01 0.3613E-02 0.9785E-02 0.4899E-02 0.3887E-02 0.0000E+00
0.0000E+00 0.3865E-02 0.1495E-01 0.8716E-02 0.3280E-02 0.5083E-02 0.6837E-02 0.3792E-02 0.6115E-02 0.7209E-02 0.5983E-02 0.4273E-02 0.1463E-02 0.2801E-02 0.3739E-02 0.3191E-02 0.6708E-02 0.2500E-02 0.8000E-02 0.4345E-02 0.2767E-02 0.0000E+00
0.0000E+00 0.3493E-02 0.1326E-01 0.8485E-02 0.4926E-02 0.7702E-02 0.6153E-02 0.3289E-02 0.5110E-02 0.6692E-02 0.5507E-02 0.4427E-02 0.1217E-02 0.3054E-02 0.3206E-02 0.2430E-02 0.5812E-02 0.2102E-02 0.6990E-02 0.6299E-02 0.5762E-02 0.0000E+00
0.0000E+00 0.3224E-02 0.1344E-01 0.5962E-02 0.4604E-02 0.7018E-02 0.6140E-02 0.2611E-02 0.4358E-02 0.9069E-02 0.4423E-02 0.4776E-02 0.2438E-02 0.2524E-02 0.2609E-02 0.2068E-02 0.5537E-02 0.2141E-02 0.6660E-02 0.3989E-02 0.7817E-02 0.0000E+00
0.0000E+00 0.5984E-02 0.1496E-01 0.9783E-02 0.7017E-02 0.6042E-02 0.4822E-02 0.3731E-02 0.6180E-02 0.6536E-02 0.5745E-02 0.5850E-02 0.3226E-02 0.2219E-02 0.2194E-02 0.3965E-02 0.5148E-02 0.1923E-02 0.6838E-02 0.4081E-02 0.7246E-02 0.0000E+00
0.0000E+00 0.6154E-02 0.1368E-01 0.7583E-02 0.8349E-02 0.4996E-02 0.4460E-02 0.2606E-02 0.4200E-02 0.6196E-02 0.4084E-02 0.5446E-02 0.2359E-02 0.3134E-02 0.3103E-02 0.3390E-02 0.6215E-02 0.3504E-02 0.1104E-01 0.3757E-02 0.6530E-02 0.0000E+00
0.0000E+00 0.4652E-02 0.1100E-01 0.5747E-02 0.6860E-02 0.7639E-02 0.6026E-02 0.2371E-02 0.5912E-02 0.5780E-02 0.3788E-02 0.5454E-02 0.4715E-02 0.3561E-02 0.2258E-02 0.4104E-02 0.6232E-02 0.5031E-02 0.7129E-02 0.4645E-02 0.5491E-02 0.0000E+00
0.0000E+00 0.4038E-02 0.1052E-01 0.4874E-02 0.5450E-02 0.1002E-01 0.1108E-01 0.3592E-02 0.4185E-02 0.8129E-02 0.5411E-02 0.6802E-02 0.4308E-02 0.2537E-02 0.2267E-02 0.5088E-02 0.6732E-02 0.6008E-02 0.7211E-02 0.4742E-02 0.4891E-02 0.0000E+00
0.0000E+00 0.3639E-02 0.1039E-01 0.5416E-02 0.1067E-01 0.1215E-01 0.1124E-01 0.5314E-02 0.3893E-02 0.8991E-02 0.6511E-02 0.7915E-02 0.3548E-02 0.2307E-02 0.1804E-02 0.5665E-02 0.6944E-02 0.7742E-02 0.1065E-01 0.3946E-02 0.8192E-02 0.0000E+00
0.0000E+00 0.4279E-02 0.1088E-01 0.6921E-02 0.1334E-01 0.8420E-02 0.6973E-02 0.7904E-02 0.5740E-02 0.9914E-02 0.4286E-02 0.8833E-02 0.3678E-02 0.1776E-02 0.1574E-02 0.3573E-02 0.8782E-02 0.6623E-02 0.7183E-02 0.6144E-02 0.8203E-02 0.0000E+00
0.0000E+00 0.3847E-02 0.1231E-01 0.6574E-02 0.1063E-01 0.1067E-01 0.9896E-02 0.8126E-02 0.7056E-02 0.9778E-02 0.6396E-02 0.6818E-02 0.3651E-02 0.2249E-02 0.1409E-02 0.7208E-02 0.9958E-02 0.9677E-02 0.6749E-02 0.4449E-02 0.6900E-02 0.0000E+00
0.0000E+00 0.3048E-02 0.9816E-02 0.4832E-02 0.6979E-02 0.9034E-02 0.1024E-01 0.1098E-01 0.7136E-02 0.1196E-01 0.4806E-02 0.8094E-02 0.4087E-02 0.5897E-02 0.3317E-02 0.1106E-01 0.1013E-01 0.8309E-02 0.6025E-02 0.4444E-02 0.6800E-02 0.0000E+00
0.0000E+00 0.2440E-02 0.1207E-01 0.3999E-02 0.6186E-02 0.7464E-02 0.7413E-02 0.9284E-02 0.8382E-02 0.1217E-01 0.6000E-02 0.8842E-02 0.3127E-02 0.8035E-02 0.1654E-02 0.5627E-02 0.8665E-02 0.6926E-02 0.5649E-02 0.3529E-02 0.5449E-02 0.0000E+00
0.0000E+00 0.1226E-01 0.1112E-01 0.2622E-04 0.6747E-02 0.7351E-02 0.7618E-02 0.8946E-02 0.8471E-02 0.1218E-01 0.6504E-02 0.7514E-02 0.4992E-02 0.4220E-02 0.1163E-02 0.4535E-02 0.7115E-02 0.5791E-02 0.5356E-02 0.3273E-02 0.4960E-02 0.0000E+00
0.0000E+00 0.1168E-01 0.2347E-03 0.4906E-03 0.7018E-02 0.7301E-02 0.7828E-02 0.6799E-02 0.8145E-02 0.1185E-01 0.6683E-02 0.6636E-02 0.4395E-02 0.3488E-02 0.9075E-03 0.4225E-02 0.6802E-02 0.5177E-02 0.5315E-02 0.3868E-02 0.5701E-02 0.0000E+00
0.0000E+00 0.1325E-01 0.6648E-04 0.8003E-03 0.7373E-02 0.6006E-02 0.7938E-02 0.8089E-02 0.7574E-02 0.1155E-01 0.9057E-02 0.9147E-02 0.6171E-02 0.5820E-02 0.7536E-03 0.3824E-02 0.6416E-02 0.7482E-02 0.5354E-02 0.6747E-02 0.7132E-02 0.0000E+00
0.0000E+00 0.1174E-01 0.7133E-03 0.6573E-03 0.5987E-02 0.7099E-02 0.6984E-02 0.6407E-02 0.6705E-02 0.1014E-01 0.8445E-02 0.7379E-02 0.6708E-02 0.6007E-02 0.5861E-03 0.3425E-02 0.6216E-02 0.7004E-02 0.5828E-02 0.6477E-02 0.7897E-02 0.0000E+00
0.0000E+00 0.9948E-02 0.3911E-03 0.2138E-03 0.8932E-02 0.4755E-02 0.5593E-02 0.5640E-02 0.6230E-02 0.9148E-02 0.5187E-02 0.6096E-02 0.4726E-02 0.4732E-02 0.6024E-03 0.3036E-02 0.5808E-02 0.5121E-02 0.5535E-02 0.6181E-02 0.5087E-02 0.0000E+00
0.0000E+00 0.9497E-02 0.1538E-03 0.7620E-02 0.8205E-02 0.1976E-05 0.4797E-02 0.4894E-02 0.7331E-02 0.8452E-02 0.6581E-02 0.5822E-02 0.4927E-02 0.3758E-02 0.8215E-03 0.3755E-02 0.6291E-02 0.5823E-02 0.4299E-02 0.6481E-02 0.6406E-02 0.0000E+00
0.0000E+00 0.8678E-02 0.1161E-02 0.7939E-02 0.1683E-04 0.2432E-04 0.4300E-02 0.4336E-02 0.5448E-02 0.8008E-02 0.6202E-02 0.4422E-02 0.6916E-02 0.5096E-02 0.1423E-02 0.2683E-02 0.6037E-02 0.5266E-02 0.3825E-02 0.7022E-02 0.7087E-02 0.0000E+00
0.0000E+00 0.8180E-02 0.8979E-03 0.6777E-02 0.2746E-04 0.6331E-04 0.3902E-02 0.5129E-02 0.5805E-02 0.8638E-02 0.5990E-02 0.3934E-02 0.6193E-02 0.4378E-02 0.7559E-03 0.2396E-02 0.6920E-02 0.4653E-02 0.4416E-02 0.7649E-02 0.5465E-02 0.0000E+00
0.0000E+00 0.7919E-02 0.1688E-02 0.7330E-02 0.1510E-02 0.8546E-03 0.3526E-02 0.5650E-02 0.4430E-02 0.6259E-02 0.7245E-02 0.3935E-02 0.4315E-02 0.3424E-02 0.5599E-03 0.2315E-02 0.6887E-02 0.4788E-02 0.4283E-02 0.7458E-02 0.4666E-02 0.0000E+00
0.0000E+00 0.7079E-02 0.9063E-03 0.7333E-02 0.1539E-02 0.8186E-03 0.4287E-02 0.6053E-02 0.4853E-02 0.6724E-02 0.5972E-02 0.3565E-02 0.3794E-02 0.2729E-02 0.3624E-03 0.1791E-02 0.6368E-02 0.5632E-02 0.4846E-02 0.6863E-02 0.7111E-02 0.0000E+00
0.0000E+00 0.6015E-02 0.1640E-02 0.7559E-02 0.1480E-02 0.5807E-03 0.4090E-02 0.4804E-02 0.4579E-02 0.5157E-02 0.5933E-02 0.3753E-02 0.5392E-02 0.2544E-02 0.1103E-02 0.2288E-02 0.5691E-02 0.4387E-02 0.4182E-02 0.5967E-02 0.7938E-02 0.0000E+00
0.0000E+00 0.5717E-02 0.1072E-02 0.6775E-02 0.1388E-02 0.9815E-03 0.3690E-02 0.5053E-02 0.3706E-02 0.7174E-02 0.6512E-02 0.3043E-02 0.6531E-02 0.3994E-02 0.6583E-03 0.1985E-02 0.5267E-02 0.3531E-02 0.3428E-02 0.5190E-02 0.5661E-02 0.0000E+00
0.0000E+00 0.4698E-02 0.7853E-03 0.6520E-02 0.2127E-02 0.1920E-02 0.5319E-02 0.4891E-02 0.3415E-02 0.4957E-02 0.5633E-02 0.2791E-02 0.5672E-02 0.4693E-02 0.1758E-02 0.2212E-02 0.4829E-02 0.4984E-02 0.3835E-02 0.6672E-02 0.7191E-02 0.0000E+00
0.0000E+00 0.4266E-02 0.7318E-03 0.7200E-02 0.2376E-02 0.2350E-02 0.4922E-02 0.5748E-02 0.3886E-02 0.6933E-02 0.5168E-02 0.4610E-02 0.4916E-02 0.4632E-02 0.2196E-02 0.2331E-02 0.5013E-02 0.5321E-02 0.4141E-02 0.6232E-02 0.7615E-02 0.0000E+00
0.0000E+00 0.3759E-02 0.6353E-03 0.7947E-02 0.3396E-02 0.2556E-02 0.6050E-02 0.5532E-02 0.2934E-02 0.8251E-02 0.5797E-02 0.3941E-02 0.4234E-02 0.4021E-02 0.2490E-02 0.2494E-02 0.4437E-02 0.5810E-02 0.3506E-02 0.5876E-02 0.5225E-02 0.0000E+00
0.0000E+00 0.3378E-02 0.1376E-02 0.1004E-01 0.3551E-02 0.3274E-02 0.6577E-02 0.9602E-02 0.3317E-02 0.7726E-02 0.5236E-02 0.3711E-02 0.3750E-02 0.3282E-02 0.2769E-02 0.1705E-02 0.4527E-02 0.4602E-02 0.3333E-02 0.5392E-02 0.6097E-02 0.0000E+00
0.0000E+00 0.3865E-02 0.3551E-02 0.1039E-01 0.4239E-02 0.4698E-02 0.6536E-02 0.7820E-02 0.3957E-02 0.6448E-02 0.4395E-02 0.3780E-02 0.3424E-02 0.2820E-02 0.1557E-02 0.1579E-02 0.3653E-02 0.4075E-02 0.3354E-02 0.4868E-02 0.6168E-02 0.0000E+00
0.0000E+00 0.4085E-02 0.2877E-02 0.1021E-01 0.5381E-02 0.5484E-02 0.5351E-02 0.7048E-02 0.3975E-02 0.6347E-02 0.5173E-02 0.3962E-02 0.2993E-02 0.2871E-02 0.1374E-02 0.1628E-02 0.3138E-02 0.3349E-02 0.3671E-02 0.4674E-02 0.4970E-02 0.0000E+00
0.0000E+00 0.3053E-02 0.5643E-02 0.1016E-01 0.5101E-02 0.7063E-02 0.5969E-02 0.8437E-02 0.3479E-02 0.6677E-02 0.5852E-02 0.2654E-02 0.2644E-02 0.2512E-02 0.1215E-02 0.1233E-02 0.2652E-02 0.2815E-02 0.2525E-02 0.3499E-02 0.4035E-02 0.0000E+00
0.0000E+00 0.2409E-02 0.1830E-01 0.1702E-01 0.1037E-01 0.7956E-02 0.4812E-02 0.8008E-02 0.2747E-02 0.4706E-02 0.3430E-02 0.3840E-02 0.2037E-02 0.1888E-02 0.3569E-02 0.2950E-02 0.2239E-02 0.2068E-02 0.2095E-02 0.2966E-02 0.3256E-02 0.0000E+00
0.0000E+00 0.0000E+00 0.0000E+00 0.0000E+00 0.0000E+00 0.0000E+00 0.0000E+00 0.0000E+00 0.0000E+00 0.0000E+00 0.0000E+00 0.0000E+00 0.0000E+00 0.0000E+00 0.0000E+00 0.0000E+00 0.0000E+00 0.0000E+00 0.0000E+00 0.0000E+00 0.0000E+00 0.0000E+00
