p3_rainE_highsm_dschg.asc
ncols     22
nrows     62
xllcorner      0.00000000
yllcorner      0.00000000
cellsize      0.50000000
nodata_value -9999
0.0000E+00 0.0000E+00 0.0000E+00 0.0000E+00 0.0000E+00 0.0000E+00 0.0000E+00 0.0000E+00 0.0000E+00 0.0000E+00 0.0000E+00 0.0000E+00 0.0000E+00 0.0000E+00 0.0000E+00 0.0000E+00 0.0000E+00 0.0000E+00 0.0000E+00 0.0000E+00 0.0000E+00 0.0000E+00
0.0000E+00 0.2406E-03 0.5340E-03 0.1648E-03 0.1199E-02 0.4760E-03 0.8899E-03 0.9867E-03 0.3332E-03 0.9666E-04 0.7776E-04 0.2631E-03 0.7958E-03 0.9336E-03 0.1077E-03 0.8951E-03 0.9923E-03 0.9899E-03 0.1200E-02 0.2094E-03 0.3223E-03 0.0000E+00
0.0000E+00 0.3028E-03 0.1064E-02 0.8737E-03 0.1048E-02 0.1367E-02 0.1427E-02 0.7746E-03 0.8429E-03 0.1109E-02 0.7412E-03 0.3374E-03 0.1585E-02 0.1420E-02 0.8942E-03 0.1779E-02 0.2080E-02 0.1612E-02 0.2396E-02 0.1302E-02 0.5832E-03 0.0000E+00
0.0000E+00 0.1015E-02 0.1395E-02 0.1863E-02 0.8629E-03 0.1929E-02 0.1865E-02 0.6355E-03 0.1637E-02 0.2195E-02 0.1439E-02 0.1302E-02 0.2366E-02 0.1138E-02 0.1677E-02 0.2757E-02 0.3159E-02 0.1612E-02 0.3646E-02 0.2064E-02 0.7923E-03 0.0000E+00
0.0000E+00 0.1806E-02 0.2387E-02 0.2537E-02 0.8554E-03 0.1747E-02 0.2956E-02 0.8499E-03 0.2110E-02 0.3164E-02 0.1463E-02 0.2179E-02 0.3028E-02 0.1887E-02 0.2652E-02 0.3836E-02 0.3617E-02 0.2858E-02 0.4897E-02 0.1541E-02 0.1079E-02 0.0000E+00
0.0000E+00 0.2586E-02 0.3166E-02 0.3163E-02 0.1649E-02 0.2403E-02 0.3514E-02 0.1111E-02 0.2702E-02 0.4121E-02 0.2551E-02 0.1807E-02 0.3199E-02 0.2672E-02 0.3522E-02 0.4797E-02 0.4077E-02 0.3934E-02 0.6072E-02 0.1660E-02 0.1594E-02 0.0000E+00
0.0000E+00 0.2231E-02 0.7227E-02 0.3207E-02 0.1735E-02 0.2722E-02 0.3767E-02 0.1134E-02 0.2661E-02 0.3365E-02 0.2456E-02 0.2294E-02 0.2992E-02 0.3254E-02 0.4598E-02 0.5744E-02 0.4934E-02 0.5007E-02 0.6832E-02 0.2749E-02 0.2388E-02 0.0000E+00
0.0000E+00 0.2916E-02 0.7092E-02 0.7999E-04 0.1669E-02 0.2571E-02 0.3344E-02 0.1148E-02 0.2753E-02 0.3535E-02 0.2482E-02 0.2601E-02 0.2822E-02 0.3825E-02 0.5069E-02 0.6454E-02 0.5672E-02 0.6199E-02 0.7157E-02 0.3520E-02 0.2695E-02 0.0000E+00
0.0000E+00 0.3072E-02 0.6497E-02 0.1492E-03 0.1506E-02 0.2270E-02 0.2960E-02 0.1080E-02 0.2852E-02 0.6373E-02 0.2477E-02 0.2323E-02 0.2795E-02 0.7176E-02 0.5914E-02 0.7046E-02 0.6359E-02 0.7255E-02 0.6955E-02 0.3691E-02 0.2339E-02 0.0000E+00
0.0000E+00 0.3062E-02 0.6030E-02 0.5403E-03 0.1833E-02 0.2037E-02 0.2722E-02 0.1065E-02 0.7549E-04 0.5932E-02 0.2208E-02 0.2097E-02 0.2760E-03 0.7554E-02 0.6861E-02 0.7638E-02 0.6559E-02 0.8307E-02 0.7439E-02 0.4566E-02 0.2596E-02 0.0000E+00
0.0000E+00 0.3560E-02 0.7087E-02 0.1738E-02 0.2828E-02 0.1872E-02 0.2454E-02 0.9869E-03 0.1472E-03 0.5517E-02 0.1969E-02 0.1874E-02 0.1038E-03 0.7764E-02 0.1446E-01 0.2256E-01 0.3003E-01 0.9491E-02 0.7376E-02 0.5538E-02 0.3199E-02 0.0000E+00
0.0000E+00 0.3286E-02 0.7771E-02 0.2989E-02 0.2448E-02 0.2113E-02 0.2647E-02 0.9537E-03 0.3727E-03 0.5124E-02 0.1842E-02 0.2290E-02 0.2295E-03 0.7698E-04 0.7300E-04 0.2237E-03 0.3117E-01 0.1059E-01 0.1738E-01 0.6284E-02 0.3886E-02 0.0000E+00
0.0000E+00 0.3965E-02 0.8499E-02 0.2215E-02 0.5724E-02 0.2443E-02 0.3632E-02 0.8845E-03 0.8698E-03 0.4750E-02 0.2738E-02 0.3081E-02 0.2873E-03 0.1444E-03 0.1388E-03 0.8389E-04 0.3119E-01 0.8533E-04 0.1654E-01 0.6846E-02 0.3934E-02 0.0000E+00
0.0000E+00 0.3514E-02 0.7740E-02 0.8111E-04 0.5117E-02 0.2623E-02 0.4718E-02 0.1972E-02 0.1087E-02 0.5014E-02 0.2514E-02 0.4276E-02 0.5664E-03 0.4785E-03 0.1973E-03 0.3194E-03 0.3183E-01 0.9793E-03 0.1719E-01 0.6950E-02 0.4136E-02 0.0000E+00
0.0000E+00 0.4260E-02 0.7155E-02 0.1524E-03 0.4715E-02 0.2387E-02 0.5685E-02 0.1531E-02 0.1046E-02 0.5003E-02 0.2373E-02 0.3993E-02 0.1428E-02 0.1276E-02 0.1189E-02 0.1213E-02 0.3162E-01 0.1791E-02 0.1679E-01 0.6499E-02 0.4063E-02 0.0000E+00
0.0000E+00 0.4130E-02 0.7092E-02 0.3660E-03 0.4369E-02 0.3624E-02 0.5418E-02 0.2609E-02 0.2032E-02 0.6190E-02 0.2967E-02 0.4267E-02 0.2473E-02 0.1489E-02 0.2166E-02 0.1669E-02 0.3144E-01 0.1916E-02 0.1890E-01 0.7446E-02 0.4836E-02 0.0000E+00
0.0000E+00 0.5108E-02 0.8327E-02 0.6249E-03 0.4110E-02 0.4690E-02 0.5092E-02 0.3691E-02 0.3010E-02 0.7146E-02 0.3952E-02 0.5351E-02 0.3552E-02 0.2374E-02 0.2718E-02 0.3813E-02 0.3260E-01 0.1094E-02 0.2008E-01 0.8293E-02 0.6032E-02 0.0000E+00
0.0000E+00 0.6357E-02 0.8480E-02 0.9801E-03 0.3772E-02 0.3966E-02 0.5632E-02 0.4016E-02 0.4088E-02 0.8214E-02 0.4927E-02 0.6546E-02 0.4511E-02 0.3153E-02 0.9258E-04 0.4993E-02 0.3378E-01 0.1093E-02 0.2159E-01 0.9484E-02 0.6771E-02 0.0000E+00
0.0000E+00 0.7378E-02 0.9669E-02 0.8693E-03 0.3445E-02 0.3499E-02 0.6505E-02 0.4883E-02 0.4828E-02 0.8989E-02 0.5789E-02 0.6196E-02 0.5418E-02 0.4028E-02 0.9879E-03 0.6065E-02 0.3475E-01 0.1251E-02 0.2363E-01 0.8897E-02 0.6085E-02 0.0000E+00
0.0000E+00 0.7948E-02 0.1092E-01 0.1445E-02 0.3180E-02 0.3800E-02 0.7754E-02 0.4575E-02 0.4286E-02 0.9510E-02 0.6983E-02 0.6466E-02 0.4922E-02 0.4869E-02 0.1295E-02 0.6088E-02 0.3336E-01 0.1094E-02 0.2538E-01 0.1006E-01 0.7134E-02 0.0000E+00
0.0000E+00 0.7173E-02 0.1207E-01 0.1940E-02 0.2877E-02 0.4128E-02 0.8697E-02 0.5395E-02 0.5241E-02 0.1075E-01 0.8176E-02 0.7317E-02 0.4318E-02 0.5403E-02 0.1934E-02 0.7089E-02 0.3213E-01 0.8561E-04 0.2664E-01 0.1112E-01 0.8053E-02 0.0000E+00
0.0000E+00 0.7222E-02 0.1332E-01 0.1668E-02 0.2576E-02 0.5375E-02 0.9059E-02 0.5773E-02 0.5646E-02 0.1201E-01 0.9033E-02 0.6768E-02 0.3895E-02 0.4728E-02 0.1570E-02 0.6351E-02 0.3103E-01 0.3027E-03 0.2820E-01 0.1180E-01 0.8117E-02 0.0000E+00
0.0000E+00 0.6699E-02 0.1382E-01 0.1621E-02 0.2492E-02 0.6626E-02 0.8420E-02 0.6859E-02 0.6707E-02 0.1313E-01 0.1009E-01 0.7936E-02 0.3777E-02 0.4514E-02 0.1363E-02 0.5807E-02 0.2996E-01 0.9718E-04 0.2807E-01 0.1305E-01 0.9181E-02 0.0000E+00
0.0000E+00 0.6860E-02 0.1506E-01 0.2610E-02 0.2670E-02 0.7877E-02 0.9341E-02 0.7173E-02 0.7457E-02 0.1331E-01 0.9640E-02 0.8773E-02 0.3805E-02 0.4646E-02 0.1231E-02 0.5348E-02 0.2892E-01 0.1044E-02 0.2689E-01 0.1374E-01 0.1001E-01 0.0000E+00
0.0000E+00 0.6819E-02 0.1624E-01 0.3596E-02 0.3362E-02 0.8200E-02 0.9889E-02 0.7044E-02 0.7081E-02 0.1298E-01 0.8886E-02 0.8056E-02 0.3594E-02 0.4259E-02 0.1918E-02 0.4935E-02 0.2800E-01 0.1704E-02 0.2784E-01 0.1313E-01 0.1038E-01 0.0000E+00
0.0000E+00 0.7676E-02 0.1582E-01 0.4363E-02 0.2966E-02 0.7581E-02 0.9683E-02 0.6483E-02 0.6564E-02 0.1353E-01 0.8290E-02 0.7439E-02 0.3328E-02 0.4026E-02 0.2052E-02 0.4938E-02 0.2897E-01 0.2482E-02 0.2902E-01 0.1434E-01 0.1156E-01 0.0000E+00
0.0000E+00 0.7548E-02 0.1619E-01 0.5311E-02 0.4194E-02 0.7969E-02 0.9735E-02 0.6466E-02 0.7731E-02 0.1339E-01 0.7880E-02 0.7142E-02 0.3144E-02 0.4135E-02 0.2218E-02 0.4700E-02 0.2859E-01 0.2166E-02 0.3002E-01 0.1537E-01 0.1175E-01 0.0000E+00
0.0000E+00 0.8726E-02 0.1743E-01 0.5574E-02 0.4545E-02 0.7979E-02 0.9913E-02 0.6718E-02 0.8581E-02 0.1443E-01 0.8819E-02 0.6679E-02 0.3045E-02 0.4534E-02 0.2825E-02 0.5774E-02 0.2979E-01 0.3248E-02 0.3027E-01 0.1439E-01 0.1146E-01 0.0000E+00
0.0000E+00 0.8062E-02 0.1804E-01 0.6409E-02 0.5011E-02 0.8175E-02 0.1017E-01 0.6962E-02 0.9207E-02 0.1523E-01 0.9618E-02 0.6134E-02 0.3053E-02 0.5321E-02 0.3428E-02 0.6794E-02 0.3097E-01 0.4447E-02 0.3150E-01 0.1439E-01 0.1249E-01 0.0000E+00
0.0000E+00 0.7464E-02 0.1867E-01 0.7490E-02 0.4842E-02 0.7654E-02 0.1065E-01 0.8040E-02 0.9828E-02 0.1458E-01 0.1046E-01 0.5692E-02 0.2823E-02 0.4846E-02 0.3489E-02 0.6571E-02 0.3102E-01 0.4231E-02 0.3179E-01 0.1493E-01 0.1203E-01 0.0000E+00
0.0000E+00 0.7110E-02 0.1985E-01 0.8340E-02 0.5911E-02 0.8368E-02 0.1114E-01 0.8519E-02 0.1033E-01 0.1417E-01 0.9778E-02 0.6228E-02 0.2635E-02 0.4758E-02 0.3810E-02 0.6002E-02 0.2972E-01 0.3669E-02 0.3038E-01 0.1572E-01 0.1238E-01 0.0000E+00
0.0000E+00 0.6810E-02 0.2110E-01 0.7968E-02 0.6727E-02 0.9214E-02 0.1220E-01 0.9706E-02 0.1052E-01 0.1508E-01 0.9581E-02 0.7198E-02 0.3714E-02 0.4744E-02 0.4220E-02 0.5547E-02 0.2853E-01 0.3319E-02 0.2911E-01 0.1471E-01 0.1319E-01 0.0000E+00
0.0000E+00 0.7036E-02 0.2074E-01 0.9024E-02 0.7875E-02 0.1016E-01 0.1125E-01 0.1009E-01 0.1101E-01 0.1445E-01 0.1007E-01 0.8161E-02 0.4911E-02 0.4893E-02 0.4031E-02 0.5835E-02 0.2740E-01 0.3022E-02 0.2824E-01 0.1452E-01 0.1406E-01 0.0000E+00
0.0000E+00 0.7020E-02 0.2040E-01 0.9498E-02 0.8930E-02 0.9292E-02 0.1046E-01 0.9276E-02 0.1032E-01 0.1429E-01 0.9723E-02 0.9353E-02 0.4676E-02 0.5771E-02 0.4190E-02 0.5881E-02 0.2707E-01 0.3693E-02 0.2926E-01 0.1429E-01 0.1511E-01 0.0000E+00
0.0000E+00 0.6989E-02 0.1975E-01 0.9531E-02 0.9993E-02 0.9797E-02 0.1165E-01 0.8719E-02 0.1018E-01 0.1374E-01 0.9207E-02 0.1060E-01 0.4669E-02 0.6131E-02 0.3958E-02 0.6430E-02 0.2665E-01 0.4893E-02 0.2800E-01 0.1550E-01 0.1636E-01 0.0000E+00
0.0000E+00 0.7139E-02 0.1984E-01 0.8861E-02 0.1061E-01 0.1075E-01 0.1284E-01 0.8722E-02 0.9738E-02 0.1462E-01 0.9948E-02 0.1036E-01 0.4943E-02 0.5987E-02 0.4086E-02 0.7403E-02 0.2732E-01 0.6066E-02 0.2802E-01 0.1643E-01 0.1546E-01 0.0000E+00
0.0000E+00 0.6674E-02 0.1900E-01 0.8342E-02 0.1072E-01 0.1170E-01 0.1384E-01 0.9582E-02 0.9321E-02 0.1537E-01 0.1090E-01 0.1058E-01 0.4824E-02 0.6077E-02 0.4064E-02 0.8460E-02 0.2773E-01 0.7287E-02 0.2904E-01 0.1587E-01 0.1560E-01 0.0000E+00
0.0000E+00 0.6137E-02 0.1800E-01 0.7891E-02 0.1154E-01 0.1180E-01 0.1309E-01 0.1054E-01 0.9435E-02 0.1604E-01 0.1014E-01 0.1071E-01 0.4518E-02 0.5581E-02 0.3720E-02 0.7661E-02 0.2875E-01 0.7968E-02 0.2795E-01 0.1626E-01 0.1594E-01 0.0000E+00
0.0000E+00 0.5615E-02 0.1705E-01 0.7424E-02 0.1211E-01 0.1273E-01 0.1378E-01 0.1179E-01 0.1062E-01 0.1728E-01 0.1015E-01 0.9987E-02 0.4495E-02 0.5273E-02 0.3389E-02 0.8655E-02 0.2935E-01 0.8764E-02 0.2747E-01 0.1715E-01 0.1599E-01 0.0000E+00
0.0000E+00 0.5203E-02 0.1640E-01 0.6990E-02 0.1116E-01 0.1238E-01 0.1459E-01 0.1273E-01 0.1157E-01 0.1804E-01 0.9668E-02 0.9323E-02 0.4696E-02 0.6131E-02 0.3185E-02 0.9617E-02 0.3008E-01 0.9364E-02 0.2635E-01 0.1727E-01 0.1621E-01 0.0000E+00
0.0000E+00 0.4755E-02 0.2216E-01 0.6546E-02 0.1043E-01 0.1169E-01 0.1422E-01 0.1301E-01 0.1216E-01 0.1841E-01 0.9973E-02 0.9195E-02 0.4851E-02 0.7329E-02 0.2866E-02 0.8778E-02 0.3010E-01 0.9809E-02 0.2521E-01 0.1615E-01 0.1519E-01 0.0000E+00
0.0000E+00 0.2521E-01 0.2132E-01 0.8806E-04 0.9799E-02 0.1106E-01 0.1360E-01 0.1345E-01 0.1236E-01 0.1890E-01 0.1121E-01 0.9009E-02 0.5830E-02 0.6909E-02 0.2539E-02 0.8051E-02 0.2868E-01 0.9052E-02 0.2410E-01 0.1514E-01 0.1423E-01 0.0000E+00
0.0000E+00 0.2434E-01 0.1153E-03 0.1784E-03 0.9164E-02 0.1036E-01 0.1282E-01 0.1295E-01 0.1265E-01 0.1940E-01 0.1246E-01 0.1006E-01 0.7026E-02 0.6343E-02 0.2230E-02 0.7421E-02 0.2736E-01 0.8374E-02 0.2330E-01 0.1485E-01 0.1383E-01 0.0000E+00
0.0000E+00 0.2367E-01 0.1860E-03 0.2591E-03 0.8623E-02 0.9643E-02 0.1215E-01 0.1291E-01 0.1310E-01 0.2002E-01 0.1350E-01 0.1106E-01 0.7870E-02 0.7391E-02 0.1933E-02 0.6809E-02 0.2608E-01 0.8882E-02 0.2319E-01 0.1607E-01 0.1504E-01 0.0000E+00
0.0000E+00 0.2306E-01 0.2736E-03 0.3501E-03 0.8193E-02 0.9204E-02 0.1180E-01 0.1302E-01 0.1368E-01 0.2063E-01 0.1469E-01 0.1225E-01 0.9117E-02 0.7709E-02 0.1646E-02 0.6219E-02 0.2486E-01 0.8403E-02 0.2284E-01 0.1732E-01 0.1623E-01 0.0000E+00
0.0000E+00 0.2244E-01 0.3916E-03 0.3785E-03 0.1594E-01 0.8505E-02 0.1099E-01 0.1282E-01 0.1473E-01 0.2137E-01 0.1401E-01 0.1314E-01 0.1037E-01 0.8210E-02 0.1505E-02 0.5663E-02 0.2364E-01 0.7839E-02 0.2246E-01 0.1857E-01 0.1503E-01 0.0000E+00
0.0000E+00 0.2226E-01 0.4223E-03 0.1485E-01 0.1522E-01 0.7651E-04 0.1018E-01 0.1202E-01 0.1579E-01 0.2184E-01 0.1444E-01 0.1367E-01 0.1162E-01 0.8491E-02 0.1628E-02 0.5863E-02 0.2312E-01 0.7546E-02 0.2186E-01 0.1974E-01 0.1620E-01 0.0000E+00
0.0000E+00 0.2231E-01 0.9663E-03 0.1521E-01 0.8427E-04 0.1447E-03 0.9387E-02 0.1123E-01 0.1652E-01 0.2271E-01 0.1559E-01 0.1356E-01 0.1263E-01 0.8661E-02 0.2227E-02 0.5311E-02 0.2300E-01 0.7538E-02 0.2077E-01 0.1982E-01 0.1683E-01 0.0000E+00
0.0000E+00 0.2205E-01 0.1325E-02 0.1445E-01 0.1544E-03 0.2058E-03 0.8624E-02 0.1200E-01 0.1717E-01 0.2358E-01 0.1615E-01 0.1298E-01 0.1353E-01 0.9263E-02 0.2216E-02 0.4858E-02 0.2373E-01 0.7321E-02 0.1991E-01 0.1937E-01 0.1598E-01 0.0000E+00
0.0000E+00 0.2208E-01 0.2217E-02 0.1564E-01 0.1148E-02 0.5160E-03 0.7994E-02 0.1278E-01 0.1778E-01 0.2428E-01 0.1718E-01 0.1256E-01 0.1398E-01 0.9510E-02 0.1910E-02 0.4453E-02 0.2432E-01 0.8033E-02 0.1932E-01 0.1891E-01 0.1546E-01 0.0000E+00
0.0000E+00 0.2210E-01 0.2215E-02 0.1630E-01 0.1729E-02 0.8342E-03 0.9017E-02 0.1358E-01 0.1788E-01 0.2483E-01 0.1808E-01 0.1250E-01 0.1397E-01 0.9725E-02 0.1602E-02 0.4132E-02 0.2461E-01 0.8999E-02 0.1991E-01 0.2005E-01 0.1647E-01 0.0000E+00
0.0000E+00 0.2222E-01 0.2975E-02 0.1697E-01 0.2121E-02 0.1209E-02 0.8900E-02 0.1381E-01 0.1824E-01 0.2347E-01 0.1925E-01 0.1304E-01 0.1411E-01 0.8905E-02 0.1334E-02 0.4092E-02 0.2459E-01 0.9615E-02 0.2079E-01 0.2078E-01 0.1743E-01 0.0000E+00
0.0000E+00 0.2221E-01 0.3420E-02 0.1723E-01 0.2286E-02 0.1574E-02 0.8991E-02 0.1399E-01 0.1859E-01 0.2410E-01 0.1983E-01 0.1344E-01 0.1451E-01 0.8400E-02 0.1448E-02 0.4079E-02 0.2427E-01 0.9798E-02 0.2029E-01 0.2179E-01 0.1832E-01 0.0000E+00
0.0000E+00 0.2114E-01 0.2965E-02 0.1810E-01 0.2886E-02 0.2371E-02 0.9760E-02 0.1477E-01 0.1894E-01 0.2323E-01 0.2012E-01 0.1403E-01 0.1516E-01 0.9303E-02 0.2280E-02 0.4191E-02 0.2320E-01 0.1029E-01 0.1918E-01 0.2188E-01 0.1885E-01 0.0000E+00
0.0000E+00 0.2008E-01 0.2665E-02 0.1803E-01 0.3573E-02 0.3356E-02 0.1068E-01 0.1595E-01 0.1956E-01 0.2375E-01 0.2055E-01 0.1507E-01 0.1554E-01 0.1036E-01 0.3264E-02 0.4605E-02 0.2240E-01 0.9926E-02 0.1809E-01 0.2092E-01 0.1828E-01 0.0000E+00
0.0000E+00 0.1901E-01 0.2401E-02 0.1926E-01 0.4252E-02 0.4185E-02 0.1173E-01 0.1698E-01 0.1853E-01 0.2432E-01 0.2122E-01 0.1584E-01 0.1644E-01 0.1155E-01 0.4028E-02 0.5119E-02 0.2161E-01 0.9869E-02 0.1703E-01 0.2116E-01 0.1911E-01 0.0000E+00
0.0000E+00 0.1797E-01 0.2840E-02 0.2015E-01 0.4920E-02 0.4944E-02 0.1278E-01 0.1759E-01 0.1811E-01 0.2472E-01 0.2123E-01 0.1606E-01 0.1661E-01 0.1135E-01 0.4890E-02 0.5461E-02 0.2129E-01 0.9734E-02 0.1770E-01 0.2103E-01 0.1836E-01 0.0000E+00
0.0000E+00 0.1769E-01 0.3503E-02 0.2090E-01 0.5684E-02 0.5635E-02 0.1367E-01 0.1819E-01 0.1779E-01 0.2467E-01 0.2151E-01 0.1654E-01 0.1622E-01 0.1031E-01 0.4634E-02 0.5856E-02 0.2153E-01 0.9765E-02 0.1829E-01 0.2173E-01 0.1823E-01 0.0000E+00
0.0000E+00 0.1746E-01 0.4367E-02 0.2193E-01 0.6655E-02 0.6492E-02 0.1354E-01 0.1798E-01 0.1776E-01 0.2432E-01 0.2222E-01 0.1771E-01 0.1514E-01 0.9436E-02 0.4070E-02 0.5648E-02 0.2178E-01 0.9894E-02 0.1916E-01 0.2259E-01 0.1807E-01 0.0000E+00
0.0000E+00 0.1644E-01 0.5379E-02 0.2225E-01 0.7396E-02 0.7127E-02 0.1302E-01 0.1743E-01 0.1742E-01 0.2360E-01 0.2181E-01 0.1677E-01 0.1414E-01 0.8596E-02 0.3660E-02 0.5045E-02 0.2035E-01 0.9900E-02 0.1941E-01 0.2237E-01 0.1778E-01 0.0000E+00
0.0000E+00 0.1539E-01 0.5656E-01 0.5035E-01 0.2839E-01 0.2026E-01 0.1265E-01 0.3451E-01 0.1724E-01 0.2254E-01 0.2135E-01 0.3100E-01 0.1386E-01 0.7731E-02 0.2503E-01 0.2251E-01 0.1888E-01 0.9077E-02 0.1792E-01 0.2145E-01 0.1718E-01 0.0000E+00
0.0000E+00 0.0000E+00 0.0000E+00 0.0000E+00 0.0000E+00 0.0000E+00 0.0000E+00 0.0000E+00 0.0000E+00 0.0000E+00 0.0000E+00 0.0000E+00 0.0000E+00 0.0000E+00 0.0000E+00 0.0000E+00 0.0000E+00 0.0000E+00 0.0000E+00 0.0000E+00 0.0000E+00 0.0000E+00
