p3_rainD_medsm_sedtr.asc
ncols     22
nrows     62
xllcorner      0.00000000
yllcorner      0.00000000
cellsize      0.50000000
nodata_value -9999
0.0000E+00 0.0000E+00 0.0000E+00 0.0000E+00 0.0000E+00 0.0000E+00 0.0000E+00 0.0000E+00 0.0000E+00 0.0000E+00 0.0000E+00 0.0000E+00 0.0000E+00 0.0000E+00 0.0000E+00 0.0000E+00 0.0000E+00 0.0000E+00 0.0000E+00 0.0000E+00 0.0000E+00 0.0000E+00
0.0000E+00 0.4327E-02 0.4437E-02 0.1136E-02 0.4693E-02 0.2429E-02 0.3353E-02 0.2975E-02 0.2424E-02 0.1274E-02 0.1943E-03 0.1742E-02 0.3700E-02 0.1848E-02 0.5244E-03 0.7827E-02 0.7223E-02 0.4889E-02 0.6521E-02 0.1425E-02 0.3664E-02 0.0000E+00
0.0000E+00 0.3173E-02 0.1031E-01 0.6407E-02 0.4311E-02 0.8873E-02 0.8177E-02 0.2713E-02 0.1140E-01 0.9692E-02 0.7288E-02 0.2412E-02 0.1358E-01 0.8709E-02 0.1168E-01 0.1410E-01 0.1459E-01 0.9225E-02 0.1312E-01 0.1036E-01 0.7977E-02 0.0000E+00
0.0000E+00 0.1148E-01 0.1077E-01 0.1627E-01 0.4780E-02 0.1496E-01 0.1330E-01 0.2152E-02 0.1323E-01 0.1595E-01 0.1601E-01 0.9917E-02 0.2051E-01 0.6652E-02 0.1401E-01 0.1812E-01 0.1834E-01 0.7514E-02 0.1370E-01 0.8850E-02 0.9180E-02 0.0000E+00
0.0000E+00 0.1687E-01 0.2115E-01 0.2276E-01 0.1322E-01 0.1051E-01 0.2516E-01 0.8374E-02 0.1880E-01 0.2000E-01 0.8119E-02 0.1308E-01 0.2051E-01 0.1652E-01 0.1989E-01 0.2294E-01 0.1607E-01 0.1076E-01 0.1602E-01 0.5050E-02 0.1322E-01 0.0000E+00
0.0000E+00 0.1753E-01 0.2262E-01 0.1793E-01 0.1412E-01 0.1953E-01 0.2090E-01 0.1238E-01 0.2102E-01 0.1688E-01 0.1624E-01 0.6757E-02 0.2543E-01 0.1809E-01 0.2769E-01 0.3352E-01 0.2213E-01 0.2623E-01 0.3525E-01 0.1192E-01 0.2017E-01 0.0000E+00
0.0000E+00 0.1240E-01 0.2617E-01 0.8870E-02 0.1083E-01 0.1747E-01 0.1839E-01 0.1288E-01 0.2424E-01 0.1099E-01 0.1010E-01 0.2109E-01 0.2808E-01 0.3012E-01 0.2314E-01 0.2312E-01 0.2665E-01 0.2998E-01 0.3595E-01 0.2082E-01 0.2239E-01 0.0000E+00
0.0000E+00 0.1900E-01 0.2111E-01 0.2783E-03 0.1060E-01 0.1066E-01 0.1229E-01 0.1033E-01 0.1925E-01 0.2604E-01 0.2209E-01 0.2281E-01 0.1902E-01 0.2463E-01 0.1981E-01 0.3117E-01 0.2504E-01 0.2911E-01 0.3158E-01 0.2990E-01 0.2705E-01 0.0000E+00
0.0000E+00 0.2032E-01 0.1965E-01 0.1140E-02 0.9017E-02 0.7836E-02 0.1086E-01 0.1068E-01 0.1547E-01 0.2392E-01 0.2291E-01 0.1202E-01 0.1566E-01 0.3251E-01 0.2563E-01 0.2806E-01 0.2821E-01 0.3310E-01 0.3772E-01 0.2873E-01 0.2395E-01 0.0000E+00
0.0000E+00 0.1441E-01 0.1869E-01 0.1236E-01 0.2415E-01 0.1854E-01 0.2479E-01 0.1021E-01 0.1226E-03 0.2081E-01 0.1202E-01 0.1525E-01 0.2456E-02 0.2800E-01 0.2209E-01 0.3050E-01 0.2265E-01 0.3224E-01 0.3547E-01 0.3102E-01 0.2739E-01 0.0000E+00
0.0000E+00 0.1965E-01 0.2893E-01 0.1047E-01 0.3470E-01 0.1918E-01 0.1587E-01 0.2080E-01 0.1235E-02 0.2067E-01 0.1038E-01 0.1033E-01 0.1980E-02 0.2590E-01 0.3974E-01 0.5443E-01 0.7020E-01 0.2625E-01 0.2649E-01 0.3025E-01 0.2455E-01 0.0000E+00
0.0000E+00 0.1213E-01 0.3504E-01 0.8998E-02 0.1429E-01 0.2433E-01 0.3108E-01 0.1913E-01 0.6852E-02 0.1914E-01 0.9345E-02 0.2114E-01 0.5751E-02 0.1112E-03 0.9237E-04 0.1234E-02 0.7326E-01 0.2405E-01 0.4291E-01 0.3365E-01 0.2368E-01 0.0000E+00
0.0000E+00 0.2083E-01 0.2594E-01 0.4875E-02 0.2526E-01 0.1627E-01 0.2607E-01 0.1137E-01 0.1230E-01 0.1765E-01 0.1678E-01 0.1690E-01 0.2688E-02 0.7799E-03 0.5836E-03 0.5679E-03 0.8405E-01 0.6810E-03 0.4374E-01 0.3200E-01 0.2030E-01 0.0000E+00
0.0000E+00 0.1118E-01 0.1944E-01 0.3215E-03 0.1622E-01 0.1779E-01 0.3323E-01 0.1885E-01 0.9354E-02 0.2400E-01 0.1269E-01 0.1430E-01 0.4478E-02 0.7106E-02 0.1310E-02 0.7621E-02 0.8408E-01 0.8808E-02 0.5567E-01 0.2998E-01 0.2502E-01 0.0000E+00
0.0000E+00 0.3570E-01 0.1829E-01 0.1096E-02 0.1409E-01 0.1977E-01 0.3444E-01 0.9062E-02 0.6140E-02 0.2198E-01 0.1933E-01 0.2222E-01 0.1215E-01 0.1435E-01 0.1289E-01 0.1194E-01 0.7479E-01 0.1096E-01 0.4450E-01 0.3002E-01 0.2809E-01 0.0000E+00
0.0000E+00 0.2573E-01 0.3184E-01 0.5725E-02 0.1483E-01 0.2556E-01 0.2211E-01 0.1668E-01 0.1611E-01 0.2802E-01 0.2454E-01 0.2926E-01 0.1455E-01 0.7157E-02 0.1079E-01 0.1413E-01 0.7697E-01 0.1024E-01 0.5923E-01 0.3347E-01 0.2306E-01 0.0000E+00
0.0000E+00 0.4044E-01 0.5188E-01 0.6958E-02 0.1246E-01 0.1624E-01 0.2604E-01 0.2064E-01 0.1750E-01 0.2822E-01 0.2576E-01 0.3010E-01 0.1651E-01 0.1207E-01 0.1485E-01 0.1453E-01 0.7461E-01 0.7806E-02 0.6263E-01 0.3200E-01 0.2379E-01 0.0000E+00
0.0000E+00 0.4218E-01 0.4061E-01 0.9242E-02 0.1144E-01 0.1062E-01 0.3188E-01 0.2403E-01 0.1768E-01 0.2901E-01 0.2639E-01 0.2705E-01 0.2148E-01 0.2354E-01 0.9809E-03 0.2716E-01 0.7546E-01 0.7200E-02 0.5715E-01 0.3410E-01 0.2897E-01 0.0000E+00
0.0000E+00 0.4403E-01 0.5321E-01 0.5083E-02 0.1112E-01 0.1094E-01 0.5065E-01 0.3328E-01 0.3603E-01 0.5436E-01 0.4030E-01 0.1883E-01 0.2595E-01 0.3245E-01 0.1102E-01 0.2346E-01 0.6732E-01 0.4245E-02 0.6427E-01 0.2260E-01 0.1459E-01 0.0000E+00
0.0000E+00 0.4098E-01 0.5147E-01 0.1531E-01 0.1419E-01 0.2809E-01 0.4817E-01 0.2372E-01 0.2099E-01 0.4998E-01 0.4312E-01 0.2075E-01 0.1712E-01 0.2769E-01 0.8491E-02 0.2181E-01 0.5508E-01 0.9282E-02 0.5860E-01 0.3001E-01 0.2549E-01 0.0000E+00
0.0000E+00 0.2478E-01 0.5641E-01 0.1894E-01 0.1219E-01 0.3247E-01 0.5437E-01 0.4137E-01 0.3139E-01 0.5237E-01 0.4774E-01 0.2834E-01 0.1244E-01 0.3035E-01 0.8792E-02 0.2566E-01 0.5061E-01 0.4693E-03 0.5651E-01 0.3353E-01 0.3020E-01 0.0000E+00
0.0000E+00 0.4337E-01 0.7716E-01 0.1124E-01 0.1037E-01 0.3655E-01 0.4858E-01 0.3534E-01 0.3456E-01 0.5322E-01 0.4636E-01 0.1692E-01 0.1099E-01 0.1841E-01 0.9670E-02 0.1659E-01 0.4910E-01 0.2726E-02 0.5719E-01 0.4247E-01 0.3367E-01 0.0000E+00
0.0000E+00 0.3047E-01 0.7905E-01 0.1184E-01 0.1368E-01 0.4898E-01 0.3019E-01 0.4215E-01 0.4489E-01 0.4658E-01 0.3572E-01 0.5199E-01 0.2494E-01 0.2122E-01 0.6972E-02 0.1629E-01 0.4712E-01 0.9118E-03 0.6126E-01 0.4223E-01 0.3359E-01 0.0000E+00
0.0000E+00 0.4120E-01 0.7837E-01 0.3917E-01 0.1760E-01 0.3757E-01 0.3469E-01 0.4209E-01 0.5825E-01 0.4737E-01 0.3077E-01 0.4264E-01 0.2824E-01 0.4136E-01 0.6975E-02 0.1833E-01 0.4661E-01 0.1230E-01 0.4764E-01 0.4774E-01 0.3537E-01 0.0000E+00
0.0000E+00 0.2984E-01 0.7367E-01 0.4374E-01 0.3748E-01 0.4291E-01 0.4634E-01 0.3932E-01 0.3600E-01 0.5867E-01 0.2817E-01 0.4591E-01 0.3055E-01 0.2181E-01 0.2443E-01 0.1555E-01 0.4695E-01 0.1627E-01 0.6394E-01 0.2939E-01 0.3431E-01 0.0000E+00
0.0000E+00 0.4894E-01 0.5467E-01 0.3611E-01 0.2910E-01 0.5626E-01 0.5067E-01 0.3608E-01 0.3607E-01 0.8207E-01 0.3474E-01 0.3307E-01 0.5004E-01 0.4401E-01 0.3115E-01 0.4338E-01 0.8198E-01 0.2393E-01 0.5888E-01 0.2757E-01 0.3948E-01 0.0000E+00
0.0000E+00 0.3865E-01 0.7019E-01 0.4646E-01 0.3312E-01 0.6558E-01 0.5290E-01 0.3443E-01 0.5576E-01 0.5933E-01 0.5194E-01 0.6089E-01 0.5034E-01 0.4820E-01 0.3427E-01 0.2798E-01 0.7952E-01 0.3310E-01 0.6262E-01 0.3198E-01 0.2734E-01 0.0000E+00
0.0000E+00 0.5197E-01 0.7122E-01 0.4251E-01 0.4712E-01 0.5517E-01 0.6966E-01 0.4496E-01 0.5063E-01 0.6734E-01 0.5564E-01 0.4161E-01 0.4659E-01 0.3734E-01 0.3007E-01 0.4434E-01 0.8082E-01 0.3563E-01 0.6675E-01 0.4415E-01 0.2514E-01 0.0000E+00
0.0000E+00 0.3521E-01 0.7470E-01 0.5788E-01 0.5063E-01 0.5228E-01 0.6711E-01 0.4097E-01 0.5478E-01 0.6421E-01 0.4934E-01 0.2900E-01 0.4231E-01 0.4709E-01 0.3642E-01 0.4887E-01 0.9458E-01 0.3375E-01 0.6565E-01 0.3906E-01 0.3166E-01 0.0000E+00
0.0000E+00 0.2805E-01 0.8214E-01 0.6225E-01 0.3487E-01 0.3636E-01 0.6328E-01 0.4510E-01 0.5437E-01 0.4590E-01 0.5367E-01 0.4804E-01 0.3499E-01 0.3474E-01 0.4398E-01 0.3411E-01 0.7330E-01 0.2118E-01 0.5516E-01 0.3671E-01 0.2155E-01 0.0000E+00
0.0000E+00 0.2727E-01 0.8068E-01 0.6210E-01 0.4624E-01 0.5697E-01 0.5618E-01 0.4051E-01 0.4982E-01 0.4042E-01 0.5421E-01 0.5149E-01 0.3201E-01 0.4209E-01 0.4252E-01 0.2451E-01 0.5486E-01 0.1750E-01 0.3911E-01 0.4813E-01 0.4025E-01 0.0000E+00
0.0000E+00 0.2728E-01 0.8101E-01 0.4175E-01 0.4383E-01 0.5799E-01 0.5350E-01 0.3250E-01 0.4112E-01 0.5840E-01 0.4008E-01 0.4977E-01 0.3956E-01 0.3920E-01 0.3711E-01 0.2110E-01 0.4852E-01 0.1778E-01 0.3475E-01 0.2532E-01 0.5747E-01 0.0000E+00
0.0000E+00 0.5778E-01 0.8893E-01 0.6007E-01 0.5544E-01 0.5287E-01 0.3560E-01 0.3357E-01 0.5043E-01 0.4009E-01 0.5144E-01 0.5120E-01 0.4031E-01 0.3645E-01 0.2895E-01 0.4249E-01 0.4499E-01 0.1763E-01 0.3627E-01 0.2572E-01 0.5828E-01 0.0000E+00
0.0000E+00 0.6828E-01 0.8829E-01 0.5205E-01 0.6198E-01 0.3508E-01 0.3109E-01 0.2571E-01 0.3522E-01 0.3965E-01 0.3501E-01 0.4509E-01 0.3141E-01 0.4039E-01 0.3981E-01 0.4446E-01 0.6574E-01 0.3493E-01 0.6865E-01 0.2455E-01 0.5537E-01 0.0000E+00
0.0000E+00 0.5850E-01 0.6299E-01 0.3866E-01 0.5632E-01 0.5161E-01 0.3531E-01 0.2300E-01 0.4909E-01 0.3646E-01 0.3076E-01 0.4373E-01 0.4692E-01 0.3948E-01 0.3219E-01 0.5148E-01 0.7401E-01 0.4698E-01 0.4447E-01 0.2708E-01 0.4500E-01 0.0000E+00
0.0000E+00 0.5109E-01 0.6222E-01 0.3077E-01 0.4574E-01 0.7060E-01 0.7344E-01 0.3461E-01 0.3574E-01 0.6006E-01 0.4652E-01 0.4430E-01 0.4729E-01 0.3274E-01 0.3568E-01 0.5624E-01 0.8426E-01 0.5133E-01 0.4885E-01 0.3386E-01 0.2915E-01 0.0000E+00
0.0000E+00 0.4560E-01 0.6536E-01 0.3754E-01 0.6711E-01 0.8396E-01 0.8342E-01 0.5027E-01 0.3220E-01 0.7160E-01 0.5713E-01 0.5068E-01 0.4276E-01 0.3076E-01 0.2723E-01 0.5707E-01 0.8527E-01 0.5852E-01 0.7506E-01 0.2769E-01 0.4567E-01 0.0000E+00
0.0000E+00 0.5647E-01 0.7559E-01 0.5473E-01 0.8181E-01 0.6420E-01 0.5572E-01 0.6761E-01 0.5175E-01 0.7906E-01 0.3702E-01 0.5664E-01 0.4374E-01 0.2237E-01 0.2097E-01 0.3547E-01 0.9394E-01 0.5247E-01 0.5078E-01 0.4359E-01 0.4921E-01 0.0000E+00
0.0000E+00 0.6188E-01 0.9587E-01 0.6297E-01 0.7430E-01 0.7403E-01 0.7170E-01 0.6904E-01 0.6488E-01 0.7955E-01 0.5652E-01 0.4500E-01 0.5090E-01 0.2818E-01 0.2045E-01 0.5791E-01 0.9947E-01 0.6368E-01 0.5125E-01 0.3774E-01 0.4539E-01 0.0000E+00
0.0000E+00 0.5415E-01 0.8309E-01 0.4567E-01 0.4302E-01 0.6881E-01 0.7526E-01 0.7967E-01 0.6558E-01 0.8603E-01 0.4314E-01 0.5470E-01 0.5714E-01 0.5784E-01 0.5039E-01 0.7888E-01 0.9959E-01 0.5962E-01 0.3618E-01 0.3773E-01 0.4755E-01 0.0000E+00
0.0000E+00 0.4199E-01 0.8315E-01 0.3540E-01 0.3996E-01 0.5298E-01 0.5437E-01 0.7208E-01 0.6960E-01 0.8770E-01 0.5306E-01 0.6765E-01 0.4485E-01 0.7070E-01 0.2536E-01 0.4493E-01 0.9061E-01 0.5242E-01 0.3088E-01 0.2081E-01 0.2705E-01 0.0000E+00
0.0000E+00 0.9519E-01 0.7539E-01 0.1160E-02 0.4928E-01 0.5459E-01 0.5732E-01 0.7036E-01 0.6827E-01 0.8745E-01 0.5473E-01 0.6351E-01 0.5435E-01 0.4175E-01 0.1670E-01 0.3206E-01 0.6878E-01 0.3869E-01 0.2912E-01 0.1645E-01 0.2216E-01 0.0000E+00
0.0000E+00 0.8740E-01 0.4624E-02 0.9437E-02 0.6091E-01 0.6193E-01 0.6314E-01 0.5350E-01 0.6678E-01 0.8527E-01 0.5524E-01 0.5253E-01 0.4773E-01 0.2852E-01 0.1433E-01 0.2967E-01 0.6008E-01 0.3338E-01 0.3938E-01 0.2352E-01 0.3350E-01 0.0000E+00
0.0000E+00 0.1087E+00 0.2775E-02 0.1636E-01 0.7573E-01 0.4195E-01 0.7137E-01 0.5879E-01 0.6222E-01 0.8265E-01 0.6404E-01 0.6030E-01 0.5188E-01 0.4636E-01 0.1355E-01 0.2829E-01 0.5506E-01 0.5328E-01 0.4849E-01 0.5010E-01 0.5275E-01 0.0000E+00
0.0000E+00 0.1091E+00 0.1352E-01 0.1849E-01 0.7000E-01 0.6523E-01 0.6918E-01 0.5099E-01 0.5545E-01 0.7393E-01 0.6071E-01 0.5148E-01 0.5214E-01 0.4619E-01 0.1239E-01 0.2724E-01 0.5297E-01 0.5475E-01 0.6489E-01 0.5128E-01 0.6062E-01 0.0000E+00
0.0000E+00 0.9351E-01 0.1223E-01 0.9371E-02 0.6864E-01 0.3644E-01 0.4325E-01 0.4280E-01 0.5067E-01 0.6491E-01 0.3728E-01 0.4317E-01 0.3905E-01 0.4237E-01 0.1636E-01 0.2644E-01 0.5058E-01 0.3580E-01 0.7124E-01 0.5098E-01 0.3294E-01 0.0000E+00
0.0000E+00 0.8805E-01 0.6568E-02 0.6109E-01 0.5940E-01 0.1572E-03 0.3522E-01 0.3362E-01 0.5295E-01 0.5765E-01 0.4194E-01 0.3956E-01 0.3800E-01 0.3395E-01 0.2265E-01 0.4540E-01 0.6574E-01 0.5311E-01 0.5217E-01 0.4776E-01 0.4341E-01 0.0000E+00
0.0000E+00 0.8310E-01 0.1762E-01 0.6935E-01 0.5799E-03 0.8296E-03 0.3196E-01 0.2997E-01 0.4436E-01 0.5495E-01 0.4017E-01 0.3266E-01 0.4099E-01 0.4232E-01 0.2685E-01 0.2928E-01 0.7242E-01 0.5633E-01 0.3723E-01 0.4853E-01 0.4906E-01 0.0000E+00
0.0000E+00 0.8014E-01 0.1517E-01 0.5887E-01 0.1020E-02 0.1853E-02 0.3025E-01 0.4685E-01 0.4393E-01 0.5731E-01 0.3796E-01 0.2897E-01 0.3676E-01 0.4021E-01 0.1676E-01 0.2845E-01 0.7977E-01 0.4852E-01 0.5658E-01 0.5121E-01 0.3716E-01 0.0000E+00
0.0000E+00 0.7844E-01 0.2111E-01 0.5896E-01 0.1359E-01 0.1277E-01 0.2930E-01 0.5443E-01 0.3691E-01 0.4550E-01 0.4373E-01 0.2891E-01 0.2801E-01 0.3146E-01 0.1272E-01 0.3357E-01 0.7930E-01 0.5016E-01 0.6362E-01 0.5287E-01 0.2867E-01 0.0000E+00
0.0000E+00 0.7443E-01 0.1426E-01 0.6594E-01 0.1537E-01 0.1456E-01 0.4302E-01 0.5775E-01 0.3770E-01 0.4635E-01 0.3869E-01 0.2921E-01 0.2455E-01 0.2183E-01 0.9983E-02 0.2617E-01 0.7442E-01 0.5348E-01 0.6567E-01 0.4982E-01 0.4829E-01 0.0000E+00
0.0000E+00 0.6740E-01 0.2044E-01 0.6853E-01 0.1631E-01 0.1224E-01 0.4292E-01 0.4894E-01 0.3732E-01 0.3727E-01 0.3735E-01 0.3236E-01 0.3191E-01 0.1784E-01 0.2983E-01 0.3603E-01 0.6825E-01 0.4377E-01 0.5681E-01 0.4296E-01 0.5669E-01 0.0000E+00
0.0000E+00 0.6417E-01 0.1582E-01 0.6136E-01 0.1590E-01 0.1715E-01 0.3624E-01 0.4576E-01 0.3251E-01 0.5153E-01 0.3974E-01 0.2497E-01 0.4004E-01 0.3604E-01 0.2408E-01 0.3497E-01 0.6492E-01 0.3500E-01 0.4606E-01 0.3568E-01 0.4380E-01 0.0000E+00
0.0000E+00 0.5380E-01 0.9786E-02 0.5876E-01 0.2315E-01 0.2417E-01 0.4820E-01 0.4517E-01 0.3063E-01 0.3845E-01 0.3672E-01 0.2214E-01 0.3860E-01 0.4595E-01 0.3002E-01 0.3775E-01 0.6104E-01 0.4320E-01 0.4705E-01 0.4152E-01 0.4903E-01 0.0000E+00
0.0000E+00 0.4984E-01 0.9134E-02 0.6138E-01 0.2658E-01 0.2673E-01 0.4564E-01 0.4799E-01 0.3313E-01 0.5462E-01 0.3448E-01 0.3122E-01 0.3288E-01 0.4548E-01 0.2936E-01 0.3762E-01 0.6814E-01 0.4810E-01 0.5576E-01 0.3996E-01 0.5331E-01 0.0000E+00
0.0000E+00 0.4616E-01 0.9031E-02 0.6244E-01 0.3373E-01 0.2770E-01 0.4993E-01 0.4572E-01 0.2430E-01 0.6690E-01 0.3740E-01 0.2851E-01 0.2682E-01 0.3835E-01 0.2850E-01 0.3698E-01 0.6673E-01 0.5439E-01 0.4803E-01 0.4312E-01 0.3868E-01 0.0000E+00
0.0000E+00 0.4386E-01 0.1986E-01 0.7519E-01 0.3627E-01 0.3133E-01 0.5183E-01 0.6351E-01 0.2626E-01 0.6860E-01 0.3661E-01 0.2643E-01 0.1970E-01 0.3025E-01 0.2825E-01 0.2703E-01 0.7071E-01 0.4427E-01 0.4560E-01 0.4310E-01 0.4347E-01 0.0000E+00
0.0000E+00 0.6041E-01 0.3946E-01 0.7964E-01 0.4051E-01 0.3787E-01 0.5077E-01 0.5911E-01 0.3756E-01 0.6052E-01 0.3021E-01 0.2579E-01 0.1662E-01 0.2061E-01 0.1693E-01 0.2428E-01 0.6100E-01 0.3999E-01 0.4331E-01 0.3985E-01 0.4745E-01 0.0000E+00
0.0000E+00 0.6736E-01 0.3539E-01 0.7944E-01 0.4637E-01 0.4294E-01 0.4258E-01 0.5482E-01 0.4501E-01 0.5941E-01 0.3366E-01 0.2524E-01 0.1240E-01 0.1980E-01 0.1362E-01 0.2429E-01 0.5330E-01 0.3133E-01 0.4240E-01 0.3849E-01 0.3907E-01 0.0000E+00
0.0000E+00 0.4984E-01 0.4771E-01 0.7928E-01 0.4611E-01 0.5081E-01 0.4763E-01 0.6249E-01 0.4155E-01 0.6388E-01 0.4018E-01 0.1391E-01 0.1036E-01 0.1792E-01 0.1217E-01 0.1759E-01 0.4617E-01 0.2676E-01 0.3431E-01 0.2589E-01 0.2865E-01 0.0000E+00
0.0000E+00 0.3639E-01 0.1161E+00 0.1112E+00 0.7126E-01 0.5851E-01 0.4225E-01 0.5112E-01 0.2788E-01 0.3629E-01 0.1818E-01 0.1645E-01 0.8208E-02 0.1372E-01 0.5344E-01 0.4832E-01 0.3991E-01 0.1798E-01 0.2799E-01 0.2143E-01 0.2135E-01 0.0000E+00
0.0000E+00 0.0000E+00 0.0000E+00 0.0000E+00 0.0000E+00 0.0000E+00 0.0000E+00 0.0000E+00 0.0000E+00 0.0000E+00 0.0000E+00 0.0000E+00 0.0000E+00 0.0000E+00 0.0000E+00 0.0000E+00 0.0000E+00 0.0000E+00 0.0000E+00 0.0000E+00 0.0000E+00 0.0000E+00
