p3_rainA_medsm_sedtr.asc
ncols     22
nrows     62
xllcorner      0.00000000
yllcorner      0.00000000
cellsize      0.50000000
nodata_value -9999
0.0000E+00 0.0000E+00 0.0000E+00 0.0000E+00 0.0000E+00 0.0000E+00 0.0000E+00 0.0000E+00 0.0000E+00 0.0000E+00 0.0000E+00 0.0000E+00 0.0000E+00 0.0000E+00 0.0000E+00 0.0000E+00 0.0000E+00 0.0000E+00 0.0000E+00 0.0000E+00 0.0000E+00 0.0000E+00
0.0000E+00 0.6748E+00 0.5518E+00 0.2779E+00 0.5804E+00 0.4690E+00 0.5301E+00 0.5001E+00 0.4567E+00 0.3640E+00 0.9227E-01 0.4204E+00 0.5578E+00 0.4166E+00 0.1565E+00 0.7317E+00 0.7009E+00 0.6031E+00 0.6593E+00 0.2755E+00 0.6111E+00 0.0000E+00
0.0000E+00 0.7770E+00 0.1069E+01 0.8034E+00 0.6474E+00 0.9544E+00 0.8868E+00 0.5330E+00 0.9777E+00 0.9756E+00 0.6732E+00 0.4910E+00 0.1127E+01 0.8385E+00 0.8696E+00 0.1236E+01 0.1215E+01 0.9589E+00 0.1139E+01 0.8998E+00 0.1002E+01 0.0000E+00
0.0000E+00 0.1281E+01 0.1289E+01 0.1325E+01 0.7344E+00 0.1321E+01 0.1193E+01 0.4936E+00 0.1346E+01 0.1420E+01 0.1262E+01 0.9841E+00 0.1579E+01 0.8107E+00 0.1247E+01 0.1593E+01 0.1568E+01 0.9890E+00 0.1196E+01 0.1122E+01 0.1328E+01 0.0000E+00
0.0000E+00 0.1663E+01 0.1727E+01 0.1743E+01 0.1265E+01 0.1328E+01 0.1693E+01 0.7964E+00 0.1702E+01 0.1749E+01 0.1186E+01 0.1330E+01 0.1798E+01 0.1245E+01 0.1612E+01 0.1902E+01 0.1634E+01 0.1074E+01 0.1278E+01 0.9407E+00 0.1636E+01 0.0000E+00
0.0000E+00 0.1889E+01 0.1972E+01 0.1828E+01 0.1564E+01 0.1664E+01 0.1874E+01 0.1217E+01 0.1963E+01 0.1876E+01 0.1548E+01 0.1162E+01 0.2097E+01 0.1558E+01 0.2004E+01 0.2281E+01 0.1829E+01 0.1580E+01 0.1808E+01 0.1107E+01 0.1911E+01 0.0000E+00
0.0000E+00 0.1758E+01 0.3221E+01 0.1562E+01 0.1679E+01 0.1821E+01 0.1981E+01 0.1512E+01 0.2219E+01 0.1606E+01 0.1456E+01 0.1585E+01 0.2356E+01 0.2006E+01 0.2140E+01 0.2279E+01 0.2094E+01 0.1921E+01 0.2096E+01 0.1529E+01 0.2166E+01 0.0000E+00
0.0000E+00 0.2005E+01 0.2886E+01 0.1036E+00 0.1804E+01 0.1771E+01 0.1771E+01 0.1601E+01 0.2282E+01 0.1976E+01 0.1814E+01 0.1873E+01 0.2234E+01 0.2142E+01 0.2159E+01 0.2497E+01 0.2235E+01 0.2128E+01 0.2194E+01 0.1947E+01 0.2442E+01 0.0000E+00
0.0000E+00 0.2130E+01 0.2587E+01 0.2418E+00 0.1849E+01 0.1625E+01 0.1596E+01 0.1777E+01 0.2271E+01 0.3644E+01 0.2062E+01 0.1639E+01 0.2220E+01 0.3949E+01 0.2343E+01 0.2565E+01 0.2408E+01 0.2353E+01 0.2455E+01 0.2135E+01 0.2518E+01 0.0000E+00
0.0000E+00 0.2055E+01 0.2366E+01 0.9286E+00 0.2254E+01 0.1887E+01 0.1962E+01 0.1914E+01 0.8143E-01 0.3157E+01 0.1773E+01 0.1763E+01 0.5426E+00 0.3880E+01 0.2385E+01 0.2685E+01 0.2367E+01 0.2484E+01 0.2588E+01 0.2362E+01 0.2735E+01 0.0000E+00
0.0000E+00 0.2235E+01 0.2455E+01 0.1235E+01 0.2651E+01 0.1986E+01 0.1802E+01 0.2323E+01 0.2050E+00 0.2847E+01 0.1599E+01 0.1568E+01 0.4867E+00 0.3507E+01 0.5174E+01 0.6884E+01 0.8209E+01 0.2487E+01 0.2485E+01 0.2508E+01 0.2824E+01 0.0000E+00
0.0000E+00 0.2011E+01 0.2559E+01 0.1388E+01 0.2268E+01 0.2210E+01 0.2222E+01 0.2542E+01 0.8105E+00 0.2594E+01 0.1493E+01 0.1829E+01 0.9783E+00 0.9865E-01 0.7201E-01 0.2910E+00 0.7670E+01 0.2482E+01 0.4423E+01 0.2684E+01 0.2905E+01 0.0000E+00
0.0000E+00 0.2213E+01 0.2461E+01 0.1123E+01 0.3218E+01 0.2134E+01 0.2342E+01 0.2369E+01 0.1281E+01 0.2392E+01 0.1742E+01 0.1885E+01 0.8431E+00 0.1911E+00 0.1620E+00 0.1305E+00 0.7179E+01 0.1427E+00 0.4086E+01 0.2775E+01 0.2856E+01 0.0000E+00
0.0000E+00 0.1966E+01 0.2221E+01 0.1102E+00 0.2832E+01 0.2179E+01 0.2589E+01 0.2578E+01 0.1349E+01 0.2394E+01 0.1744E+01 0.1933E+01 0.9824E+00 0.6197E+00 0.2538E+00 0.8433E+00 0.6737E+01 0.8207E+00 0.3969E+01 0.2825E+01 0.2985E+01 0.0000E+00
0.0000E+00 0.2426E+01 0.2080E+01 0.2155E+00 0.2540E+01 0.2348E+01 0.2747E+01 0.2286E+01 0.1222E+01 0.2324E+01 0.1959E+01 0.2109E+01 0.1404E+01 0.1141E+01 0.9610E+00 0.1294E+01 0.6375E+01 0.1170E+01 0.3688E+01 0.2883E+01 0.3130E+01 0.0000E+00
0.0000E+00 0.2367E+01 0.2201E+01 0.5451E+00 0.2367E+01 0.2566E+01 0.2578E+01 0.2436E+01 0.1602E+01 0.2425E+01 0.2214E+01 0.2355E+01 0.1673E+01 0.1117E+01 0.1237E+01 0.1606E+01 0.6138E+01 0.1270E+01 0.4620E+01 0.3004E+01 0.3141E+01 0.0000E+00
0.0000E+00 0.2716E+01 0.2535E+01 0.7658E+00 0.2186E+01 0.2517E+01 0.2675E+01 0.2566E+01 0.1824E+01 0.2472E+01 0.2389E+01 0.2515E+01 0.1869E+01 0.1397E+01 0.1526E+01 0.2519E+01 0.5894E+01 0.7144E+00 0.4853E+01 0.3064E+01 0.3195E+01 0.0000E+00
0.0000E+00 0.2771E+01 0.2495E+01 0.9892E+00 0.2052E+01 0.2254E+01 0.2834E+01 0.2663E+01 0.1965E+01 0.2513E+01 0.2518E+01 0.2580E+01 0.2085E+01 0.1799E+01 0.2359E+00 0.2563E+01 0.5731E+01 0.6918E+00 0.4938E+01 0.3155E+01 0.3315E+01 0.0000E+00
0.0000E+00 0.2947E+01 0.2746E+01 0.8841E+00 0.1961E+01 0.2114E+01 0.3222E+01 0.2883E+01 0.2393E+01 0.2912E+01 0.2834E+01 0.2422E+01 0.2288E+01 0.2181E+01 0.9495E+00 0.2474E+01 0.5545E+01 0.1489E+00 0.4749E+01 0.2909E+01 0.2972E+01 0.0000E+00
0.0000E+00 0.3024E+01 0.2751E+01 0.1248E+01 0.1972E+01 0.2358E+01 0.3214E+01 0.2771E+01 0.2188E+01 0.2960E+01 0.3015E+01 0.2416E+01 0.2133E+01 0.2298E+01 0.1150E+01 0.2354E+01 0.5365E+01 0.7671E+00 0.4931E+01 0.2975E+01 0.3075E+01 0.0000E+00
0.0000E+00 0.2699E+01 0.2931E+01 0.1501E+01 0.1910E+01 0.2501E+01 0.3446E+01 0.3072E+01 0.2437E+01 0.3051E+01 0.3206E+01 0.2552E+01 0.1887E+01 0.2482E+01 0.1354E+01 0.2395E+01 0.5239E+01 0.1257E+00 0.4662E+01 0.3041E+01 0.3168E+01 0.0000E+00
0.0000E+00 0.2933E+01 0.3331E+01 0.1369E+01 0.1852E+01 0.2575E+01 0.3481E+01 0.3072E+01 0.2585E+01 0.3122E+01 0.3296E+01 0.2363E+01 0.1710E+01 0.2196E+01 0.1391E+01 0.2120E+01 0.5159E+01 0.3722E+00 0.4673E+01 0.3199E+01 0.3268E+01 0.0000E+00
0.0000E+00 0.2774E+01 0.3518E+01 0.1375E+01 0.1905E+01 0.2870E+01 0.3157E+01 0.3231E+01 0.2870E+01 0.3101E+01 0.3219E+01 0.2875E+01 0.1913E+01 0.2154E+01 0.1250E+01 0.1962E+01 0.5088E+01 0.1805E+00 0.4582E+01 0.3214E+01 0.3321E+01 0.0000E+00
0.0000E+00 0.2915E+01 0.3580E+01 0.2072E+01 0.2004E+01 0.2806E+01 0.3188E+01 0.3327E+01 0.3244E+01 0.3172E+01 0.3130E+01 0.2890E+01 0.2047E+01 0.2552E+01 0.1182E+01 0.1899E+01 0.5054E+01 0.8335E+00 0.4274E+01 0.3349E+01 0.3390E+01 0.0000E+00
0.0000E+00 0.2754E+01 0.3664E+01 0.2474E+01 0.2427E+01 0.2982E+01 0.3373E+01 0.3360E+01 0.2999E+01 0.3416E+01 0.3033E+01 0.3056E+01 0.2247E+01 0.2265E+01 0.1704E+01 0.1767E+01 0.5048E+01 0.1316E+01 0.4214E+01 0.3132E+01 0.3410E+01 0.0000E+00
0.0000E+00 0.3062E+01 0.3509E+01 0.2577E+01 0.2481E+01 0.3302E+01 0.3506E+01 0.3343E+01 0.3009E+01 0.3827E+01 0.3068E+01 0.2948E+01 0.2796E+01 0.2701E+01 0.2102E+01 0.2240E+01 0.5270E+01 0.1783E+01 0.4060E+01 0.3086E+01 0.3505E+01 0.0000E+00
0.0000E+00 0.3019E+01 0.3743E+01 0.2908E+01 0.2636E+01 0.3580E+01 0.3602E+01 0.3303E+01 0.3349E+01 0.3692E+01 0.3318E+01 0.3388E+01 0.3064E+01 0.2971E+01 0.2458E+01 0.2110E+01 0.5316E+01 0.2271E+01 0.4031E+01 0.3138E+01 0.3374E+01 0.0000E+00
0.0000E+00 0.3262E+01 0.3867E+01 0.2992E+01 0.2949E+01 0.3581E+01 0.3958E+01 0.3485E+01 0.3416E+01 0.3847E+01 0.3468E+01 0.3229E+01 0.3199E+01 0.2939E+01 0.2628E+01 0.2454E+01 0.5376E+01 0.2583E+01 0.4061E+01 0.3336E+01 0.3322E+01 0.0000E+00
0.0000E+00 0.3118E+01 0.3987E+01 0.3355E+01 0.3179E+01 0.3640E+01 0.4069E+01 0.3518E+01 0.3591E+01 0.3923E+01 0.3498E+01 0.3003E+01 0.3299E+01 0.3207E+01 0.2910E+01 0.2692E+01 0.5524E+01 0.2754E+01 0.4026E+01 0.3322E+01 0.3383E+01 0.0000E+00
0.0000E+00 0.2966E+01 0.4186E+01 0.3594E+01 0.3115E+01 0.3421E+01 0.4153E+01 0.3635E+01 0.3697E+01 0.3779E+01 0.3645E+01 0.3303E+01 0.3212E+01 0.3082E+01 0.3232E+01 0.2571E+01 0.5414E+01 0.2453E+01 0.3935E+01 0.3348E+01 0.3255E+01 0.0000E+00
0.0000E+00 0.2902E+01 0.4229E+01 0.3769E+01 0.3325E+01 0.3683E+01 0.4169E+01 0.3664E+01 0.3733E+01 0.3696E+01 0.3775E+01 0.3486E+01 0.3142E+01 0.3267E+01 0.3404E+01 0.2330E+01 0.5310E+01 0.2153E+01 0.3793E+01 0.3544E+01 0.3484E+01 0.0000E+00
0.0000E+00 0.2894E+01 0.4324E+01 0.3530E+01 0.3418E+01 0.3784E+01 0.4213E+01 0.3597E+01 0.3649E+01 0.3891E+01 0.3644E+01 0.3597E+01 0.3308E+01 0.3349E+01 0.3462E+01 0.2167E+01 0.5287E+01 0.1995E+01 0.3732E+01 0.3298E+01 0.3764E+01 0.0000E+00
0.0000E+00 0.3381E+01 0.4538E+01 0.3801E+01 0.3670E+01 0.3810E+01 0.3906E+01 0.3633E+01 0.3793E+01 0.3761E+01 0.3804E+01 0.3732E+01 0.3404E+01 0.3402E+01 0.3316E+01 0.2470E+01 0.5276E+01 0.1875E+01 0.3741E+01 0.3270E+01 0.3886E+01 0.0000E+00
0.0000E+00 0.3728E+01 0.4664E+01 0.3771E+01 0.3891E+01 0.3575E+01 0.3731E+01 0.3469E+01 0.3549E+01 0.3760E+01 0.3627E+01 0.3747E+01 0.3330E+01 0.3545E+01 0.3530E+01 0.2606E+01 0.5462E+01 0.2223E+01 0.3990E+01 0.3246E+01 0.3951E+01 0.0000E+00
0.0000E+00 0.3792E+01 0.4449E+01 0.3595E+01 0.3942E+01 0.3745E+01 0.3918E+01 0.3340E+01 0.3681E+01 0.3744E+01 0.3522E+01 0.3766E+01 0.3602E+01 0.3612E+01 0.3470E+01 0.2847E+01 0.5630E+01 0.2621E+01 0.3818E+01 0.3350E+01 0.3893E+01 0.0000E+00
0.0000E+00 0.3850E+01 0.4461E+01 0.3333E+01 0.3906E+01 0.4023E+01 0.4293E+01 0.3433E+01 0.3508E+01 0.3990E+01 0.3681E+01 0.3851E+01 0.3723E+01 0.3565E+01 0.3596E+01 0.3074E+01 0.5769E+01 0.2905E+01 0.3844E+01 0.3407E+01 0.3720E+01 0.0000E+00
0.0000E+00 0.3904E+01 0.4578E+01 0.3330E+01 0.4266E+01 0.4321E+01 0.4476E+01 0.3648E+01 0.3423E+01 0.4200E+01 0.3859E+01 0.3999E+01 0.3771E+01 0.3583E+01 0.3487E+01 0.3241E+01 0.5880E+01 0.3210E+01 0.4108E+01 0.3393E+01 0.3898E+01 0.0000E+00
0.0000E+00 0.4216E+01 0.4784E+01 0.3570E+01 0.4587E+01 0.4211E+01 0.4240E+01 0.3967E+01 0.3682E+01 0.4406E+01 0.3698E+01 0.4183E+01 0.3882E+01 0.3325E+01 0.3230E+01 0.2983E+01 0.6049E+01 0.3290E+01 0.4005E+01 0.3607E+01 0.3984E+01 0.0000E+00
0.0000E+00 0.4489E+01 0.5180E+01 0.3752E+01 0.4633E+01 0.4390E+01 0.4429E+01 0.4093E+01 0.3921E+01 0.4484E+01 0.3960E+01 0.4167E+01 0.4083E+01 0.3346E+01 0.3103E+01 0.3284E+01 0.6220E+01 0.3581E+01 0.4033E+01 0.3597E+01 0.3988E+01 0.0000E+00
0.0000E+00 0.4560E+01 0.5169E+01 0.3563E+01 0.4308E+01 0.4453E+01 0.4554E+01 0.4375E+01 0.4060E+01 0.4685E+01 0.3927E+01 0.4407E+01 0.4336E+01 0.3816E+01 0.3656E+01 0.3704E+01 0.6330E+01 0.3659E+01 0.3967E+01 0.3674E+01 0.4063E+01 0.0000E+00
0.0000E+00 0.4466E+01 0.8098E+01 0.3442E+01 0.4269E+01 0.4361E+01 0.4413E+01 0.4445E+01 0.4251E+01 0.4843E+01 0.4103E+01 0.4707E+01 0.4278E+01 0.4157E+01 0.3280E+01 0.3364E+01 0.6353E+01 0.3665E+01 0.3930E+01 0.3524E+01 0.3856E+01 0.0000E+00
0.0000E+00 0.1163E+02 0.7807E+01 0.3395E+00 0.4414E+01 0.4448E+01 0.4497E+01 0.4542E+01 0.4384E+01 0.4974E+01 0.4206E+01 0.4810E+01 0.4484E+01 0.3878E+01 0.3009E+01 0.3110E+01 0.6222E+01 0.3374E+01 0.3926E+01 0.3428E+01 0.3728E+01 0.0000E+00
0.0000E+00 0.1120E+02 0.7443E+00 0.1145E+01 0.4654E+01 0.4635E+01 0.4669E+01 0.4453E+01 0.4486E+01 0.5076E+01 0.4290E+01 0.4772E+01 0.4487E+01 0.3646E+01 0.2851E+01 0.2998E+01 0.6159E+01 0.3111E+01 0.4034E+01 0.3480E+01 0.3826E+01 0.0000E+00
0.0000E+00 0.1101E+02 0.6921E+00 0.1828E+01 0.4998E+01 0.4427E+01 0.4900E+01 0.4591E+01 0.4548E+01 0.5161E+01 0.4460E+01 0.4978E+01 0.4620E+01 0.3858E+01 0.2746E+01 0.2914E+01 0.6106E+01 0.3305E+01 0.4143E+01 0.3770E+01 0.4025E+01 0.0000E+00
0.0000E+00 0.1073E+02 0.1452E+01 0.2298E+01 0.5075E+01 0.4714E+01 0.5003E+01 0.4593E+01 0.4557E+01 0.5160E+01 0.4518E+01 0.4952E+01 0.4717E+01 0.3953E+01 0.2655E+01 0.2847E+01 0.6099E+01 0.3368E+01 0.4365E+01 0.3833E+01 0.4186E+01 0.0000E+00
0.0000E+00 0.1041E+02 0.1817E+01 0.1921E+01 0.8870E+01 0.4388E+01 0.4719E+01 0.4530E+01 0.4562E+01 0.5120E+01 0.4302E+01 0.4911E+01 0.4577E+01 0.3959E+01 0.2712E+01 0.2806E+01 0.6077E+01 0.3057E+01 0.4533E+01 0.3868E+01 0.3965E+01 0.0000E+00
0.0000E+00 0.1018E+02 0.1559E+01 0.9841E+01 0.8532E+01 0.8606E-01 0.4534E+01 0.4361E+01 0.4646E+01 0.5080E+01 0.4351E+01 0.4917E+01 0.4588E+01 0.3919E+01 0.2918E+01 0.3099E+01 0.6255E+01 0.3276E+01 0.4449E+01 0.3921E+01 0.4052E+01 0.0000E+00
0.0000E+00 0.9961E+01 0.2010E+01 0.9457E+01 0.1331E+00 0.1849E+00 0.4417E+01 0.4251E+01 0.4595E+01 0.5078E+01 0.4358E+01 0.4871E+01 0.4621E+01 0.4076E+01 0.3111E+01 0.2964E+01 0.6392E+01 0.3427E+01 0.4378E+01 0.4032E+01 0.4167E+01 0.0000E+00
0.0000E+00 0.9808E+01 0.2071E+01 0.9102E+01 0.2244E+00 0.2902E+00 0.4338E+01 0.4353E+01 0.4634E+01 0.5132E+01 0.4382E+01 0.4862E+01 0.4604E+01 0.4119E+01 0.3034E+01 0.2996E+01 0.6545E+01 0.3420E+01 0.4622E+01 0.4183E+01 0.4140E+01 0.0000E+00
0.0000E+00 0.9681E+01 0.2337E+01 0.8849E+01 0.9840E+00 0.1028E+01 0.4292E+01 0.4460E+01 0.4570E+01 0.5021E+01 0.4479E+01 0.4892E+01 0.4517E+01 0.4080E+01 0.2979E+01 0.3170E+01 0.6632E+01 0.3515E+01 0.4801E+01 0.4317E+01 0.4070E+01 0.0000E+00
0.0000E+00 0.9551E+01 0.2249E+01 0.8633E+01 0.1401E+01 0.1471E+01 0.4422E+01 0.4551E+01 0.4609E+01 0.5036E+01 0.4479E+01 0.4917E+01 0.4463E+01 0.3938E+01 0.2952E+01 0.3161E+01 0.6673E+01 0.3656E+01 0.4909E+01 0.4360E+01 0.4265E+01 0.0000E+00
0.0000E+00 0.9414E+01 0.2441E+01 0.8461E+01 0.1685E+01 0.1685E+01 0.4503E+01 0.4521E+01 0.4639E+01 0.4941E+01 0.4508E+01 0.4979E+01 0.4535E+01 0.3797E+01 0.3364E+01 0.3394E+01 0.6691E+01 0.3617E+01 0.4867E+01 0.4351E+01 0.4422E+01 0.0000E+00
0.0000E+00 0.9325E+01 0.2403E+01 0.8285E+01 0.1783E+01 0.1971E+01 0.4487E+01 0.4536E+01 0.4629E+01 0.5013E+01 0.4588E+01 0.4945E+01 0.4653E+01 0.3991E+01 0.3435E+01 0.3520E+01 0.6724E+01 0.3490E+01 0.4812E+01 0.4285E+01 0.4356E+01 0.0000E+00
0.0000E+00 0.9218E+01 0.2117E+01 0.8129E+01 0.2091E+01 0.2281E+01 0.4664E+01 0.4544E+01 0.4638E+01 0.4932E+01 0.4624E+01 0.4938E+01 0.4680E+01 0.4131E+01 0.3629E+01 0.3685E+01 0.6762E+01 0.3589E+01 0.4906E+01 0.4392E+01 0.4478E+01 0.0000E+00
0.0000E+00 0.9154E+01 0.1948E+01 0.8075E+01 0.2335E+01 0.2502E+01 0.4705E+01 0.4597E+01 0.4687E+01 0.5060E+01 0.4660E+01 0.5050E+01 0.4670E+01 0.4192E+01 0.3727E+01 0.3798E+01 0.6892E+01 0.3717E+01 0.5102E+01 0.4480E+01 0.4638E+01 0.0000E+00
0.0000E+00 0.9092E+01 0.1834E+01 0.8049E+01 0.2623E+01 0.2663E+01 0.4819E+01 0.4610E+01 0.4571E+01 0.5222E+01 0.4740E+01 0.5062E+01 0.4617E+01 0.4168E+01 0.3801E+01 0.3895E+01 0.6976E+01 0.3893E+01 0.5147E+01 0.4540E+01 0.4530E+01 0.0000E+00
0.0000E+00 0.9060E+01 0.2034E+01 0.8070E+01 0.2836E+01 0.2841E+01 0.4915E+01 0.4872E+01 0.4572E+01 0.5306E+01 0.4806E+01 0.5095E+01 0.4549E+01 0.4125E+01 0.3863E+01 0.3847E+01 0.7112E+01 0.3861E+01 0.5137E+01 0.4608E+01 0.4657E+01 0.0000E+00
0.0000E+00 0.9199E+01 0.2528E+01 0.8088E+01 0.3060E+01 0.3047E+01 0.4984E+01 0.4906E+01 0.4683E+01 0.5305E+01 0.4807E+01 0.5135E+01 0.4500E+01 0.3964E+01 0.3725E+01 0.3851E+01 0.7083E+01 0.3870E+01 0.5148E+01 0.4625E+01 0.4776E+01 0.0000E+00
0.0000E+00 0.9337E+01 0.2693E+01 0.8083E+01 0.3297E+01 0.3251E+01 0.4996E+01 0.4965E+01 0.4804E+01 0.5376E+01 0.4885E+01 0.5158E+01 0.4398E+01 0.3912E+01 0.3602E+01 0.3902E+01 0.7054E+01 0.3802E+01 0.5167E+01 0.4656E+01 0.4774E+01 0.0000E+00
0.0000E+00 0.9288E+01 0.3045E+01 0.8110E+01 0.3437E+01 0.3506E+01 0.5139E+01 0.5168E+01 0.4855E+01 0.5520E+01 0.5043E+01 0.5082E+01 0.4319E+01 0.3840E+01 0.3499E+01 0.3837E+01 0.7056E+01 0.3759E+01 0.5090E+01 0.4532E+01 0.4674E+01 0.0000E+00
0.0000E+00 0.9168E+01 0.1946E+02 0.1765E+02 0.1055E+02 0.8082E+01 0.5186E+01 0.9439E+01 0.4765E+01 0.5319E+01 0.4876E+01 0.9047E+01 0.4239E+01 0.3718E+01 0.1375E+02 0.1059E+02 0.6980E+01 0.3550E+01 0.5033E+01 0.4472E+01 0.4574E+01 0.0000E+00
0.0000E+00 0.0000E+00 0.0000E+00 0.0000E+00 0.0000E+00 0.0000E+00 0.0000E+00 0.0000E+00 0.0000E+00 0.0000E+00 0.0000E+00 0.0000E+00 0.0000E+00 0.0000E+00 0.0000E+00 0.0000E+00 0.0000E+00 0.0000E+00 0.0000E+00 0.0000E+00 0.0000E+00 0.0000E+00
