p3_rainD_medsm_dschg.asc
ncols     22
nrows     62
xllcorner      0.00000000
yllcorner      0.00000000
cellsize      0.50000000
nodata_value -9999
0.0000E+00 0.0000E+00 0.0000E+00 0.0000E+00 0.0000E+00 0.0000E+00 0.0000E+00 0.0000E+00 0.0000E+00 0.0000E+00 0.0000E+00 0.0000E+00 0.0000E+00 0.0000E+00 0.0000E+00 0.0000E+00 0.0000E+00 0.0000E+00 0.0000E+00 0.0000E+00 0.0000E+00 0.0000E+00
0.0000E+00 0.7793E-03 0.1254E-02 0.5952E-03 0.2392E-02 0.1156E-02 0.1831E-02 0.2016E-02 0.9701E-03 0.3841E-03 0.3267E-03 0.8236E-03 0.1665E-02 0.1885E-02 0.4156E-03 0.1848E-02 0.2010E-02 0.2002E-02 0.2389E-02 0.7161E-03 0.9488E-03 0.0000E+00
0.0000E+00 0.1143E-02 0.2499E-02 0.2091E-02 0.2489E-02 0.2989E-02 0.3073E-02 0.2015E-02 0.2159E-02 0.2425E-02 0.1760E-02 0.1201E-02 0.3321E-02 0.2993E-02 0.2075E-02 0.3661E-02 0.4191E-02 0.3364E-02 0.4778E-02 0.2917E-02 0.1736E-02 0.0000E+00
0.0000E+00 0.2630E-02 0.3434E-02 0.4105E-02 0.2397E-02 0.4277E-02 0.4140E-02 0.2066E-02 0.3837E-02 0.4621E-02 0.3277E-02 0.3169E-02 0.4933E-02 0.2864E-02 0.3707E-02 0.5640E-02 0.6380E-02 0.3685E-02 0.7254E-02 0.4537E-02 0.2441E-02 0.0000E+00
0.0000E+00 0.4302E-02 0.5433E-02 0.5567E-02 0.2693E-02 0.4365E-02 0.6338E-02 0.2742E-02 0.4979E-02 0.6610E-02 0.3718E-02 0.4978E-02 0.6362E-02 0.4471E-02 0.5683E-02 0.7817E-02 0.7471E-02 0.6153E-02 0.9731E-02 0.3871E-02 0.3259E-02 0.0000E+00
0.0000E+00 0.5944E-02 0.7053E-02 0.6921E-02 0.4364E-02 0.5803E-02 0.7610E-02 0.3546E-02 0.6316E-02 0.8421E-02 0.5911E-02 0.4648E-02 0.7030E-02 0.6123E-02 0.7476E-02 0.9788E-02 0.8594E-02 0.8327E-02 0.1210E-01 0.4404E-02 0.4458E-02 0.0000E+00
0.0000E+00 0.5717E-02 0.1619E-01 0.7435E-02 0.4846E-02 0.6718E-02 0.8246E-02 0.3840E-02 0.6652E-02 0.7418E-02 0.6127E-02 0.5821E-02 0.7091E-02 0.7454E-02 0.9658E-02 0.1174E-01 0.1039E-01 0.1050E-01 0.1380E-01 0.6599E-02 0.6118E-02 0.0000E+00
0.0000E+00 0.7205E-02 0.1635E-01 0.3273E-03 0.4962E-02 0.6774E-02 0.7884E-02 0.4176E-02 0.7165E-02 0.8121E-02 0.6491E-02 0.6702E-02 0.7020E-02 0.8772E-02 0.1079E-01 0.1330E-01 0.1192E-01 0.1288E-01 0.1474E-01 0.8224E-02 0.6974E-02 0.0000E+00
0.0000E+00 0.7859E-02 0.1569E-01 0.6494E-03 0.5050E-02 0.6433E-02 0.7426E-02 0.4411E-02 0.7635E-02 0.1612E-01 0.6754E-02 0.6389E-02 0.7255E-02 0.1732E-01 0.1256E-01 0.1466E-01 0.1345E-01 0.1500E-01 0.1483E-01 0.8855E-02 0.6569E-02 0.0000E+00
0.0000E+00 0.8139E-02 0.1516E-01 0.1672E-02 0.5964E-02 0.6432E-02 0.7290E-02 0.4717E-02 0.3015E-03 0.1559E-01 0.6463E-02 0.6292E-02 0.8471E-03 0.1877E-01 0.1454E-01 0.1600E-01 0.1422E-01 0.1717E-01 0.1600E-01 0.1067E-01 0.7370E-02 0.0000E+00
0.0000E+00 0.9344E-02 0.1731E-01 0.4061E-02 0.7968E-02 0.6562E-02 0.7291E-02 0.4888E-02 0.6234E-03 0.1507E-01 0.6475E-02 0.6371E-02 0.3991E-03 0.1957E-01 0.3428E-01 0.5146E-01 0.6760E-01 0.1954E-01 0.1641E-01 0.1266E-01 0.8726E-02 0.0000E+00
0.0000E+00 0.9084E-02 0.1876E-01 0.6538E-02 0.7634E-02 0.7270E-02 0.7996E-02 0.5163E-02 0.1374E-02 0.1469E-01 0.6652E-02 0.7421E-02 0.8864E-03 0.2672E-03 0.3328E-03 0.7359E-03 0.7028E-01 0.2178E-01 0.3772E-01 0.1427E-01 0.1017E-01 0.0000E+00
0.0000E+00 0.1051E-01 0.2033E-01 0.5563E-02 0.1535E-01 0.8203E-02 0.1001E-01 0.5329E-02 0.2567E-02 0.1452E-01 0.8493E-02 0.9095E-02 0.1206E-02 0.5982E-03 0.5935E-03 0.3316E-03 0.7080E-01 0.3121E-03 0.3688E-01 0.1556E-01 0.1066E-01 0.0000E+00
0.0000E+00 0.9974E-02 0.1955E-01 0.3097E-03 0.1466E-01 0.8821E-02 0.1218E-01 0.7520E-02 0.3339E-02 0.1540E-01 0.8388E-02 0.1148E-01 0.2054E-02 0.1570E-02 0.8947E-03 0.1105E-02 0.7231E-01 0.2155E-02 0.3840E-01 0.1617E-01 0.1139E-01 0.0000E+00
0.0000E+00 0.1157E-01 0.1884E-01 0.6311E-03 0.1414E-01 0.8735E-02 0.1417E-01 0.7005E-02 0.3514E-02 0.1576E-01 0.8445E-02 0.1139E-01 0.3832E-02 0.3255E-02 0.2913E-02 0.2923E-02 0.7254E-01 0.3838E-02 0.3829E-01 0.1584E-01 0.1153E-01 0.0000E+00
0.0000E+00 0.1172E-01 0.1909E-01 0.1354E-02 0.1379E-01 0.1119E-01 0.1408E-01 0.9182E-02 0.5512E-02 0.1813E-01 0.9796E-02 0.1223E-01 0.5946E-02 0.3955E-02 0.4914E-02 0.3985E-02 0.7284E-01 0.4391E-02 0.4342E-01 0.1776E-01 0.1317E-01 0.0000E+00
0.0000E+00 0.1371E-01 0.2154E-01 0.2155E-02 0.1377E-01 0.1333E-01 0.1389E-01 0.1137E-01 0.7508E-02 0.2011E-01 0.1179E-01 0.1442E-01 0.8126E-02 0.5774E-02 0.6155E-02 0.9570E-02 0.7517E-01 0.2200E-02 0.4623E-01 0.1955E-01 0.1556E-01 0.0000E+00
0.0000E+00 0.1619E-01 0.2217E-01 0.3135E-02 0.1367E-01 0.1248E-01 0.1512E-01 0.1223E-01 0.9681E-02 0.2227E-01 0.1378E-01 0.1680E-01 0.1011E-01 0.7420E-02 0.3552E-03 0.1193E-01 0.7755E-01 0.2201E-02 0.4951E-01 0.2193E-01 0.1714E-01 0.0000E+00
0.0000E+00 0.1829E-01 0.2454E-01 0.3139E-02 0.1355E-01 0.1194E-01 0.1693E-01 0.1404E-01 0.1128E-01 0.2381E-01 0.1556E-01 0.1656E-01 0.1201E-01 0.9236E-02 0.2180E-02 0.1411E-01 0.7958E-01 0.2477E-02 0.5372E-01 0.2137E-01 0.1632E-01 0.0000E+00
0.0000E+00 0.1958E-01 0.2702E-01 0.4444E-02 0.1353E-01 0.1282E-01 0.1940E-01 0.1393E-01 0.1076E-01 0.2503E-01 0.1794E-01 0.1742E-01 0.1156E-01 0.1100E-01 0.3032E-02 0.1449E-01 0.7801E-01 0.2171E-02 0.5739E-01 0.2371E-01 0.1846E-01 0.0000E+00
0.0000E+00 0.1869E-01 0.2935E-01 0.5614E-02 0.1344E-01 0.1374E-01 0.2136E-01 0.1562E-01 0.1272E-01 0.2750E-01 0.2033E-01 0.1921E-01 0.1084E-01 0.1224E-01 0.4447E-02 0.1651E-01 0.7668E-01 0.3342E-03 0.6009E-01 0.2587E-01 0.2035E-01 0.0000E+00
0.0000E+00 0.1922E-01 0.3183E-01 0.5458E-02 0.1337E-01 0.1621E-01 0.2231E-01 0.1656E-01 0.1376E-01 0.2998E-01 0.2215E-01 0.1873E-01 0.1028E-01 0.1154E-01 0.4116E-02 0.1574E-01 0.7548E-01 0.9161E-03 0.6348E-01 0.2741E-01 0.2082E-01 0.0000E+00
0.0000E+00 0.1853E-01 0.3309E-01 0.5638E-02 0.1358E-01 0.1869E-01 0.2167E-01 0.1875E-01 0.1588E-01 0.3226E-01 0.2430E-01 0.2106E-01 0.1022E-01 0.1150E-01 0.4047E-02 0.1478E-01 0.7431E-01 0.3839E-03 0.6399E-01 0.2987E-01 0.2298E-01 0.0000E+00
0.0000E+00 0.1923E-01 0.3555E-01 0.7650E-02 0.1424E-01 0.2116E-01 0.2359E-01 0.1964E-01 0.1745E-01 0.3300E-01 0.2389E-01 0.2284E-01 0.1055E-01 0.1205E-01 0.4181E-02 0.1418E-01 0.7328E-01 0.2071E-02 0.6277E-01 0.3147E-01 0.2471E-01 0.0000E+00
0.0000E+00 0.1947E-01 0.3793E-01 0.9654E-02 0.1573E-01 0.2201E-01 0.2487E-01 0.1983E-01 0.1724E-01 0.3293E-01 0.2312E-01 0.2209E-01 0.1052E-01 0.1146E-01 0.5675E-02 0.1380E-01 0.7246E-01 0.3508E-02 0.6480E-01 0.3098E-01 0.2573E-01 0.0000E+00
0.0000E+00 0.2123E-01 0.3768E-01 0.1128E-01 0.1543E-01 0.2134E-01 0.2502E-01 0.1913E-01 0.1669E-01 0.3428E-01 0.2241E-01 0.2135E-01 0.1048E-01 0.1132E-01 0.6272E-02 0.1417E-01 0.7451E-01 0.5124E-02 0.6717E-01 0.3340E-01 0.2810E-01 0.0000E+00
0.0000E+00 0.2141E-01 0.3875E-01 0.1322E-01 0.1787E-01 0.2238E-01 0.2558E-01 0.1942E-01 0.1903E-01 0.3459E-01 0.2200E-01 0.2112E-01 0.1062E-01 0.1188E-01 0.6893E-02 0.1413E-01 0.7450E-01 0.4974E-02 0.6925E-01 0.3553E-01 0.2880E-01 0.0000E+00
0.0000E+00 0.2376E-01 0.4120E-01 0.1397E-01 0.1868E-01 0.2281E-01 0.2631E-01 0.2024E-01 0.2080E-01 0.3672E-01 0.2393E-01 0.2053E-01 0.1084E-01 0.1292E-01 0.8235E-02 0.1631E-01 0.7692E-01 0.7158E-02 0.7016E-01 0.3447E-01 0.2880E-01 0.0000E+00
0.0000E+00 0.2300E-01 0.4265E-01 0.1571E-01 0.1981E-01 0.2356E-01 0.2713E-01 0.2102E-01 0.2219E-01 0.3843E-01 0.2561E-01 0.2001E-01 0.1122E-01 0.1460E-01 0.9469E-02 0.1839E-01 0.7928E-01 0.9550E-02 0.7260E-01 0.3501E-01 0.3090E-01 0.0000E+00
0.0000E+00 0.2224E-01 0.4413E-01 0.1790E-01 0.1989E-01 0.2297E-01 0.2830E-01 0.2319E-01 0.2360E-01 0.3791E-01 0.2738E-01 0.1979E-01 0.1126E-01 0.1420E-01 0.9914E-02 0.1837E-01 0.7986E-01 0.9523E-02 0.7362E-01 0.3634E-01 0.3066E-01 0.0000E+00
0.0000E+00 0.2197E-01 0.4649E-01 0.1969E-01 0.2205E-01 0.2453E-01 0.2947E-01 0.2432E-01 0.2478E-01 0.3773E-01 0.2670E-01 0.2102E-01 0.1134E-01 0.1444E-01 0.1081E-01 0.1783E-01 0.7853E-01 0.8925E-02 0.7214E-01 0.3805E-01 0.3171E-01 0.0000E+00
0.0000E+00 0.2187E-01 0.4896E-01 0.1941E-01 0.2376E-01 0.2630E-01 0.3162E-01 0.2669E-01 0.2555E-01 0.3963E-01 0.2679E-01 0.2300E-01 0.1352E-01 0.1479E-01 0.1185E-01 0.1734E-01 0.7686E-01 0.8462E-02 0.7079E-01 0.3705E-01 0.3344E-01 0.0000E+00
0.0000E+00 0.2267E-01 0.4886E-01 0.2156E-01 0.2606E-01 0.2827E-01 0.3054E-01 0.2768E-01 0.2679E-01 0.3913E-01 0.2799E-01 0.2498E-01 0.1591E-01 0.1547E-01 0.1172E-01 0.1820E-01 0.7565E-01 0.8163E-02 0.7000E-01 0.3726E-01 0.3529E-01 0.0000E+00
0.0000E+00 0.2311E-01 0.4890E-01 0.2269E-01 0.2819E-01 0.2717E-01 0.2960E-01 0.2676E-01 0.2613E-01 0.3938E-01 0.2783E-01 0.2736E-01 0.1585E-01 0.1726E-01 0.1233E-01 0.1859E-01 0.7580E-01 0.9638E-02 0.7214E-01 0.3739E-01 0.3743E-01 0.0000E+00
0.0000E+00 0.2352E-01 0.4841E-01 0.2305E-01 0.3034E-01 0.2837E-01 0.3198E-01 0.2608E-01 0.2621E-01 0.3880E-01 0.2722E-01 0.2984E-01 0.1621E-01 0.1821E-01 0.1216E-01 0.1988E-01 0.7581E-01 0.1203E-01 0.7080E-01 0.3981E-01 0.3991E-01 0.0000E+00
0.0000E+00 0.2423E-01 0.4911E-01 0.2219E-01 0.3173E-01 0.3033E-01 0.3436E-01 0.2642E-01 0.2579E-01 0.4066E-01 0.2880E-01 0.2978E-01 0.1702E-01 0.1841E-01 0.1274E-01 0.2187E-01 0.7739E-01 0.1438E-01 0.7142E-01 0.4177E-01 0.3882E-01 0.0000E+00
0.0000E+00 0.2378E-01 0.4830E-01 0.2159E-01 0.3227E-01 0.3229E-01 0.3643E-01 0.2819E-01 0.2537E-01 0.4231E-01 0.3075E-01 0.3058E-01 0.1708E-01 0.1882E-01 0.1304E-01 0.2400E-01 0.7857E-01 0.1681E-01 0.7354E-01 0.4137E-01 0.3955E-01 0.0000E+00
0.0000E+00 0.2345E-01 0.4715E-01 0.2106E-01 0.3394E-01 0.3286E-01 0.3549E-01 0.3014E-01 0.2602E-01 0.4373E-01 0.2993E-01 0.3127E-01 0.1677E-01 0.1830E-01 0.1286E-01 0.2301E-01 0.8070E-01 0.1832E-01 0.7251E-01 0.4247E-01 0.4061E-01 0.0000E+00
0.0000E+00 0.2320E-01 0.4604E-01 0.2056E-01 0.3526E-01 0.3477E-01 0.3703E-01 0.3261E-01 0.2838E-01 0.4619E-01 0.3044E-01 0.3045E-01 0.1697E-01 0.1820E-01 0.1280E-01 0.2506E-01 0.8213E-01 0.2003E-01 0.7241E-01 0.4434E-01 0.4125E-01 0.0000E+00
0.0000E+00 0.2306E-01 0.4546E-01 0.2019E-01 0.3422E-01 0.3467E-01 0.3877E-01 0.3458E-01 0.3034E-01 0.4788E-01 0.2986E-01 0.2961E-01 0.1770E-01 0.2000E-01 0.1290E-01 0.2704E-01 0.8377E-01 0.2140E-01 0.7116E-01 0.4504E-01 0.4209E-01 0.0000E+00
0.0000E+00 0.2287E-01 0.6452E-01 0.1981E-01 0.3331E-01 0.3398E-01 0.3872E-01 0.3539E-01 0.3169E-01 0.4884E-01 0.3079E-01 0.2945E-01 0.1834E-01 0.2238E-01 0.1279E-01 0.2606E-01 0.8436E-01 0.2251E-01 0.6998E-01 0.4387E-01 0.4082E-01 0.0000E+00
0.0000E+00 0.8571E-01 0.6369E-01 0.3284E-03 0.3245E-01 0.3327E-01 0.3824E-01 0.3652E-01 0.3240E-01 0.5010E-01 0.3325E-01 0.2950E-01 0.2033E-01 0.2199E-01 0.1272E-01 0.2508E-01 0.8287E-01 0.2171E-01 0.6895E-01 0.4267E-01 0.3957E-01 0.0000E+00
0.0000E+00 0.8489E-01 0.4252E-03 0.7190E-03 0.3165E-01 0.3238E-01 0.3734E-01 0.3618E-01 0.3334E-01 0.5137E-01 0.3573E-01 0.3163E-01 0.2271E-01 0.2147E-01 0.1262E-01 0.2425E-01 0.8127E-01 0.2092E-01 0.6839E-01 0.4271E-01 0.3936E-01 0.0000E+00
0.0000E+00 0.8447E-01 0.7545E-03 0.1088E-02 0.3104E-01 0.3145E-01 0.3649E-01 0.3659E-01 0.3454E-01 0.5280E-01 0.3787E-01 0.3369E-01 0.2448E-01 0.2360E-01 0.1256E-01 0.2366E-01 0.7984E-01 0.2215E-01 0.6887E-01 0.4513E-01 0.4178E-01 0.0000E+00
0.0000E+00 0.8418E-01 0.1142E-02 0.1502E-02 0.3063E-01 0.3111E-01 0.3625E-01 0.3723E-01 0.3591E-01 0.5424E-01 0.4023E-01 0.3607E-01 0.2695E-01 0.2448E-01 0.1249E-01 0.2326E-01 0.7868E-01 0.2169E-01 0.6897E-01 0.4761E-01 0.4415E-01 0.0000E+00
0.0000E+00 0.8387E-01 0.1644E-02 0.1775E-02 0.6016E-01 0.3041E-01 0.3540E-01 0.3736E-01 0.3806E-01 0.5586E-01 0.3952E-01 0.3794E-01 0.2942E-01 0.2561E-01 0.1262E-01 0.2295E-01 0.7761E-01 0.2093E-01 0.6893E-01 0.5009E-01 0.4277E-01 0.0000E+00
0.0000E+00 0.8417E-01 0.1960E-02 0.6057E-01 0.5945E-01 0.3273E-03 0.3472E-01 0.3620E-01 0.4020E-01 0.5709E-01 0.4063E-01 0.3921E-01 0.3190E-01 0.2651E-01 0.1319E-01 0.2375E-01 0.7756E-01 0.2073E-01 0.6867E-01 0.5244E-01 0.4514E-01 0.0000E+00
0.0000E+00 0.8476E-01 0.3184E-02 0.6154E-01 0.3170E-03 0.6294E-03 0.3415E-01 0.3517E-01 0.4184E-01 0.5896E-01 0.4295E-01 0.3949E-01 0.3402E-01 0.2725E-01 0.1451E-01 0.2331E-01 0.7802E-01 0.2110E-01 0.6782E-01 0.5304E-01 0.4660E-01 0.0000E+00
0.0000E+00 0.8486E-01 0.4158E-02 0.6072E-01 0.6384E-03 0.9443E-03 0.3356E-01 0.3676E-01 0.4331E-01 0.6084E-01 0.4429E-01 0.3908E-01 0.3592E-01 0.2861E-01 0.1486E-01 0.2309E-01 0.7963E-01 0.2106E-01 0.6726E-01 0.5285E-01 0.4579E-01 0.0000E+00
0.0000E+00 0.8546E-01 0.5992E-02 0.6310E-01 0.2657E-02 0.1824E-02 0.3316E-01 0.3840E-01 0.4459E-01 0.6246E-01 0.4642E-01 0.3887E-01 0.3710E-01 0.2937E-01 0.1460E-01 0.2297E-01 0.8108E-01 0.2261E-01 0.6706E-01 0.5274E-01 0.4543E-01 0.0000E+00
0.0000E+00 0.8603E-01 0.6331E-02 0.6458E-01 0.3955E-02 0.2666E-02 0.3526E-01 0.4010E-01 0.4528E-01 0.6377E-01 0.4833E-01 0.3920E-01 0.3753E-01 0.3018E-01 0.1441E-01 0.2295E-01 0.8208E-01 0.2460E-01 0.6851E-01 0.5505E-01 0.4752E-01 0.0000E+00
0.0000E+00 0.8675E-01 0.7956E-02 0.6606E-01 0.4942E-02 0.3668E-02 0.3542E-01 0.4091E-01 0.4638E-01 0.6240E-01 0.5069E-01 0.4045E-01 0.3816E-01 0.2920E-01 0.1427E-01 0.2335E-01 0.8268E-01 0.2598E-01 0.7042E-01 0.5670E-01 0.4948E-01 0.0000E+00
0.0000E+00 0.8730E-01 0.9038E-02 0.6684E-01 0.5519E-02 0.4628E-02 0.3602E-01 0.4161E-01 0.4746E-01 0.6392E-01 0.5208E-01 0.4156E-01 0.3922E-01 0.2869E-01 0.1467E-01 0.2370E-01 0.8288E-01 0.2670E-01 0.7025E-01 0.5882E-01 0.5137E-01 0.0000E+00
0.0000E+00 0.8614E-01 0.8522E-02 0.6867E-01 0.6865E-02 0.6312E-02 0.3769E-01 0.4329E-01 0.4856E-01 0.6322E-01 0.5304E-01 0.4288E-01 0.4073E-01 0.3057E-01 0.1636E-01 0.2432E-01 0.8182E-01 0.2792E-01 0.6918E-01 0.5948E-01 0.5269E-01 0.0000E+00
0.0000E+00 0.8511E-01 0.8037E-02 0.6903E-01 0.8341E-02 0.8312E-02 0.3962E-01 0.4566E-01 0.4998E-01 0.6455E-01 0.5423E-01 0.4502E-01 0.4181E-01 0.3271E-01 0.1834E-01 0.2538E-01 0.8118E-01 0.2785E-01 0.6812E-01 0.5868E-01 0.5226E-01 0.0000E+00
0.0000E+00 0.8420E-01 0.8006E-02 0.7145E-01 0.9745E-02 0.1005E-01 0.4175E-01 0.4779E-01 0.4903E-01 0.6595E-01 0.5578E-01 0.4669E-01 0.4372E-01 0.3509E-01 0.1993E-01 0.2656E-01 0.8060E-01 0.2811E-01 0.6726E-01 0.5962E-01 0.5408E-01 0.0000E+00
0.0000E+00 0.8337E-01 0.9116E-02 0.7335E-01 0.1124E-01 0.1167E-01 0.4389E-01 0.4923E-01 0.4893E-01 0.6713E-01 0.5637E-01 0.4750E-01 0.4446E-01 0.3517E-01 0.2170E-01 0.2748E-01 0.8074E-01 0.2827E-01 0.6883E-01 0.5996E-01 0.5356E-01 0.0000E+00
0.0000E+00 0.8355E-01 0.1057E-01 0.7500E-01 0.1288E-01 0.1317E-01 0.4579E-01 0.5063E-01 0.4898E-01 0.6765E-01 0.5728E-01 0.4874E-01 0.4439E-01 0.3398E-01 0.2146E-01 0.2849E-01 0.8170E-01 0.2880E-01 0.7025E-01 0.6158E-01 0.5389E-01 0.0000E+00
0.0000E+00 0.8375E-01 0.1235E-01 0.7711E-01 0.1485E-01 0.1495E-01 0.4599E-01 0.5078E-01 0.4945E-01 0.6780E-01 0.5892E-01 0.5110E-01 0.4300E-01 0.3281E-01 0.2060E-01 0.2853E-01 0.8267E-01 0.2949E-01 0.7212E-01 0.6344E-01 0.5422E-01 0.0000E+00
0.0000E+00 0.8283E-01 0.1441E-01 0.7803E-01 0.1644E-01 0.1637E-01 0.4567E-01 0.5040E-01 0.4949E-01 0.6735E-01 0.5891E-01 0.5015E-01 0.4170E-01 0.3172E-01 0.1983E-01 0.2775E-01 0.8103E-01 0.2999E-01 0.7304E-01 0.6369E-01 0.5439E-01 0.0000E+00
0.0000E+00 0.8194E-01 0.1751E+00 0.1590E+00 0.8098E-01 0.6291E-01 0.4559E-01 0.1005E+00 0.4981E-01 0.6629E-01 0.5882E-01 0.9288E-01 0.4168E-01 0.3095E-01 0.1243E+00 0.1056E+00 0.7951E-01 0.2890E-01 0.7147E-01 0.6302E-01 0.5400E-01 0.0000E+00
0.0000E+00 0.0000E+00 0.0000E+00 0.0000E+00 0.0000E+00 0.0000E+00 0.0000E+00 0.0000E+00 0.0000E+00 0.0000E+00 0.0000E+00 0.0000E+00 0.0000E+00 0.0000E+00 0.0000E+00 0.0000E+00 0.0000E+00 0.0000E+00 0.0000E+00 0.0000E+00 0.0000E+00 0.0000E+00
