p3_rainD_highsm_dschg.asc
ncols     22
nrows     62
xllcorner      0.00000000
yllcorner      0.00000000
cellsize      0.50000000
nodata_value -9999
0.0000E+00 0.0000E+00 0.0000E+00 0.0000E+00 0.0000E+00 0.0000E+00 0.0000E+00 0.0000E+00 0.0000E+00 0.0000E+00 0.0000E+00 0.0000E+00 0.0000E+00 0.0000E+00 0.0000E+00 0.0000E+00 0.0000E+00 0.0000E+00 0.0000E+00 0.0000E+00 0.0000E+00 0.0000E+00
0.0000E+00 0.7947E-03 0.1264E-02 0.6064E-03 0.2393E-02 0.1173E-02 0.1839E-02 0.2016E-02 0.9770E-03 0.3960E-03 0.3453E-03 0.8390E-03 0.1683E-02 0.1921E-02 0.4277E-03 0.1850E-02 0.2022E-02 0.2019E-02 0.2394E-02 0.7238E-03 0.9580E-03 0.0000E+00
0.0000E+00 0.1168E-02 0.2513E-02 0.2144E-02 0.2509E-02 0.3017E-02 0.3092E-02 0.2074E-02 0.2196E-02 0.2454E-02 0.1812E-02 0.1257E-02 0.3351E-02 0.3089E-02 0.2096E-02 0.3680E-02 0.4220E-02 0.3400E-02 0.4784E-02 0.2928E-02 0.1784E-02 0.0000E+00
0.0000E+00 0.2710E-02 0.3457E-02 0.4162E-02 0.2521E-02 0.4311E-02 0.4197E-02 0.2116E-02 0.3879E-02 0.4651E-02 0.3335E-02 0.3229E-02 0.5005E-02 0.3024E-02 0.3753E-02 0.5685E-02 0.6411E-02 0.3802E-02 0.7260E-02 0.4550E-02 0.2489E-02 0.0000E+00
0.0000E+00 0.4383E-02 0.5477E-02 0.5627E-02 0.2798E-02 0.4408E-02 0.6398E-02 0.2855E-02 0.5034E-02 0.6649E-02 0.3782E-02 0.5052E-02 0.6465E-02 0.4635E-02 0.5748E-02 0.7875E-02 0.7519E-02 0.6270E-02 0.9737E-02 0.4055E-02 0.3349E-02 0.0000E+00
0.0000E+00 0.6033E-02 0.7126E-02 0.7027E-02 0.4478E-02 0.5868E-02 0.7674E-02 0.3662E-02 0.6392E-02 0.8634E-02 0.5979E-02 0.4795E-02 0.7168E-02 0.6297E-02 0.7564E-02 0.9864E-02 0.8651E-02 0.8463E-02 0.1211E-01 0.4605E-02 0.4559E-02 0.0000E+00
0.0000E+00 0.5815E-02 0.1647E-01 0.7550E-02 0.4991E-02 0.6794E-02 0.8513E-02 0.3999E-02 0.6731E-02 0.7757E-02 0.6203E-02 0.5979E-02 0.7219E-02 0.7627E-02 0.9749E-02 0.1184E-01 0.1045E-01 0.1065E-01 0.1381E-01 0.6801E-02 0.6243E-02 0.0000E+00
0.0000E+00 0.7325E-02 0.1671E-01 0.3475E-03 0.5154E-02 0.6867E-02 0.8203E-02 0.4335E-02 0.7246E-02 0.8471E-02 0.6591E-02 0.6884E-02 0.7187E-02 0.8955E-02 0.1089E-01 0.1341E-01 0.1205E-01 0.1303E-01 0.1477E-01 0.8438E-02 0.7132E-02 0.0000E+00
0.0000E+00 0.7993E-02 0.1610E-01 0.6857E-03 0.5206E-02 0.6543E-02 0.7757E-02 0.4558E-02 0.7750E-02 0.1659E-01 0.6860E-02 0.6617E-02 0.7423E-02 0.1769E-01 0.1268E-01 0.1479E-01 0.1358E-01 0.1520E-01 0.1488E-01 0.9104E-02 0.6804E-02 0.0000E+00
0.0000E+00 0.8290E-02 0.1557E-01 0.1751E-02 0.6138E-02 0.6518E-02 0.7587E-02 0.4866E-02 0.3430E-03 0.1607E-01 0.6623E-02 0.6472E-02 0.8660E-03 0.1919E-01 0.1465E-01 0.1617E-01 0.1437E-01 0.1737E-01 0.1612E-01 0.1092E-01 0.7604E-02 0.0000E+00
0.0000E+00 0.9498E-02 0.1773E-01 0.4143E-02 0.8158E-02 0.6675E-02 0.7562E-02 0.5076E-02 0.6822E-03 0.1558E-01 0.6628E-02 0.6531E-02 0.4147E-03 0.2000E-01 0.3486E-01 0.5225E-01 0.6856E-01 0.1974E-01 0.1654E-01 0.1292E-01 0.8973E-02 0.0000E+00
0.0000E+00 0.9263E-02 0.1923E-01 0.6619E-02 0.7860E-02 0.7476E-02 0.8296E-02 0.5347E-02 0.1439E-02 0.1517E-01 0.6829E-02 0.7595E-02 0.9130E-03 0.3511E-03 0.3404E-03 0.7550E-03 0.7126E-01 0.2199E-01 0.3810E-01 0.1453E-01 0.1048E-01 0.0000E+00
0.0000E+00 0.1076E-01 0.2083E-01 0.5712E-02 0.1573E-01 0.8423E-02 0.1031E-01 0.5559E-02 0.2637E-02 0.1495E-01 0.8684E-02 0.9270E-02 0.1257E-02 0.6857E-03 0.6734E-03 0.3512E-03 0.7181E-01 0.3526E-03 0.3728E-01 0.1584E-01 0.1098E-01 0.0000E+00
0.0000E+00 0.1025E-01 0.2007E-01 0.3486E-03 0.1507E-01 0.9094E-02 0.1250E-01 0.7755E-02 0.3415E-02 0.1583E-01 0.8672E-02 0.1166E-01 0.2123E-02 0.1672E-02 0.9992E-03 0.1134E-02 0.7333E-01 0.2200E-02 0.3880E-01 0.1647E-01 0.1172E-01 0.0000E+00
0.0000E+00 0.1186E-01 0.1938E-01 0.6872E-03 0.1455E-01 0.8977E-02 0.1450E-01 0.7303E-02 0.3608E-02 0.1622E-01 0.8711E-02 0.1157E-01 0.3916E-02 0.3357E-02 0.3020E-02 0.2980E-02 0.7362E-01 0.3901E-02 0.3875E-01 0.1616E-01 0.1187E-01 0.0000E+00
0.0000E+00 0.1204E-01 0.1965E-01 0.1421E-02 0.1418E-01 0.1144E-01 0.1444E-01 0.9484E-02 0.5621E-02 0.1860E-01 0.1007E-01 0.1243E-01 0.6038E-02 0.4085E-02 0.5025E-02 0.4095E-02 0.7397E-01 0.4497E-02 0.4409E-01 0.1812E-01 0.1352E-01 0.0000E+00
0.0000E+00 0.1404E-01 0.2210E-01 0.2241E-02 0.1413E-01 0.1361E-01 0.1429E-01 0.1168E-01 0.7627E-02 0.2058E-01 0.1208E-01 0.1462E-01 0.8228E-02 0.5918E-02 0.6282E-02 0.9829E-02 0.7631E-01 0.2206E-02 0.4693E-01 0.1991E-01 0.1590E-01 0.0000E+00
0.0000E+00 0.1651E-01 0.2275E-01 0.3233E-02 0.1406E-01 0.1277E-01 0.1558E-01 0.1255E-01 0.9815E-02 0.2276E-01 0.1408E-01 0.1700E-01 0.1021E-01 0.7573E-02 0.3792E-03 0.1220E-01 0.7868E-01 0.2205E-02 0.5025E-01 0.2229E-01 0.1750E-01 0.0000E+00
0.0000E+00 0.1861E-01 0.2512E-01 0.3274E-02 0.1400E-01 0.1227E-01 0.1740E-01 0.1436E-01 0.1142E-01 0.2444E-01 0.1589E-01 0.1680E-01 0.1212E-01 0.9393E-02 0.2230E-02 0.1438E-01 0.8073E-01 0.2477E-02 0.5447E-01 0.2179E-01 0.1678E-01 0.0000E+00
0.0000E+00 0.1992E-01 0.2760E-01 0.4591E-02 0.1401E-01 0.1316E-01 0.1987E-01 0.1426E-01 0.1090E-01 0.2567E-01 0.1827E-01 0.1767E-01 0.1169E-01 0.1117E-01 0.3106E-02 0.1480E-01 0.7924E-01 0.2206E-02 0.5820E-01 0.2413E-01 0.1892E-01 0.0000E+00
0.0000E+00 0.1905E-01 0.2993E-01 0.5765E-02 0.1396E-01 0.1409E-01 0.2184E-01 0.1599E-01 0.1287E-01 0.2814E-01 0.2066E-01 0.1946E-01 0.1103E-01 0.1242E-01 0.4538E-02 0.1686E-01 0.7796E-01 0.3591E-03 0.6092E-01 0.2631E-01 0.2084E-01 0.0000E+00
0.0000E+00 0.1958E-01 0.3240E-01 0.5629E-02 0.1391E-01 0.1655E-01 0.2279E-01 0.1699E-01 0.1391E-01 0.3062E-01 0.2249E-01 0.1899E-01 0.1049E-01 0.1175E-01 0.4278E-02 0.1611E-01 0.7677E-01 0.9254E-03 0.6432E-01 0.2785E-01 0.2135E-01 0.0000E+00
0.0000E+00 0.1894E-01 0.3368E-01 0.5829E-02 0.1416E-01 0.1903E-01 0.2220E-01 0.1918E-01 0.1607E-01 0.3290E-01 0.2466E-01 0.2133E-01 0.1051E-01 0.1171E-01 0.4197E-02 0.1548E-01 0.7562E-01 0.3900E-03 0.6490E-01 0.3032E-01 0.2351E-01 0.0000E+00
0.0000E+00 0.1964E-01 0.3613E-01 0.7845E-02 0.1487E-01 0.2151E-01 0.2413E-01 0.2007E-01 0.1768E-01 0.3364E-01 0.2433E-01 0.2311E-01 0.1084E-01 0.1231E-01 0.4342E-02 0.1491E-01 0.7465E-01 0.2113E-02 0.6369E-01 0.3191E-01 0.2528E-01 0.0000E+00
0.0000E+00 0.1993E-01 0.3851E-01 0.9859E-02 0.1637E-01 0.2244E-01 0.2543E-01 0.2029E-01 0.1750E-01 0.3359E-01 0.2355E-01 0.2236E-01 0.1076E-01 0.1179E-01 0.5840E-02 0.1443E-01 0.7387E-01 0.3551E-02 0.6572E-01 0.3143E-01 0.2630E-01 0.0000E+00
0.0000E+00 0.2172E-01 0.3830E-01 0.1149E-01 0.1608E-01 0.2180E-01 0.2559E-01 0.1963E-01 0.1700E-01 0.3495E-01 0.2291E-01 0.2164E-01 0.1073E-01 0.1161E-01 0.6461E-02 0.1478E-01 0.7593E-01 0.5198E-02 0.6809E-01 0.3385E-01 0.2867E-01 0.0000E+00
0.0000E+00 0.2194E-01 0.3938E-01 0.1344E-01 0.1851E-01 0.2286E-01 0.2616E-01 0.1994E-01 0.1934E-01 0.3527E-01 0.2251E-01 0.2146E-01 0.1087E-01 0.1217E-01 0.7086E-02 0.1471E-01 0.7593E-01 0.5073E-02 0.7019E-01 0.3599E-01 0.2940E-01 0.0000E+00
0.0000E+00 0.2430E-01 0.4184E-01 0.1422E-01 0.1941E-01 0.2334E-01 0.2692E-01 0.2076E-01 0.2114E-01 0.3740E-01 0.2444E-01 0.2091E-01 0.1112E-01 0.1322E-01 0.8457E-02 0.1689E-01 0.7835E-01 0.7262E-02 0.7111E-01 0.3500E-01 0.2949E-01 0.0000E+00
0.0000E+00 0.2363E-01 0.4329E-01 0.1598E-01 0.2055E-01 0.2411E-01 0.2780E-01 0.2156E-01 0.2254E-01 0.3914E-01 0.2615E-01 0.2036E-01 0.1155E-01 0.1490E-01 0.9821E-02 0.1897E-01 0.8072E-01 0.9655E-02 0.7356E-01 0.3557E-01 0.3161E-01 0.0000E+00
0.0000E+00 0.2286E-01 0.4477E-01 0.1817E-01 0.2066E-01 0.2352E-01 0.2903E-01 0.2373E-01 0.2395E-01 0.3864E-01 0.2792E-01 0.2011E-01 0.1158E-01 0.1451E-01 0.1029E-01 0.1896E-01 0.8133E-01 0.9661E-02 0.7458E-01 0.3693E-01 0.3140E-01 0.0000E+00
0.0000E+00 0.2257E-01 0.4714E-01 0.1996E-01 0.2282E-01 0.2508E-01 0.3026E-01 0.2488E-01 0.2518E-01 0.3853E-01 0.2727E-01 0.2140E-01 0.1169E-01 0.1474E-01 0.1120E-01 0.1842E-01 0.8002E-01 0.9095E-02 0.7314E-01 0.3866E-01 0.3245E-01 0.0000E+00
0.0000E+00 0.2244E-01 0.4961E-01 0.1975E-01 0.2453E-01 0.2686E-01 0.3243E-01 0.2725E-01 0.2597E-01 0.4044E-01 0.2740E-01 0.2338E-01 0.1388E-01 0.1511E-01 0.1226E-01 0.1798E-01 0.7876E-01 0.8688E-02 0.7182E-01 0.3768E-01 0.3420E-01 0.0000E+00
0.0000E+00 0.2326E-01 0.4957E-01 0.2190E-01 0.2683E-01 0.2883E-01 0.3140E-01 0.2826E-01 0.2722E-01 0.3999E-01 0.2863E-01 0.2537E-01 0.1627E-01 0.1579E-01 0.1220E-01 0.1888E-01 0.7761E-01 0.8414E-02 0.7106E-01 0.3792E-01 0.3606E-01 0.0000E+00
0.0000E+00 0.2369E-01 0.4963E-01 0.2306E-01 0.2898E-01 0.2786E-01 0.3045E-01 0.2736E-01 0.2658E-01 0.4025E-01 0.2851E-01 0.2775E-01 0.1623E-01 0.1761E-01 0.1281E-01 0.1938E-01 0.7776E-01 0.9906E-02 0.7320E-01 0.3806E-01 0.3822E-01 0.0000E+00
0.0000E+00 0.2410E-01 0.4920E-01 0.2358E-01 0.3115E-01 0.2911E-01 0.3283E-01 0.2674E-01 0.2677E-01 0.3977E-01 0.2795E-01 0.3022E-01 0.1663E-01 0.1858E-01 0.1262E-01 0.2067E-01 0.7775E-01 0.1230E-01 0.7191E-01 0.4049E-01 0.4069E-01 0.0000E+00
0.0000E+00 0.2482E-01 0.4991E-01 0.2287E-01 0.3257E-01 0.3108E-01 0.3521E-01 0.2714E-01 0.2637E-01 0.4163E-01 0.2957E-01 0.3021E-01 0.1747E-01 0.1879E-01 0.1320E-01 0.2266E-01 0.7933E-01 0.1465E-01 0.7258E-01 0.4246E-01 0.3977E-01 0.0000E+00
0.0000E+00 0.2448E-01 0.4910E-01 0.2227E-01 0.3313E-01 0.3304E-01 0.3729E-01 0.2894E-01 0.2600E-01 0.4328E-01 0.3154E-01 0.3100E-01 0.1758E-01 0.1937E-01 0.1348E-01 0.2481E-01 0.8052E-01 0.1708E-01 0.7471E-01 0.4209E-01 0.4054E-01 0.0000E+00
0.0000E+00 0.2413E-01 0.4795E-01 0.2176E-01 0.3487E-01 0.3362E-01 0.3649E-01 0.3091E-01 0.2665E-01 0.4480E-01 0.3076E-01 0.3170E-01 0.1732E-01 0.1884E-01 0.1328E-01 0.2389E-01 0.8264E-01 0.1861E-01 0.7370E-01 0.4323E-01 0.4161E-01 0.0000E+00
0.0000E+00 0.2386E-01 0.4684E-01 0.2125E-01 0.3621E-01 0.3556E-01 0.3806E-01 0.3338E-01 0.2902E-01 0.4726E-01 0.3127E-01 0.3093E-01 0.1761E-01 0.1869E-01 0.1321E-01 0.2594E-01 0.8411E-01 0.2032E-01 0.7360E-01 0.4513E-01 0.4225E-01 0.0000E+00
0.0000E+00 0.2373E-01 0.4628E-01 0.2087E-01 0.3517E-01 0.3549E-01 0.3980E-01 0.3535E-01 0.3100E-01 0.4896E-01 0.3078E-01 0.3013E-01 0.1834E-01 0.2049E-01 0.1331E-01 0.2792E-01 0.8579E-01 0.2170E-01 0.7238E-01 0.4584E-01 0.4312E-01 0.0000E+00
0.0000E+00 0.2355E-01 0.6602E-01 0.2049E-01 0.3434E-01 0.3482E-01 0.3975E-01 0.3617E-01 0.3237E-01 0.5000E-01 0.3172E-01 0.3032E-01 0.1897E-01 0.2288E-01 0.1325E-01 0.2697E-01 0.8639E-01 0.2283E-01 0.7121E-01 0.4469E-01 0.4200E-01 0.0000E+00
0.0000E+00 0.8793E-01 0.6522E-01 0.3689E-03 0.3359E-01 0.3412E-01 0.3928E-01 0.3730E-01 0.3311E-01 0.5126E-01 0.3418E-01 0.3039E-01 0.2096E-01 0.2255E-01 0.1319E-01 0.2609E-01 0.8499E-01 0.2208E-01 0.7022E-01 0.4352E-01 0.4085E-01 0.0000E+00
0.0000E+00 0.8710E-01 0.4404E-03 0.7581E-03 0.3280E-01 0.3325E-01 0.3840E-01 0.3699E-01 0.3405E-01 0.5253E-01 0.3666E-01 0.3252E-01 0.2335E-01 0.2205E-01 0.1313E-01 0.2534E-01 0.8357E-01 0.2130E-01 0.6975E-01 0.4359E-01 0.4070E-01 0.0000E+00
0.0000E+00 0.8667E-01 0.7787E-03 0.1138E-02 0.3219E-01 0.3237E-01 0.3769E-01 0.3742E-01 0.3525E-01 0.5401E-01 0.3880E-01 0.3458E-01 0.2513E-01 0.2419E-01 0.1308E-01 0.2472E-01 0.8218E-01 0.2256E-01 0.7026E-01 0.4601E-01 0.4311E-01 0.0000E+00
0.0000E+00 0.8636E-01 0.1177E-02 0.1560E-02 0.3180E-01 0.3203E-01 0.3755E-01 0.3806E-01 0.3664E-01 0.5547E-01 0.4118E-01 0.3696E-01 0.2760E-01 0.2508E-01 0.1302E-01 0.2433E-01 0.8096E-01 0.2211E-01 0.7040E-01 0.4849E-01 0.4549E-01 0.0000E+00
0.0000E+00 0.8605E-01 0.1679E-02 0.1857E-02 0.6228E-01 0.3136E-01 0.3665E-01 0.3820E-01 0.3880E-01 0.5714E-01 0.4049E-01 0.3886E-01 0.3007E-01 0.2631E-01 0.1316E-01 0.2402E-01 0.7992E-01 0.2140E-01 0.7051E-01 0.5096E-01 0.4411E-01 0.0000E+00
0.0000E+00 0.8638E-01 0.1998E-02 0.6275E-01 0.6150E-01 0.3441E-03 0.3590E-01 0.3716E-01 0.4096E-01 0.5839E-01 0.4164E-01 0.4014E-01 0.3255E-01 0.2721E-01 0.1375E-01 0.2482E-01 0.7985E-01 0.2119E-01 0.7026E-01 0.5332E-01 0.4647E-01 0.0000E+00
0.0000E+00 0.8702E-01 0.3274E-02 0.6376E-01 0.3516E-03 0.6797E-03 0.3533E-01 0.3614E-01 0.4261E-01 0.6027E-01 0.4395E-01 0.4041E-01 0.3467E-01 0.2795E-01 0.1510E-01 0.2441E-01 0.8034E-01 0.2156E-01 0.6939E-01 0.5399E-01 0.4794E-01 0.0000E+00
0.0000E+00 0.8718E-01 0.4260E-02 0.6302E-01 0.6883E-03 0.1008E-02 0.3479E-01 0.3781E-01 0.4411E-01 0.6216E-01 0.4531E-01 0.4001E-01 0.3659E-01 0.2935E-01 0.1548E-01 0.2422E-01 0.8200E-01 0.2155E-01 0.6887E-01 0.5384E-01 0.4720E-01 0.0000E+00
0.0000E+00 0.8779E-01 0.6105E-02 0.6540E-01 0.2711E-02 0.1946E-02 0.3440E-01 0.3948E-01 0.4556E-01 0.6380E-01 0.4744E-01 0.3981E-01 0.3778E-01 0.3021E-01 0.1521E-01 0.2409E-01 0.8345E-01 0.2312E-01 0.6870E-01 0.5375E-01 0.4694E-01 0.0000E+00
0.0000E+00 0.8839E-01 0.6465E-02 0.6689E-01 0.4023E-02 0.2876E-02 0.3651E-01 0.4120E-01 0.4624E-01 0.6519E-01 0.4935E-01 0.4021E-01 0.3823E-01 0.3104E-01 0.1502E-01 0.2407E-01 0.8446E-01 0.2511E-01 0.7016E-01 0.5606E-01 0.4903E-01 0.0000E+00
0.0000E+00 0.8912E-01 0.8092E-02 0.6837E-01 0.5048E-02 0.3878E-02 0.3675E-01 0.4201E-01 0.4735E-01 0.6380E-01 0.5172E-01 0.4153E-01 0.3895E-01 0.3008E-01 0.1490E-01 0.2448E-01 0.8506E-01 0.2649E-01 0.7206E-01 0.5772E-01 0.5105E-01 0.0000E+00
0.0000E+00 0.8968E-01 0.9210E-02 0.6920E-01 0.5741E-02 0.4860E-02 0.3737E-01 0.4278E-01 0.4845E-01 0.6534E-01 0.5314E-01 0.4264E-01 0.4009E-01 0.2958E-01 0.1537E-01 0.2491E-01 0.8527E-01 0.2724E-01 0.7192E-01 0.5984E-01 0.5295E-01 0.0000E+00
0.0000E+00 0.8852E-01 0.8692E-02 0.7103E-01 0.7113E-02 0.6547E-02 0.3904E-01 0.4447E-01 0.4954E-01 0.6470E-01 0.5409E-01 0.4405E-01 0.4160E-01 0.3147E-01 0.1708E-01 0.2553E-01 0.8428E-01 0.2848E-01 0.7089E-01 0.6052E-01 0.5430E-01 0.0000E+00
0.0000E+00 0.8748E-01 0.8366E-02 0.7139E-01 0.8629E-02 0.8561E-02 0.4097E-01 0.4684E-01 0.5103E-01 0.6607E-01 0.5529E-01 0.4619E-01 0.4270E-01 0.3363E-01 0.1907E-01 0.2660E-01 0.8366E-01 0.2840E-01 0.6985E-01 0.5974E-01 0.5398E-01 0.0000E+00
0.0000E+00 0.8662E-01 0.8272E-02 0.7382E-01 0.1013E-01 0.1030E-01 0.4312E-01 0.4897E-01 0.5009E-01 0.6749E-01 0.5684E-01 0.4788E-01 0.4461E-01 0.3601E-01 0.2067E-01 0.2783E-01 0.8307E-01 0.2879E-01 0.6900E-01 0.6070E-01 0.5581E-01 0.0000E+00
0.0000E+00 0.8580E-01 0.9385E-02 0.7572E-01 0.1162E-01 0.1192E-01 0.4526E-01 0.5042E-01 0.5003E-01 0.6868E-01 0.5743E-01 0.4868E-01 0.4538E-01 0.3611E-01 0.2244E-01 0.2878E-01 0.8324E-01 0.2900E-01 0.7058E-01 0.6114E-01 0.5529E-01 0.0000E+00
0.0000E+00 0.8600E-01 0.1085E-01 0.7738E-01 0.1327E-01 0.1343E-01 0.4717E-01 0.5185E-01 0.5010E-01 0.6922E-01 0.5843E-01 0.4993E-01 0.4537E-01 0.3495E-01 0.2231E-01 0.2983E-01 0.8421E-01 0.2954E-01 0.7203E-01 0.6277E-01 0.5570E-01 0.0000E+00
0.0000E+00 0.8625E-01 0.1265E-01 0.7950E-01 0.1527E-01 0.1523E-01 0.4740E-01 0.5202E-01 0.5063E-01 0.6938E-01 0.6007E-01 0.5228E-01 0.4413E-01 0.3385E-01 0.2147E-01 0.2990E-01 0.8519E-01 0.3024E-01 0.7392E-01 0.6465E-01 0.5606E-01 0.0000E+00
0.0000E+00 0.8534E-01 0.1471E-01 0.8045E-01 0.1688E-01 0.1666E-01 0.4711E-01 0.5173E-01 0.5067E-01 0.6895E-01 0.6007E-01 0.5137E-01 0.4290E-01 0.3277E-01 0.2069E-01 0.2912E-01 0.8371E-01 0.3077E-01 0.7485E-01 0.6493E-01 0.5623E-01 0.0000E+00
0.0000E+00 0.8447E-01 0.1804E+00 0.1639E+00 0.8343E-01 0.6490E-01 0.4704E-01 0.1031E+00 0.5099E-01 0.6794E-01 0.6001E-01 0.9542E-01 0.4295E-01 0.3193E-01 0.1293E+00 0.1098E+00 0.8216E-01 0.2977E-01 0.7333E-01 0.6426E-01 0.5588E-01 0.0000E+00
0.0000E+00 0.0000E+00 0.0000E+00 0.0000E+00 0.0000E+00 0.0000E+00 0.0000E+00 0.0000E+00 0.0000E+00 0.0000E+00 0.0000E+00 0.0000E+00 0.0000E+00 0.0000E+00 0.0000E+00 0.0000E+00 0.0000E+00 0.0000E+00 0.0000E+00 0.0000E+00 0.0000E+00 0.0000E+00
