p3_rainA_lowsm_sedtr.asc
ncols     22
nrows     62
xllcorner      0.00000000
yllcorner      0.00000000
cellsize      0.50000000
nodata_value -9999
0.0000E+00 0.0000E+00 0.0000E+00 0.0000E+00 0.0000E+00 0.0000E+00 0.0000E+00 0.0000E+00 0.0000E+00 0.0000E+00 0.0000E+00 0.0000E+00 0.0000E+00 0.0000E+00 0.0000E+00 0.0000E+00 0.0000E+00 0.0000E+00 0.0000E+00 0.0000E+00 0.0000E+00 0.0000E+00
0.0000E+00 0.6683E+00 0.5475E+00 0.2724E+00 0.5800E+00 0.4643E+00 0.5281E+00 0.4985E+00 0.4519E+00 0.3543E+00 0.8860E-01 0.4146E+00 0.5557E+00 0.4155E+00 0.1514E+00 0.7289E+00 0.6992E+00 0.6012E+00 0.6578E+00 0.2710E+00 0.6041E+00 0.0000E+00
0.0000E+00 0.7674E+00 0.1061E+01 0.7952E+00 0.6451E+00 0.9481E+00 0.8831E+00 0.5299E+00 0.9689E+00 0.9641E+00 0.6632E+00 0.4830E+00 0.1124E+01 0.8354E+00 0.8578E+00 0.1232E+01 0.1213E+01 0.9557E+00 0.1137E+01 0.8931E+00 0.9922E+00 0.0000E+00
0.0000E+00 0.1269E+01 0.1280E+01 0.1316E+01 0.7306E+00 0.1313E+01 0.1188E+01 0.4902E+00 0.1337E+01 0.1409E+01 0.1249E+01 0.9746E+00 0.1574E+01 0.8064E+00 0.1234E+01 0.1589E+01 0.1566E+01 0.9850E+00 0.1195E+01 0.1116E+01 0.1316E+01 0.0000E+00
0.0000E+00 0.1651E+01 0.1718E+01 0.1734E+01 0.1256E+01 0.1321E+01 0.1683E+01 0.7898E+00 0.1692E+01 0.1735E+01 0.1174E+01 0.1321E+01 0.1793E+01 0.1239E+01 0.1599E+01 0.1897E+01 0.1631E+01 0.1070E+01 0.1277E+01 0.9342E+00 0.1624E+01 0.0000E+00
0.0000E+00 0.1878E+01 0.1964E+01 0.1820E+01 0.1555E+01 0.1656E+01 0.1862E+01 0.1209E+01 0.1953E+01 0.1866E+01 0.1535E+01 0.1154E+01 0.2092E+01 0.1552E+01 0.1992E+01 0.2277E+01 0.1826E+01 0.1576E+01 0.1807E+01 0.1099E+01 0.1898E+01 0.0000E+00
0.0000E+00 0.1747E+01 0.3209E+01 0.1555E+01 0.1671E+01 0.1814E+01 0.1973E+01 0.1502E+01 0.2209E+01 0.1595E+01 0.1442E+01 0.1576E+01 0.2351E+01 0.2000E+01 0.2130E+01 0.2275E+01 0.2085E+01 0.1918E+01 0.2095E+01 0.1519E+01 0.2154E+01 0.0000E+00
0.0000E+00 0.1996E+01 0.2875E+01 0.9954E-01 0.1798E+01 0.1767E+01 0.1766E+01 0.1592E+01 0.2275E+01 0.1967E+01 0.1802E+01 0.1865E+01 0.2230E+01 0.2137E+01 0.2150E+01 0.2493E+01 0.2229E+01 0.2125E+01 0.2193E+01 0.1935E+01 0.2430E+01 0.0000E+00
0.0000E+00 0.2122E+01 0.2577E+01 0.2332E+00 0.1845E+01 0.1624E+01 0.1592E+01 0.1769E+01 0.2266E+01 0.3634E+01 0.2053E+01 0.1631E+01 0.2219E+01 0.3947E+01 0.2336E+01 0.2562E+01 0.2403E+01 0.2351E+01 0.2454E+01 0.2125E+01 0.2507E+01 0.0000E+00
0.0000E+00 0.2049E+01 0.2357E+01 0.9101E+00 0.2250E+01 0.1883E+01 0.1958E+01 0.1909E+01 0.7897E-01 0.3147E+01 0.1766E+01 0.1757E+01 0.5364E+00 0.3876E+01 0.2380E+01 0.2682E+01 0.2363E+01 0.2482E+01 0.2587E+01 0.2350E+01 0.2725E+01 0.0000E+00
0.0000E+00 0.2232E+01 0.2450E+01 0.1218E+01 0.2645E+01 0.1979E+01 0.1798E+01 0.2317E+01 0.1976E+00 0.2838E+01 0.1593E+01 0.1563E+01 0.4759E+00 0.3507E+01 0.5166E+01 0.6869E+01 0.8192E+01 0.2486E+01 0.2486E+01 0.2500E+01 0.2817E+01 0.0000E+00
0.0000E+00 0.2008E+01 0.2556E+01 0.1375E+01 0.2260E+01 0.2203E+01 0.2219E+01 0.2535E+01 0.7937E+00 0.2586E+01 0.1487E+01 0.1825E+01 0.9596E+00 0.9594E-01 0.6958E-01 0.2861E+00 0.7653E+01 0.2481E+01 0.4423E+01 0.2678E+01 0.2900E+01 0.0000E+00
0.0000E+00 0.2214E+01 0.2459E+01 0.1111E+01 0.3206E+01 0.2127E+01 0.2340E+01 0.2365E+01 0.1262E+01 0.2387E+01 0.1737E+01 0.1881E+01 0.8264E+00 0.1854E+00 0.1562E+00 0.1255E+00 0.7167E+01 0.1370E+00 0.4085E+01 0.2772E+01 0.2853E+01 0.0000E+00
0.0000E+00 0.1965E+01 0.2219E+01 0.1060E+00 0.2821E+01 0.2174E+01 0.2590E+01 0.2580E+01 0.1331E+01 0.2390E+01 0.1740E+01 0.1934E+01 0.9661E+00 0.6077E+00 0.2454E+00 0.8262E+00 0.6729E+01 0.8102E+00 0.3970E+01 0.2824E+01 0.2985E+01 0.0000E+00
0.0000E+00 0.2429E+01 0.2073E+01 0.2075E+00 0.2530E+01 0.2347E+01 0.2751E+01 0.2284E+01 0.1206E+01 0.2320E+01 0.1959E+01 0.2113E+01 0.1389E+01 0.1127E+01 0.9485E+00 0.1276E+01 0.6370E+01 0.1159E+01 0.3689E+01 0.2877E+01 0.3132E+01 0.0000E+00
0.0000E+00 0.2368E+01 0.2200E+01 0.5306E+00 0.2361E+01 0.2571E+01 0.2581E+01 0.2442E+01 0.1590E+01 0.2426E+01 0.2218E+01 0.2362E+01 0.1658E+01 0.1105E+01 0.1226E+01 0.1589E+01 0.6137E+01 0.1260E+01 0.4614E+01 0.3003E+01 0.3141E+01 0.0000E+00
0.0000E+00 0.2721E+01 0.2541E+01 0.7488E+00 0.2184E+01 0.2526E+01 0.2682E+01 0.2578E+01 0.1816E+01 0.2477E+01 0.2398E+01 0.2526E+01 0.1858E+01 0.1388E+01 0.1518E+01 0.2494E+01 0.5896E+01 0.7131E+00 0.4849E+01 0.3066E+01 0.3201E+01 0.0000E+00
0.0000E+00 0.2776E+01 0.2501E+01 0.9722E+00 0.2052E+01 0.2259E+01 0.2839E+01 0.2678E+01 0.1961E+01 0.2523E+01 0.2531E+01 0.2595E+01 0.2078E+01 0.1793E+01 0.2284E+00 0.2547E+01 0.5736E+01 0.6906E+00 0.4934E+01 0.3160E+01 0.3324E+01 0.0000E+00
0.0000E+00 0.2957E+01 0.2756E+01 0.8686E+00 0.1964E+01 0.2118E+01 0.3232E+01 0.2903E+01 0.2392E+01 0.2929E+01 0.2853E+01 0.2433E+01 0.2284E+01 0.2176E+01 0.9377E+00 0.2464E+01 0.5550E+01 0.1489E+00 0.4748E+01 0.2912E+01 0.2976E+01 0.0000E+00
0.0000E+00 0.3036E+01 0.2750E+01 0.1233E+01 0.1975E+01 0.2365E+01 0.3225E+01 0.2789E+01 0.2183E+01 0.2979E+01 0.3038E+01 0.2429E+01 0.2128E+01 0.2294E+01 0.1138E+01 0.2344E+01 0.5369E+01 0.7662E+00 0.4929E+01 0.2981E+01 0.3084E+01 0.0000E+00
0.0000E+00 0.2704E+01 0.2935E+01 0.1487E+01 0.1911E+01 0.2508E+01 0.3461E+01 0.3094E+01 0.2436E+01 0.3063E+01 0.3234E+01 0.2569E+01 0.1879E+01 0.2480E+01 0.1343E+01 0.2391E+01 0.5241E+01 0.1210E+00 0.4659E+01 0.3049E+01 0.3180E+01 0.0000E+00
0.0000E+00 0.2941E+01 0.3340E+01 0.1354E+01 0.1851E+01 0.2584E+01 0.3497E+01 0.3094E+01 0.2584E+01 0.3121E+01 0.3327E+01 0.2376E+01 0.1702E+01 0.2190E+01 0.1380E+01 0.2111E+01 0.5161E+01 0.3669E+00 0.4670E+01 0.3210E+01 0.3281E+01 0.0000E+00
0.0000E+00 0.2779E+01 0.3529E+01 0.1360E+01 0.1900E+01 0.2886E+01 0.3168E+01 0.3257E+01 0.2872E+01 0.3112E+01 0.3253E+01 0.2895E+01 0.1903E+01 0.2147E+01 0.1239E+01 0.1954E+01 0.5088E+01 0.1721E+00 0.4577E+01 0.3226E+01 0.3336E+01 0.0000E+00
0.0000E+00 0.2915E+01 0.3580E+01 0.2062E+01 0.2000E+01 0.2823E+01 0.3202E+01 0.3356E+01 0.3249E+01 0.3187E+01 0.3162E+01 0.2912E+01 0.2039E+01 0.2547E+01 0.1171E+01 0.1891E+01 0.5052E+01 0.8319E+00 0.4268E+01 0.3364E+01 0.3408E+01 0.0000E+00
0.0000E+00 0.2753E+01 0.3670E+01 0.2468E+01 0.2431E+01 0.3004E+01 0.3390E+01 0.3389E+01 0.3001E+01 0.3435E+01 0.3061E+01 0.3079E+01 0.2241E+01 0.2260E+01 0.1694E+01 0.1764E+01 0.5041E+01 0.1312E+01 0.4212E+01 0.3144E+01 0.3428E+01 0.0000E+00
0.0000E+00 0.3072E+01 0.3511E+01 0.2572E+01 0.2480E+01 0.3327E+01 0.3524E+01 0.3368E+01 0.3002E+01 0.3854E+01 0.3094E+01 0.2966E+01 0.2789E+01 0.2699E+01 0.2089E+01 0.2241E+01 0.5265E+01 0.1779E+01 0.4061E+01 0.3102E+01 0.3525E+01 0.0000E+00
0.0000E+00 0.3029E+01 0.3753E+01 0.2906E+01 0.2615E+01 0.3607E+01 0.3621E+01 0.3319E+01 0.3348E+01 0.3716E+01 0.3345E+01 0.3400E+01 0.3053E+01 0.2971E+01 0.2445E+01 0.2109E+01 0.5306E+01 0.2263E+01 0.4033E+01 0.3155E+01 0.3392E+01 0.0000E+00
0.0000E+00 0.3280E+01 0.3876E+01 0.2990E+01 0.2944E+01 0.3609E+01 0.3976E+01 0.3500E+01 0.3420E+01 0.3879E+01 0.3500E+01 0.3241E+01 0.3186E+01 0.2939E+01 0.2617E+01 0.2459E+01 0.5368E+01 0.2575E+01 0.4065E+01 0.3352E+01 0.3334E+01 0.0000E+00
0.0000E+00 0.3123E+01 0.4000E+01 0.3357E+01 0.3186E+01 0.3667E+01 0.4086E+01 0.3531E+01 0.3598E+01 0.3959E+01 0.3529E+01 0.3021E+01 0.3286E+01 0.3209E+01 0.2901E+01 0.2702E+01 0.5525E+01 0.2747E+01 0.4031E+01 0.3337E+01 0.3397E+01 0.0000E+00
0.0000E+00 0.2963E+01 0.4204E+01 0.3601E+01 0.3121E+01 0.3429E+01 0.4170E+01 0.3656E+01 0.3708E+01 0.3813E+01 0.3678E+01 0.3311E+01 0.3202E+01 0.3083E+01 0.3225E+01 0.2577E+01 0.5411E+01 0.2446E+01 0.3940E+01 0.3364E+01 0.3266E+01 0.0000E+00
0.0000E+00 0.2903E+01 0.4252E+01 0.3781E+01 0.3345E+01 0.3697E+01 0.4187E+01 0.3686E+01 0.3746E+01 0.3728E+01 0.3808E+01 0.3497E+01 0.3138E+01 0.3273E+01 0.3399E+01 0.2333E+01 0.5300E+01 0.2147E+01 0.3796E+01 0.3562E+01 0.3496E+01 0.0000E+00
0.0000E+00 0.2895E+01 0.4346E+01 0.3539E+01 0.3448E+01 0.3804E+01 0.4233E+01 0.3622E+01 0.3661E+01 0.3928E+01 0.3670E+01 0.3613E+01 0.3315E+01 0.3358E+01 0.3461E+01 0.2172E+01 0.5278E+01 0.1989E+01 0.3733E+01 0.3313E+01 0.3780E+01 0.0000E+00
0.0000E+00 0.3389E+01 0.4561E+01 0.3816E+01 0.3715E+01 0.3834E+01 0.3923E+01 0.3660E+01 0.3807E+01 0.3792E+01 0.3832E+01 0.3754E+01 0.3422E+01 0.3415E+01 0.3316E+01 0.2479E+01 0.5264E+01 0.1870E+01 0.3740E+01 0.3284E+01 0.3905E+01 0.0000E+00
0.0000E+00 0.3738E+01 0.4690E+01 0.3788E+01 0.3948E+01 0.3593E+01 0.3742E+01 0.3489E+01 0.3561E+01 0.3790E+01 0.3650E+01 0.3775E+01 0.3354E+01 0.3561E+01 0.3535E+01 0.2617E+01 0.5457E+01 0.2219E+01 0.3994E+01 0.3258E+01 0.3971E+01 0.0000E+00
0.0000E+00 0.3801E+01 0.4473E+01 0.3613E+01 0.4009E+01 0.3766E+01 0.3928E+01 0.3348E+01 0.3690E+01 0.3770E+01 0.3537E+01 0.3793E+01 0.3634E+01 0.3630E+01 0.3478E+01 0.2863E+01 0.5631E+01 0.2620E+01 0.3818E+01 0.3361E+01 0.3913E+01 0.0000E+00
0.0000E+00 0.3858E+01 0.4489E+01 0.3346E+01 0.3976E+01 0.4050E+01 0.4313E+01 0.3443E+01 0.3507E+01 0.4022E+01 0.3699E+01 0.3880E+01 0.3753E+01 0.3588E+01 0.3608E+01 0.3096E+01 0.5782E+01 0.2905E+01 0.3845E+01 0.3422E+01 0.3734E+01 0.0000E+00
0.0000E+00 0.3910E+01 0.4607E+01 0.3335E+01 0.4344E+01 0.4354E+01 0.4502E+01 0.3668E+01 0.3406E+01 0.4236E+01 0.3884E+01 0.4034E+01 0.3803E+01 0.3610E+01 0.3503E+01 0.3267E+01 0.5899E+01 0.3211E+01 0.4114E+01 0.3404E+01 0.3912E+01 0.0000E+00
0.0000E+00 0.4223E+01 0.4815E+01 0.3576E+01 0.4675E+01 0.4240E+01 0.4260E+01 0.3996E+01 0.3665E+01 0.4446E+01 0.3713E+01 0.4222E+01 0.3919E+01 0.3349E+01 0.3243E+01 0.3001E+01 0.6079E+01 0.3292E+01 0.4006E+01 0.3618E+01 0.3998E+01 0.0000E+00
0.0000E+00 0.4497E+01 0.5210E+01 0.3754E+01 0.4726E+01 0.4423E+01 0.4451E+01 0.4122E+01 0.3916E+01 0.4523E+01 0.3973E+01 0.4203E+01 0.4123E+01 0.3362E+01 0.3115E+01 0.3310E+01 0.6261E+01 0.3584E+01 0.4034E+01 0.3609E+01 0.3999E+01 0.0000E+00
0.0000E+00 0.4569E+01 0.5199E+01 0.3570E+01 0.4388E+01 0.4479E+01 0.4579E+01 0.4410E+01 0.4061E+01 0.4729E+01 0.3930E+01 0.4438E+01 0.4375E+01 0.3839E+01 0.3669E+01 0.3741E+01 0.6379E+01 0.3662E+01 0.3968E+01 0.3687E+01 0.4075E+01 0.0000E+00
0.0000E+00 0.4475E+01 0.8138E+01 0.3452E+01 0.4348E+01 0.4379E+01 0.4433E+01 0.4478E+01 0.4257E+01 0.4890E+01 0.4106E+01 0.4735E+01 0.4312E+01 0.4188E+01 0.3292E+01 0.3392E+01 0.6409E+01 0.3671E+01 0.3930E+01 0.3533E+01 0.3864E+01 0.0000E+00
0.0000E+00 0.1166E+02 0.7842E+01 0.3309E+00 0.4493E+01 0.4464E+01 0.4516E+01 0.4577E+01 0.4391E+01 0.5023E+01 0.4214E+01 0.4839E+01 0.4525E+01 0.3901E+01 0.3024E+01 0.3129E+01 0.6272E+01 0.3374E+01 0.3924E+01 0.3433E+01 0.3731E+01 0.0000E+00
0.0000E+00 0.1123E+02 0.7296E+00 0.1121E+01 0.4732E+01 0.4649E+01 0.4686E+01 0.4483E+01 0.4495E+01 0.5126E+01 0.4302E+01 0.4804E+01 0.4534E+01 0.3660E+01 0.2867E+01 0.3012E+01 0.6209E+01 0.3109E+01 0.4032E+01 0.3483E+01 0.3825E+01 0.0000E+00
0.0000E+00 0.1105E+02 0.6767E+00 0.1792E+01 0.5074E+01 0.4433E+01 0.4915E+01 0.4622E+01 0.4559E+01 0.5211E+01 0.4482E+01 0.5016E+01 0.4674E+01 0.3880E+01 0.2763E+01 0.2924E+01 0.6154E+01 0.3306E+01 0.4142E+01 0.3778E+01 0.4029E+01 0.0000E+00
0.0000E+00 0.1076E+02 0.1421E+01 0.2256E+01 0.5148E+01 0.4718E+01 0.5016E+01 0.4625E+01 0.4572E+01 0.5211E+01 0.4545E+01 0.4994E+01 0.4768E+01 0.3976E+01 0.2669E+01 0.2853E+01 0.6145E+01 0.3370E+01 0.4367E+01 0.3842E+01 0.4194E+01 0.0000E+00
0.0000E+00 0.1043E+02 0.1782E+01 0.1886E+01 0.8945E+01 0.4396E+01 0.4727E+01 0.4559E+01 0.4582E+01 0.5173E+01 0.4319E+01 0.4956E+01 0.4628E+01 0.3985E+01 0.2720E+01 0.2807E+01 0.6120E+01 0.3058E+01 0.4537E+01 0.3877E+01 0.3966E+01 0.0000E+00
0.0000E+00 0.1020E+02 0.1530E+01 0.9875E+01 0.8600E+01 0.8285E-01 0.4540E+01 0.4382E+01 0.4672E+01 0.5134E+01 0.4372E+01 0.4965E+01 0.4638E+01 0.3947E+01 0.2924E+01 0.3103E+01 0.6297E+01 0.3278E+01 0.4448E+01 0.3935E+01 0.4055E+01 0.0000E+00
0.0000E+00 0.9984E+01 0.1984E+01 0.9494E+01 0.1277E+00 0.1777E+00 0.4422E+01 0.4263E+01 0.4621E+01 0.5131E+01 0.4385E+01 0.4918E+01 0.4677E+01 0.4107E+01 0.3120E+01 0.2953E+01 0.6435E+01 0.3435E+01 0.4378E+01 0.4049E+01 0.4174E+01 0.0000E+00
0.0000E+00 0.9832E+01 0.2049E+01 0.9134E+01 0.2159E+00 0.2797E+00 0.4340E+01 0.4372E+01 0.4665E+01 0.5187E+01 0.4413E+01 0.4908E+01 0.4662E+01 0.4153E+01 0.3043E+01 0.2981E+01 0.6594E+01 0.3428E+01 0.4627E+01 0.4202E+01 0.4146E+01 0.0000E+00
0.0000E+00 0.9708E+01 0.2319E+01 0.8888E+01 0.9696E+00 0.1008E+01 0.4294E+01 0.4485E+01 0.4602E+01 0.5076E+01 0.4516E+01 0.4937E+01 0.4568E+01 0.4115E+01 0.2990E+01 0.3158E+01 0.6684E+01 0.3527E+01 0.4811E+01 0.4338E+01 0.4075E+01 0.0000E+00
0.0000E+00 0.9579E+01 0.2233E+01 0.8678E+01 0.1385E+01 0.1450E+01 0.4433E+01 0.4581E+01 0.4643E+01 0.5091E+01 0.4521E+01 0.4963E+01 0.4512E+01 0.3969E+01 0.2968E+01 0.3150E+01 0.6729E+01 0.3673E+01 0.4928E+01 0.4383E+01 0.4276E+01 0.0000E+00
0.0000E+00 0.9439E+01 0.2431E+01 0.8511E+01 0.1671E+01 0.1667E+01 0.4516E+01 0.4552E+01 0.4675E+01 0.4993E+01 0.4552E+01 0.5028E+01 0.4587E+01 0.3815E+01 0.3389E+01 0.3392E+01 0.6750E+01 0.3636E+01 0.4895E+01 0.4375E+01 0.4438E+01 0.0000E+00
0.0000E+00 0.9351E+01 0.2395E+01 0.8335E+01 0.1770E+01 0.1957E+01 0.4500E+01 0.4568E+01 0.4665E+01 0.5068E+01 0.4635E+01 0.4994E+01 0.4708E+01 0.4008E+01 0.3463E+01 0.3525E+01 0.6787E+01 0.3509E+01 0.4843E+01 0.4311E+01 0.4372E+01 0.0000E+00
0.0000E+00 0.9240E+01 0.2105E+01 0.8181E+01 0.2081E+01 0.2270E+01 0.4684E+01 0.4580E+01 0.4674E+01 0.4986E+01 0.4672E+01 0.4988E+01 0.4737E+01 0.4157E+01 0.3669E+01 0.3698E+01 0.6823E+01 0.3613E+01 0.4943E+01 0.4420E+01 0.4497E+01 0.0000E+00
0.0000E+00 0.9172E+01 0.1937E+01 0.8132E+01 0.2327E+01 0.2495E+01 0.4731E+01 0.4638E+01 0.4726E+01 0.5119E+01 0.4710E+01 0.5105E+01 0.4726E+01 0.4223E+01 0.3778E+01 0.3821E+01 0.6958E+01 0.3744E+01 0.5147E+01 0.4508E+01 0.4661E+01 0.0000E+00
0.0000E+00 0.9106E+01 0.1825E+01 0.8114E+01 0.2617E+01 0.2659E+01 0.4852E+01 0.4654E+01 0.4606E+01 0.5284E+01 0.4794E+01 0.5121E+01 0.4673E+01 0.4202E+01 0.3862E+01 0.3924E+01 0.7045E+01 0.3923E+01 0.5195E+01 0.4573E+01 0.4553E+01 0.0000E+00
0.0000E+00 0.9072E+01 0.2027E+01 0.8147E+01 0.2832E+01 0.2840E+01 0.4956E+01 0.4923E+01 0.4604E+01 0.5370E+01 0.4862E+01 0.5157E+01 0.4600E+01 0.4157E+01 0.3934E+01 0.3882E+01 0.7185E+01 0.3890E+01 0.5192E+01 0.4646E+01 0.4682E+01 0.0000E+00
0.0000E+00 0.9218E+01 0.2526E+01 0.8175E+01 0.3052E+01 0.3048E+01 0.5032E+01 0.4962E+01 0.4716E+01 0.5369E+01 0.4865E+01 0.5198E+01 0.4546E+01 0.3991E+01 0.3785E+01 0.3891E+01 0.7157E+01 0.3896E+01 0.5209E+01 0.4665E+01 0.4806E+01 0.0000E+00
0.0000E+00 0.9363E+01 0.2693E+01 0.8177E+01 0.3292E+01 0.3254E+01 0.5046E+01 0.5024E+01 0.4839E+01 0.5440E+01 0.4946E+01 0.5224E+01 0.4439E+01 0.3933E+01 0.3647E+01 0.3945E+01 0.7129E+01 0.3831E+01 0.5235E+01 0.4698E+01 0.4806E+01 0.0000E+00
0.0000E+00 0.9309E+01 0.3049E+01 0.8212E+01 0.3434E+01 0.3512E+01 0.5194E+01 0.5231E+01 0.4888E+01 0.5585E+01 0.5107E+01 0.5141E+01 0.4354E+01 0.3855E+01 0.3531E+01 0.3874E+01 0.7130E+01 0.3787E+01 0.5156E+01 0.4571E+01 0.4704E+01 0.0000E+00
0.0000E+00 0.9194E+01 0.1959E+02 0.1778E+02 0.1060E+02 0.8145E+01 0.5245E+01 0.9520E+01 0.4794E+01 0.5382E+01 0.4935E+01 0.9126E+01 0.4268E+01 0.3729E+01 0.1387E+02 0.1069E+02 0.7048E+01 0.3569E+01 0.5094E+01 0.4507E+01 0.4599E+01 0.0000E+00
0.0000E+00 0.0000E+00 0.0000E+00 0.0000E+00 0.0000E+00 0.0000E+00 0.0000E+00 0.0000E+00 0.0000E+00 0.0000E+00 0.0000E+00 0.0000E+00 0.0000E+00 0.0000E+00 0.0000E+00 0.0000E+00 0.0000E+00 0.0000E+00 0.0000E+00 0.0000E+00 0.0000E+00 0.0000E+00
