p3_rainB_medsm_dschg.asc
ncols     22
nrows     62
xllcorner      0.00000000
yllcorner      0.00000000
cellsize      0.50000000
nodata_value -9999
0.0000E+00 0.0000E+00 0.0000E+00 0.0000E+00 0.0000E+00 0.0000E+00 0.0000E+00 0.0000E+00 0.0000E+00 0.0000E+00 0.0000E+00 0.0000E+00 0.0000E+00 0.0000E+00 0.0000E+00 0.0000E+00 0.0000E+00 0.0000E+00 0.0000E+00 0.0000E+00 0.0000E+00 0.0000E+00
0.0000E+00 0.2337E-02 0.3208E-02 0.1976E-02 0.4768E-02 0.3062E-02 0.4027E-02 0.4286E-02 0.2735E-02 0.1559E-02 0.1440E-02 0.2442E-02 0.3793E-02 0.4065E-02 0.1626E-02 0.4053E-02 0.4261E-02 0.4239E-02 0.4722E-02 0.2209E-02 0.2691E-02 0.0000E+00
0.0000E+00 0.3889E-02 0.6426E-02 0.5516E-02 0.6446E-02 0.7081E-02 0.7296E-02 0.5666E-02 0.5840E-02 0.5848E-02 0.4892E-02 0.4026E-02 0.7587E-02 0.7143E-02 0.5399E-02 0.8057E-02 0.8707E-02 0.7666E-02 0.9468E-02 0.6733E-02 0.5098E-02 0.0000E+00
0.0000E+00 0.7402E-02 0.9179E-02 0.9791E-02 0.7416E-02 0.1040E-01 0.1029E-01 0.6694E-02 0.9648E-02 0.1036E-01 0.8496E-02 0.8240E-02 0.1131E-01 0.8205E-02 0.9159E-02 0.1225E-01 0.1320E-01 0.9599E-02 0.1439E-01 0.1049E-01 0.7370E-02 0.0000E+00
0.0000E+00 0.1121E-01 0.1340E-01 0.1334E-01 0.8853E-02 0.1191E-01 0.1479E-01 0.8835E-02 0.1276E-01 0.1459E-01 0.1052E-01 0.1223E-01 0.1481E-01 0.1191E-01 0.1336E-01 0.1669E-01 0.1632E-01 0.1460E-01 0.1932E-01 0.1098E-01 0.9844E-02 0.0000E+00
0.0000E+00 0.1498E-01 0.1712E-01 0.1674E-01 0.1264E-01 0.1537E-01 0.1807E-01 0.1126E-01 0.1609E-01 0.1834E-01 0.1501E-01 0.1326E-01 0.1727E-01 0.1569E-01 0.1732E-01 0.2088E-01 0.1948E-01 0.1902E-01 0.2402E-01 0.1303E-01 0.1297E-01 0.0000E+00
0.0000E+00 0.1611E-01 0.3980E-01 0.1895E-01 0.1472E-01 0.1810E-01 0.2044E-01 0.1274E-01 0.1798E-01 0.1871E-01 0.1683E-01 0.1635E-01 0.1875E-01 0.1905E-01 0.2179E-01 0.2503E-01 0.2346E-01 0.2345E-01 0.2792E-01 0.1753E-01 0.1672E-01 0.0000E+00
0.0000E+00 0.1962E-01 0.4156E-01 0.1445E-02 0.1604E-01 0.1950E-01 0.2131E-01 0.1422E-01 0.2005E-01 0.2115E-01 0.1869E-01 0.1900E-01 0.1994E-01 0.2238E-01 0.2493E-01 0.2869E-01 0.2705E-01 0.2814E-01 0.3091E-01 0.2127E-01 0.1940E-01 0.0000E+00
0.0000E+00 0.2197E-01 0.4202E-01 0.2866E-02 0.1703E-01 0.2018E-01 0.2189E-01 0.1541E-01 0.2205E-01 0.4505E-01 0.2034E-01 0.1974E-01 0.2157E-01 0.4719E-01 0.2887E-01 0.3215E-01 0.3067E-01 0.3237E-01 0.3280E-01 0.2369E-01 0.2001E-01 0.0000E+00
0.0000E+00 0.2370E-01 0.4255E-01 0.5672E-02 0.1964E-01 0.2102E-01 0.2275E-01 0.1680E-01 0.1397E-02 0.4552E-01 0.2099E-01 0.2059E-01 0.2490E-02 0.5195E-01 0.3305E-01 0.3554E-01 0.3329E-01 0.3680E-01 0.3596E-01 0.2766E-01 0.2250E-01 0.0000E+00
0.0000E+00 0.2679E-01 0.4694E-01 0.1042E-01 0.2384E-01 0.2199E-01 0.2346E-01 0.1786E-01 0.2821E-02 0.4596E-01 0.2169E-01 0.2139E-01 0.1593E-02 0.5445E-01 0.8933E-01 0.1280E+00 0.1654E+00 0.4143E-01 0.3807E-01 0.3186E-01 0.2581E-01 0.0000E+00
0.0000E+00 0.2771E-01 0.5035E-01 0.1525E-01 0.2467E-01 0.2417E-01 0.2564E-01 0.1918E-01 0.5093E-02 0.4634E-01 0.2275E-01 0.2422E-01 0.3368E-02 0.1345E-02 0.1441E-02 0.2256E-02 0.1718E+00 0.4592E-01 0.8523E-01 0.3555E-01 0.2921E-01 0.0000E+00
0.0000E+00 0.3105E-01 0.5395E-01 0.1558E-01 0.4464E-01 0.2679E-01 0.2986E-01 0.2025E-01 0.8205E-02 0.4680E-01 0.2671E-01 0.2796E-01 0.4771E-02 0.2779E-02 0.2756E-02 0.1458E-02 0.1741E+00 0.1428E-02 0.8576E-01 0.3886E-01 0.3130E-01 0.0000E+00
0.0000E+00 0.3151E-01 0.5426E-01 0.1419E-02 0.4503E-01 0.2890E-01 0.3421E-01 0.2471E-01 0.1062E-01 0.4928E-01 0.2784E-01 0.3264E-01 0.7248E-02 0.5493E-02 0.4133E-02 0.3778E-02 0.1776E+00 0.5470E-02 0.8932E-01 0.4121E-01 0.3369E-01 0.0000E+00
0.0000E+00 0.3510E-01 0.5454E-01 0.2842E-02 0.4546E-01 0.2971E-01 0.3837E-01 0.2527E-01 0.1199E-01 0.5087E-01 0.2893E-01 0.3401E-01 0.1117E-01 0.9311E-02 0.8415E-02 0.7751E-02 0.1795E+00 0.9303E-02 0.9073E-01 0.4218E-01 0.3522E-01 0.0000E+00
0.0000E+00 0.3664E-01 0.5622E-01 0.5049E-02 0.4598E-01 0.3449E-01 0.3981E-01 0.2969E-01 0.1620E-01 0.5552E-01 0.3217E-01 0.3656E-01 0.1556E-01 0.1176E-01 0.1267E-01 0.1076E-01 0.1814E+00 0.1163E-01 0.1049E+00 0.4617E-01 0.3890E-01 0.0000E+00
0.0000E+00 0.4079E-01 0.6098E-01 0.7446E-02 0.4675E-01 0.3874E-01 0.4090E-01 0.3412E-01 0.2042E-01 0.5964E-01 0.3633E-01 0.4099E-01 0.2000E-01 0.1573E-01 0.1595E-01 0.2739E-01 0.1859E+00 0.4516E-02 0.1118E+00 0.5008E-01 0.4358E-01 0.0000E+00
0.0000E+00 0.4576E-01 0.6331E-01 0.1020E-01 0.4719E-01 0.3902E-01 0.4399E-01 0.3681E-01 0.2483E-01 0.6398E-01 0.4048E-01 0.4565E-01 0.2420E-01 0.1948E-01 0.1507E-02 0.3208E-01 0.1905E+00 0.4522E-02 0.1192E+00 0.5475E-01 0.4718E-01 0.0000E+00
0.0000E+00 0.5006E-01 0.6792E-01 0.1114E-01 0.4762E-01 0.3934E-01 0.4788E-01 0.4072E-01 0.2853E-01 0.6742E-01 0.4431E-01 0.4684E-01 0.2831E-01 0.2347E-01 0.5495E-02 0.3648E-01 0.1947E+00 0.5032E-02 0.1281E+00 0.5556E-01 0.4751E-01 0.0000E+00
0.0000E+00 0.5330E-01 0.7286E-01 0.1440E-01 0.4827E-01 0.4187E-01 0.5280E-01 0.4200E-01 0.2942E-01 0.7057E-01 0.4896E-01 0.4943E-01 0.2939E-01 0.2737E-01 0.8213E-02 0.3857E-01 0.1944E+00 0.4381E-02 0.1360E+00 0.6013E-01 0.5186E-01 0.0000E+00
0.0000E+00 0.5356E-01 0.7746E-01 0.1750E-01 0.4877E-01 0.4449E-01 0.5691E-01 0.4569E-01 0.3358E-01 0.7550E-01 0.5365E-01 0.5330E-01 0.2982E-01 0.3063E-01 0.1165E-01 0.4274E-01 0.1941E+00 0.1465E-02 0.1421E+00 0.6445E-01 0.5584E-01 0.0000E+00
0.0000E+00 0.5567E-01 0.8222E-01 0.1834E-01 0.4932E-01 0.4944E-01 0.5970E-01 0.4843E-01 0.3651E-01 0.8041E-01 0.5759E-01 0.5403E-01 0.3030E-01 0.3113E-01 0.1241E-01 0.4311E-01 0.1939E+00 0.2619E-02 0.1496E+00 0.6802E-01 0.5798E-01 0.0000E+00
0.0000E+00 0.5604E-01 0.8547E-01 0.1959E-01 0.5051E-01 0.5410E-01 0.6028E-01 0.5285E-01 0.4079E-01 0.8493E-01 0.6192E-01 0.5863E-01 0.3149E-01 0.3245E-01 0.1330E-01 0.4310E-01 0.1937E+00 0.1561E-02 0.1530E+00 0.7294E-01 0.6237E-01 0.0000E+00
0.0000E+00 0.5837E-01 0.9038E-01 0.2383E-01 0.5254E-01 0.5902E-01 0.6434E-01 0.5552E-01 0.4439E-01 0.8751E-01 0.6300E-01 0.6248E-01 0.3322E-01 0.3460E-01 0.1418E-01 0.4348E-01 0.1935E+00 0.4269E-02 0.1529E+00 0.7660E-01 0.6615E-01 0.0000E+00
0.0000E+00 0.6005E-01 0.9500E-01 0.2806E-01 0.5593E-01 0.6169E-01 0.6753E-01 0.5717E-01 0.4562E-01 0.8894E-01 0.6336E-01 0.6289E-01 0.3419E-01 0.3502E-01 0.1771E-01 0.4391E-01 0.1935E+00 0.7802E-02 0.1571E+00 0.7757E-01 0.6905E-01 0.0000E+00
0.0000E+00 0.6379E-01 0.9632E-01 0.3178E-01 0.5649E-01 0.6223E-01 0.6916E-01 0.5750E-01 0.4624E-01 0.9221E-01 0.6374E-01 0.6319E-01 0.3484E-01 0.3593E-01 0.1990E-01 0.4556E-01 0.1977E+00 0.1155E-01 0.1617E+00 0.8237E-01 0.7367E-01 0.0000E+00
0.0000E+00 0.6545E-01 0.9929E-01 0.3591E-01 0.6137E-01 0.6505E-01 0.7135E-01 0.5924E-01 0.5088E-01 0.9406E-01 0.6450E-01 0.6420E-01 0.3582E-01 0.3792E-01 0.2206E-01 0.4639E-01 0.1991E+00 0.1284E-01 0.1659E+00 0.8671E-01 0.7615E-01 0.0000E+00
0.0000E+00 0.7008E-01 0.1042E+00 0.3853E-01 0.6383E-01 0.6701E-01 0.7376E-01 0.6173E-01 0.5471E-01 0.9838E-01 0.6857E-01 0.6466E-01 0.3700E-01 0.4075E-01 0.2535E-01 0.5079E-01 0.2039E+00 0.1733E-01 0.1687E+00 0.8688E-01 0.7758E-01 0.0000E+00
0.0000E+00 0.7041E-01 0.1076E+00 0.4237E-01 0.6676E-01 0.6943E-01 0.7628E-01 0.6417E-01 0.5811E-01 0.1021E+00 0.7226E-01 0.6486E-01 0.3852E-01 0.4445E-01 0.2845E-01 0.5506E-01 0.2085E+00 0.2207E-01 0.1736E+00 0.8908E-01 0.8182E-01 0.0000E+00
0.0000E+00 0.7063E-01 0.1111E+00 0.4682E-01 0.6814E-01 0.6991E-01 0.7928E-01 0.6853E-01 0.6151E-01 0.1029E+00 0.7613E-01 0.6535E-01 0.3931E-01 0.4509E-01 0.3043E-01 0.5645E-01 0.2108E+00 0.2365E-01 0.1765E+00 0.9233E-01 0.8297E-01 0.0000E+00
0.0000E+00 0.7148E-01 0.1156E+00 0.5073E-01 0.7250E-01 0.7345E-01 0.8228E-01 0.7150E-01 0.6459E-01 0.1041E+00 0.7663E-01 0.6835E-01 0.4016E-01 0.4654E-01 0.3307E-01 0.5685E-01 0.2105E+00 0.2419E-01 0.1762E+00 0.9609E-01 0.8586E-01 0.0000E+00
0.0000E+00 0.7241E-01 0.1205E+00 0.5195E-01 0.7625E-01 0.7729E-01 0.8660E-01 0.7613E-01 0.6711E-01 0.1081E+00 0.7811E-01 0.7247E-01 0.4456E-01 0.4817E-01 0.3591E-01 0.5711E-01 0.2096E+00 0.2475E-01 0.1759E+00 0.9623E-01 0.8961E-01 0.0000E+00
0.0000E+00 0.7478E-01 0.1220E+00 0.5634E-01 0.8080E-01 0.8140E-01 0.8656E-01 0.7896E-01 0.7024E-01 0.1089E+00 0.8116E-01 0.7659E-01 0.4924E-01 0.5032E-01 0.3697E-01 0.5957E-01 0.2092E+00 0.2537E-01 0.1764E+00 0.9796E-01 0.9357E-01 0.0000E+00
0.0000E+00 0.7657E-01 0.1237E+00 0.5937E-01 0.8508E-01 0.8132E-01 0.8658E-01 0.7904E-01 0.7072E-01 0.1106E+00 0.8230E-01 0.8125E-01 0.5061E-01 0.5414E-01 0.3911E-01 0.6127E-01 0.2107E+00 0.2884E-01 0.1807E+00 0.9956E-01 0.9786E-01 0.0000E+00
0.0000E+00 0.7832E-01 0.1245E+00 0.6131E-01 0.8937E-01 0.8433E-01 0.9139E-01 0.7939E-01 0.7221E-01 0.1112E+00 0.8278E-01 0.8617E-01 0.5241E-01 0.5686E-01 0.4002E-01 0.6439E-01 0.2120E+00 0.3358E-01 0.1804E+00 0.1044E+00 0.1027E+00 0.0000E+00
0.0000E+00 0.8058E-01 0.1269E+00 0.6153E-01 0.9269E-01 0.8844E-01 0.9604E-01 0.8118E-01 0.7298E-01 0.1152E+00 0.8628E-01 0.8764E-01 0.5489E-01 0.5841E-01 0.4207E-01 0.6852E-01 0.2155E+00 0.3823E-01 0.1827E+00 0.1085E+00 0.1029E+00 0.0000E+00
0.0000E+00 0.8090E-01 0.1273E+00 0.6201E-01 0.9496E-01 0.9253E-01 0.1003E+00 0.8498E-01 0.7374E-01 0.1188E+00 0.9037E-01 0.9020E-01 0.5622E-01 0.6024E-01 0.4360E-01 0.7283E-01 0.2185E+00 0.4298E-01 0.1870E+00 0.1095E+00 0.1054E+00 0.0000E+00
0.0000E+00 0.8115E-01 0.1271E+00 0.6255E-01 0.9858E-01 0.9480E-01 0.1006E+00 0.8904E-01 0.7599E-01 0.1221E+00 0.9064E-01 0.9254E-01 0.5689E-01 0.6056E-01 0.4408E-01 0.7283E-01 0.2228E+00 0.4655E-01 0.1872E+00 0.1125E+00 0.1082E+00 0.0000E+00
0.0000E+00 0.8142E-01 0.1269E+00 0.6295E-01 0.1018E+00 0.9877E-01 0.1040E+00 0.9395E-01 0.8050E-01 0.1270E+00 0.9271E-01 0.9272E-01 0.5832E-01 0.6140E-01 0.4464E-01 0.7704E-01 0.2261E+00 0.5037E-01 0.1885E+00 0.1164E+00 0.1106E+00 0.0000E+00
0.0000E+00 0.8196E-01 0.1275E+00 0.6346E-01 0.1017E+00 0.1001E+00 0.1078E+00 0.9804E-01 0.8459E-01 0.1308E+00 0.9323E-01 0.9283E-01 0.6060E-01 0.6521E-01 0.4558E-01 0.8117E-01 0.2297E+00 0.5378E-01 0.1883E+00 0.1188E+00 0.1132E+00 0.0000E+00
0.0000E+00 0.8236E-01 0.1915E+00 0.6384E-01 0.1018E+00 0.1005E+00 0.1093E+00 0.1007E+00 0.8789E-01 0.1335E+00 0.9589E-01 0.9392E-01 0.6273E-01 0.6990E-01 0.4602E-01 0.8117E-01 0.2321E+00 0.5685E-01 0.1880E+00 0.1187E+00 0.1129E+00 0.0000E+00
0.0000E+00 0.2738E+00 0.1915E+00 0.1457E-02 0.1019E+00 0.1008E+00 0.1100E+00 0.1037E+00 0.9036E-01 0.1367E+00 0.1008E+00 0.9531E-01 0.6683E-01 0.7075E-01 0.4656E-01 0.8103E-01 0.2315E+00 0.5725E-01 0.1876E+00 0.1185E+00 0.1125E+00 0.0000E+00
0.0000E+00 0.2736E+00 0.1653E-02 0.3022E-02 0.1020E+00 0.1009E+00 0.1101E+00 0.1046E+00 0.9307E-01 0.1399E+00 0.1057E+00 0.9961E-01 0.7149E-01 0.7115E-01 0.4703E-01 0.8096E-01 0.2308E+00 0.5755E-01 0.1878E+00 0.1199E+00 0.1136E+00 0.0000E+00
0.0000E+00 0.2740E+00 0.3085E-02 0.4539E-02 0.1023E+00 0.1008E+00 0.1103E+00 0.1066E+00 0.9614E-01 0.1433E+00 0.1100E+00 0.1038E+00 0.7531E-01 0.7542E-01 0.4759E-01 0.8089E-01 0.2302E+00 0.6066E-01 0.1898E+00 0.1246E+00 0.1184E+00 0.0000E+00
0.0000E+00 0.2746E+00 0.4652E-02 0.6154E-02 0.1029E+00 0.1014E+00 0.1113E+00 0.1088E+00 0.9942E-01 0.1467E+00 0.1144E+00 0.1084E+00 0.8023E-01 0.7805E-01 0.4814E-01 0.8088E-01 0.2297E+00 0.6140E-01 0.1912E+00 0.1295E+00 0.1230E+00 0.0000E+00
0.0000E+00 0.2751E+00 0.6440E-02 0.7450E-02 0.2038E+00 0.1011E+00 0.1112E+00 0.1104E+00 0.1038E+00 0.1502E+00 0.1151E+00 0.1124E+00 0.8512E-01 0.8095E-01 0.4914E-01 0.8101E-01 0.2291E+00 0.6165E-01 0.1923E+00 0.1343E+00 0.1227E+00 0.0000E+00
0.0000E+00 0.2767E+00 0.7826E-02 0.2107E+00 0.2036E+00 0.1439E-02 0.1110E+00 0.1101E+00 0.1080E+00 0.1533E+00 0.1181E+00 0.1156E+00 0.9002E-01 0.8358E-01 0.5099E-01 0.8335E-01 0.2301E+00 0.6268E-01 0.1932E+00 0.1388E+00 0.1273E+00 0.0000E+00
0.0000E+00 0.2788E+00 0.1096E-01 0.2133E+00 0.1436E-02 0.2825E-02 0.1109E+00 0.1099E+00 0.1117E+00 0.1573E+00 0.1226E+00 0.1175E+00 0.9436E-01 0.8598E-01 0.5415E-01 0.8347E-01 0.2321E+00 0.6450E-01 0.1929E+00 0.1412E+00 0.1307E+00 0.0000E+00
0.0000E+00 0.2802E+00 0.1372E-01 0.2131E+00 0.2858E-02 0.4228E-02 0.1107E+00 0.1134E+00 0.1151E+00 0.1612E+00 0.1258E+00 0.1183E+00 0.9835E-01 0.8921E-01 0.5578E-01 0.8387E-01 0.2356E+00 0.6567E-01 0.1930E+00 0.1426E+00 0.1311E+00 0.0000E+00
0.0000E+00 0.2824E+00 0.1772E-01 0.2178E+00 0.7143E-02 0.6754E-02 0.1108E+00 0.1170E+00 0.1182E+00 0.1648E+00 0.1301E+00 0.1194E+00 0.1015E+00 0.9164E-01 0.5627E-01 0.8445E-01 0.2389E+00 0.6917E-01 0.1939E+00 0.1439E+00 0.1320E+00 0.0000E+00
0.0000E+00 0.2845E+00 0.1966E-01 0.2212E+00 0.1048E-01 0.9241E-02 0.1150E+00 0.1207E+00 0.1207E+00 0.1680E+00 0.1341E+00 0.1212E+00 0.1036E+00 0.9414E-01 0.5664E-01 0.8527E-01 0.2418E+00 0.7331E-01 0.1972E+00 0.1484E+00 0.1363E+00 0.0000E+00
0.0000E+00 0.2869E+00 0.2335E-01 0.2246E+00 0.1338E-01 0.1204E-01 0.1167E+00 0.1233E+00 0.1237E+00 0.1678E+00 0.1386E+00 0.1243E+00 0.1059E+00 0.9410E-01 0.5703E-01 0.8691E-01 0.2440E+00 0.7664E-01 0.2012E+00 0.1521E+00 0.1402E+00 0.0000E+00
0.0000E+00 0.2890E+00 0.2630E-01 0.2272E+00 0.1559E-01 0.1478E-01 0.1189E+00 0.1257E+00 0.1266E+00 0.1712E+00 0.1419E+00 0.1272E+00 0.1088E+00 0.9471E-01 0.5856E-01 0.8850E-01 0.2457E+00 0.7907E-01 0.2024E+00 0.1563E+00 0.1441E+00 0.0000E+00
0.0000E+00 0.2886E+00 0.2684E-01 0.2310E+00 0.1891E-01 0.1856E-01 0.1225E+00 0.1293E+00 0.1295E+00 0.1719E+00 0.1448E+00 0.1304E+00 0.1122E+00 0.9867E-01 0.6220E-01 0.9057E-01 0.2457E+00 0.8215E-01 0.2023E+00 0.1588E+00 0.1473E+00 0.0000E+00
0.0000E+00 0.2882E+00 0.2721E-01 0.2330E+00 0.2239E-01 0.2278E-01 0.1265E+00 0.1338E+00 0.1328E+00 0.1751E+00 0.1478E+00 0.1346E+00 0.1152E+00 0.1029E+00 0.6631E-01 0.9336E-01 0.2463E+00 0.8340E-01 0.2020E+00 0.1593E+00 0.1484E+00 0.0000E+00
0.0000E+00 0.2876E+00 0.2787E-01 0.2377E+00 0.2575E-01 0.2664E-01 0.1307E+00 0.1381E+00 0.1331E+00 0.1783E+00 0.1514E+00 0.1383E+00 0.1192E+00 0.1075E+00 0.6987E-01 0.9632E-01 0.2469E+00 0.8511E-01 0.2018E+00 0.1620E+00 0.1522E+00 0.0000E+00
0.0000E+00 0.2872E+00 0.3076E-01 0.2417E+00 0.2928E-01 0.3036E-01 0.1350E+00 0.1415E+00 0.1344E+00 0.1814E+00 0.1537E+00 0.1409E+00 0.1217E+00 0.1092E+00 0.7370E-01 0.9893E-01 0.2485E+00 0.8668E-01 0.2052E+00 0.1639E+00 0.1530E+00 0.0000E+00
0.0000E+00 0.2886E+00 0.3418E-01 0.2453E+00 0.3300E-01 0.3395E-01 0.1390E+00 0.1448E+00 0.1359E+00 0.1836E+00 0.1564E+00 0.1440E+00 0.1230E+00 0.1090E+00 0.7473E-01 0.1017E+00 0.2512E+00 0.8878E-01 0.2085E+00 0.1675E+00 0.1549E+00 0.0000E+00
0.0000E+00 0.2901E+00 0.3802E-01 0.2495E+00 0.3711E-01 0.3784E-01 0.1408E+00 0.1466E+00 0.1380E+00 0.1853E+00 0.1600E+00 0.1486E+00 0.1225E+00 0.1086E+00 0.7471E-01 0.1030E+00 0.2539E+00 0.9112E-01 0.2124E+00 0.1714E+00 0.1568E+00 0.0000E+00
0.0000E+00 0.2898E+00 0.4229E-01 0.2522E+00 0.4077E-01 0.4132E-01 0.1419E+00 0.1475E+00 0.1394E+00 0.1862E+00 0.1615E+00 0.1489E+00 0.1221E+00 0.1083E+00 0.7467E-01 0.1031E+00 0.2531E+00 0.9317E-01 0.2151E+00 0.1733E+00 0.1585E+00 0.0000E+00
0.0000E+00 0.2893E+00 0.5310E+00 0.4851E+00 0.2314E+00 0.1871E+00 0.1432E+00 0.2907E+00 0.1413E+00 0.1862E+00 0.1629E+00 0.2751E+00 0.1234E+00 0.1080E+00 0.4286E+00 0.3543E+00 0.2522E+00 0.9298E-01 0.2145E+00 0.1739E+00 0.1594E+00 0.0000E+00
0.0000E+00 0.0000E+00 0.0000E+00 0.0000E+00 0.0000E+00 0.0000E+00 0.0000E+00 0.0000E+00 0.0000E+00 0.0000E+00 0.0000E+00 0.0000E+00 0.0000E+00 0.0000E+00 0.0000E+00 0.0000E+00 0.0000E+00 0.0000E+00 0.0000E+00 0.0000E+00 0.0000E+00 0.0000E+00
