p3_rainB_lowsm_sedtr.asc
ncols     22
nrows     62
xllcorner      0.00000000
yllcorner      0.00000000
cellsize      0.50000000
nodata_value -9999
0.0000E+00 0.0000E+00 0.0000E+00 0.0000E+00 0.0000E+00 0.0000E+00 0.0000E+00 0.0000E+00 0.0000E+00 0.0000E+00 0.0000E+00 0.0000E+00 0.0000E+00 0.0000E+00 0.0000E+00 0.0000E+00 0.0000E+00 0.0000E+00 0.0000E+00 0.0000E+00 0.0000E+00 0.0000E+00
0.0000E+00 0.9395E-01 0.8293E-01 0.3204E-01 0.8851E-01 0.5911E-01 0.7301E-01 0.6696E-01 0.5853E-01 0.4018E-01 0.7971E-02 0.4827E-01 0.7865E-01 0.4949E-01 0.1648E-01 0.1224E+00 0.1162E+00 0.9122E-01 0.1084E+00 0.3467E-01 0.8156E-01 0.0000E+00
0.0000E+00 0.8195E-01 0.1600E+00 0.1135E+00 0.7991E-01 0.1377E+00 0.1259E+00 0.5695E-01 0.1496E+00 0.1464E+00 0.1084E+00 0.4934E-01 0.1795E+00 0.1236E+00 0.1485E+00 0.1975E+00 0.1978E+00 0.1403E+00 0.1828E+00 0.1456E+00 0.1331E+00 0.0000E+00
0.0000E+00 0.1720E+00 0.1747E+00 0.2080E+00 0.8512E-01 0.1967E+00 0.1748E+00 0.4384E-01 0.1991E+00 0.2173E+00 0.2088E+00 0.1424E+00 0.2547E+00 0.9984E-01 0.1978E+00 0.2453E+00 0.2452E+00 0.1244E+00 0.1912E+00 0.1564E+00 0.1679E+00 0.0000E+00
0.0000E+00 0.2335E+00 0.2580E+00 0.2775E+00 0.1817E+00 0.1701E+00 0.2760E+00 0.1046E+00 0.2518E+00 0.2637E+00 0.1516E+00 0.1935E+00 0.2734E+00 0.1924E+00 0.2537E+00 0.2890E+00 0.2295E+00 0.1419E+00 0.2045E+00 0.9937E-01 0.2090E+00 0.0000E+00
0.0000E+00 0.2570E+00 0.2891E+00 0.2624E+00 0.2200E+00 0.2361E+00 0.2831E+00 0.1779E+00 0.2829E+00 0.2581E+00 0.2184E+00 0.1284E+00 0.3176E+00 0.2401E+00 0.3210E+00 0.3594E+00 0.2610E+00 0.2606E+00 0.3288E+00 0.1340E+00 0.2526E+00 0.0000E+00
0.0000E+00 0.1997E+00 0.3627E+00 0.1612E+00 0.2084E+00 0.2465E+00 0.2751E+00 0.2111E+00 0.3144E+00 0.1763E+00 0.1686E+00 0.2247E+00 0.3486E+00 0.3258E+00 0.3162E+00 0.3202E+00 0.3089E+00 0.3223E+00 0.3726E+00 0.2299E+00 0.2947E+00 0.0000E+00
0.0000E+00 0.2506E+00 0.2883E+00 0.1003E-01 0.2084E+00 0.1961E+00 0.1971E+00 0.1978E+00 0.2949E+00 0.2708E+00 0.2457E+00 0.2731E+00 0.2837E+00 0.3242E+00 0.2881E+00 0.3569E+00 0.3171E+00 0.3439E+00 0.3624E+00 0.3138E+00 0.3382E+00 0.0000E+00
0.0000E+00 0.2615E+00 0.2404E+00 0.2641E-01 0.1927E+00 0.1411E+00 0.1541E+00 0.2105E+00 0.2599E+00 0.3545E+00 0.2826E+00 0.1869E+00 0.2514E+00 0.4520E+00 0.3170E+00 0.3487E+00 0.3383E+00 0.3755E+00 0.4055E+00 0.3314E+00 0.3259E+00 0.0000E+00
0.0000E+00 0.2212E+00 0.2102E+00 0.1532E+00 0.2791E+00 0.2003E+00 0.2443E+00 0.2153E+00 0.6524E-02 0.2671E+00 0.1849E+00 0.2042E+00 0.6520E-01 0.3774E+00 0.3025E+00 0.3599E+00 0.3001E+00 0.3816E+00 0.4095E+00 0.3645E+00 0.3576E+00 0.0000E+00
0.0000E+00 0.2568E+00 0.2646E+00 0.1832E+00 0.3676E+00 0.2101E+00 0.1860E+00 0.2902E+00 0.2338E-01 0.2296E+00 0.1387E+00 0.1442E+00 0.5773E-01 0.3180E+00 0.4657E+00 0.6040E+00 0.7146E+00 0.3503E+00 0.3471E+00 0.3748E+00 0.3541E+00 0.0000E+00
0.0000E+00 0.1811E+00 0.3057E+00 0.1800E+00 0.2403E+00 0.2599E+00 0.2920E+00 0.3171E+00 0.1204E+00 0.2010E+00 0.1158E+00 0.2094E+00 0.1207E+00 0.7244E-02 0.4992E-02 0.3376E-01 0.6578E+00 0.3249E+00 0.5108E+00 0.3975E+00 0.3506E+00 0.0000E+00
0.0000E+00 0.2348E+00 0.2722E+00 0.1026E+00 0.3235E+00 0.2275E+00 0.3072E+00 0.2473E+00 0.1903E+00 0.1770E+00 0.1834E+00 0.2121E+00 0.7464E-01 0.1918E-01 0.1590E-01 0.1486E-01 0.6411E+00 0.1699E-01 0.4449E+00 0.3971E+00 0.3136E+00 0.0000E+00
0.0000E+00 0.1544E+00 0.1992E+00 0.1123E-01 0.2293E+00 0.2285E+00 0.3590E+00 0.2950E+00 0.1717E+00 0.2071E+00 0.1681E+00 0.2085E+00 0.9359E-01 0.9628E-01 0.2756E-01 0.1262E+00 0.6082E+00 0.1343E+00 0.4511E+00 0.3861E+00 0.3344E+00 0.0000E+00
0.0000E+00 0.2856E+00 0.1619E+00 0.2338E-01 0.1833E+00 0.2636E+00 0.3837E+00 0.1939E+00 0.1249E+00 0.1993E+00 0.2135E+00 0.2436E+00 0.1773E+00 0.1904E+00 0.1685E+00 0.1881E+00 0.5604E+00 0.1745E+00 0.3838E+00 0.3798E+00 0.3547E+00 0.0000E+00
0.0000E+00 0.2516E+00 0.2074E+00 0.7863E-01 0.1641E+00 0.3118E+00 0.3071E+00 0.2390E+00 0.2091E+00 0.2525E+00 0.2723E+00 0.3017E+00 0.2173E+00 0.1450E+00 0.1902E+00 0.2219E+00 0.5447E+00 0.1678E+00 0.4970E+00 0.3998E+00 0.3376E+00 0.0000E+00
0.0000E+00 0.3493E+00 0.3266E+00 0.1074E+00 0.1386E+00 0.2744E+00 0.3249E+00 0.2686E+00 0.2411E+00 0.2759E+00 0.3055E+00 0.3309E+00 0.2410E+00 0.1895E+00 0.2275E+00 0.2710E+00 0.5189E+00 0.1212E+00 0.5158E+00 0.3990E+00 0.3384E+00 0.0000E+00
0.0000E+00 0.3579E+00 0.3080E+00 0.1379E+00 0.1217E+00 0.1817E+00 0.3575E+00 0.2822E+00 0.2527E+00 0.2937E+00 0.3251E+00 0.3314E+00 0.2760E+00 0.2705E+00 0.2756E-01 0.3062E+00 0.5113E+00 0.1153E+00 0.4912E+00 0.4097E+00 0.3602E+00 0.0000E+00
0.0000E+00 0.4028E+00 0.3896E+00 0.9600E-01 0.1108E+00 0.1434E+00 0.4518E+00 0.3386E+00 0.3515E+00 0.4134E+00 0.3992E+00 0.2604E+00 0.3097E+00 0.3438E+00 0.1550E+00 0.2862E+00 0.4664E+00 0.3322E-01 0.4888E+00 0.3109E+00 0.2392E+00 0.0000E+00
0.0000E+00 0.4076E+00 0.3884E+00 0.1730E+00 0.1185E+00 0.2174E+00 0.4485E+00 0.2794E+00 0.2633E+00 0.4180E+00 0.4359E+00 0.2553E+00 0.2428E+00 0.3428E+00 0.1569E+00 0.2525E+00 0.3925E+00 0.1350E+00 0.4865E+00 0.3330E+00 0.2784E+00 0.0000E+00
0.0000E+00 0.2879E+00 0.4369E+00 0.2159E+00 0.1075E+00 0.2553E+00 0.5008E+00 0.3698E+00 0.3329E+00 0.4296E+00 0.4755E+00 0.2954E+00 0.1752E+00 0.3660E+00 0.1686E+00 0.2755E+00 0.3510E+00 0.1388E-01 0.4413E+00 0.3462E+00 0.3036E+00 0.0000E+00
0.0000E+00 0.3584E+00 0.5486E+00 0.1592E+00 0.9584E-01 0.2709E+00 0.4802E+00 0.3509E+00 0.3528E+00 0.4347E+00 0.4822E+00 0.2200E+00 0.1382E+00 0.2609E+00 0.1565E+00 0.1920E+00 0.3267E+00 0.5288E-01 0.4464E+00 0.3875E+00 0.3260E+00 0.0000E+00
0.0000E+00 0.2867E+00 0.5813E+00 0.1496E+00 0.1155E+00 0.3728E+00 0.3679E+00 0.3956E+00 0.4247E+00 0.4356E+00 0.4422E+00 0.3770E+00 0.1944E+00 0.2408E+00 0.1179E+00 0.1630E+00 0.3009E+00 0.2051E-01 0.4354E+00 0.3827E+00 0.3334E+00 0.0000E+00
0.0000E+00 0.3227E+00 0.5831E+00 0.3290E+00 0.1536E+00 0.3596E+00 0.3836E+00 0.4136E+00 0.5112E+00 0.4516E+00 0.3915E+00 0.3770E+00 0.2328E+00 0.3536E+00 0.1035E+00 0.1537E+00 0.2848E+00 0.1557E+00 0.3442E+00 0.4157E+00 0.3449E+00 0.0000E+00
0.0000E+00 0.2741E+00 0.5970E+00 0.4155E+00 0.2886E+00 0.3976E+00 0.4289E+00 0.3941E+00 0.4066E+00 0.5021E+00 0.3405E+00 0.4133E+00 0.2822E+00 0.2536E+00 0.2374E+00 0.1335E+00 0.2731E+00 0.2215E+00 0.3838E+00 0.3213E+00 0.3336E+00 0.0000E+00
0.0000E+00 0.3717E+00 0.5133E+00 0.4096E+00 0.2808E+00 0.4644E+00 0.4447E+00 0.3628E+00 0.3900E+00 0.6166E+00 0.3421E+00 0.3469E+00 0.4012E+00 0.3654E+00 0.3163E+00 0.2834E+00 0.3959E+00 0.2935E+00 0.3602E+00 0.3067E+00 0.3589E+00 0.0000E+00
0.0000E+00 0.3346E+00 0.5742E+00 0.4750E+00 0.3011E+00 0.5266E+00 0.4702E+00 0.3469E+00 0.4895E+00 0.5419E+00 0.4191E+00 0.4652E+00 0.4372E+00 0.4211E+00 0.3816E+00 0.2376E+00 0.4036E+00 0.3699E+00 0.3725E+00 0.3203E+00 0.2998E+00 0.0000E+00
0.0000E+00 0.4110E+00 0.5794E+00 0.4603E+00 0.4048E+00 0.5037E+00 0.5562E+00 0.4022E+00 0.4978E+00 0.5926E+00 0.4682E+00 0.3943E+00 0.4541E+00 0.3928E+00 0.3938E+00 0.3463E+00 0.4065E+00 0.4115E+00 0.3863E+00 0.3612E+00 0.2656E+00 0.0000E+00
0.0000E+00 0.3340E+00 0.6023E+00 0.5404E+00 0.4682E+00 0.5125E+00 0.5697E+00 0.3921E+00 0.5312E+00 0.6038E+00 0.4627E+00 0.3211E+00 0.4675E+00 0.4538E+00 0.4392E+00 0.4110E+00 0.4789E+00 0.4177E+00 0.3752E+00 0.3487E+00 0.2886E+00 0.0000E+00
0.0000E+00 0.2692E+00 0.6435E+00 0.5920E+00 0.4082E+00 0.4102E+00 0.5754E+00 0.4240E+00 0.5428E+00 0.5162E+00 0.4967E+00 0.4013E+00 0.4161E+00 0.3859E+00 0.4927E+00 0.3457E+00 0.4194E+00 0.3045E+00 0.3357E+00 0.3457E+00 0.2257E+00 0.0000E+00
0.0000E+00 0.2447E+00 0.6547E+00 0.6189E+00 0.4753E+00 0.4892E+00 0.5586E+00 0.4149E+00 0.5322E+00 0.4656E+00 0.5113E+00 0.4467E+00 0.3829E+00 0.4284E+00 0.5096E+00 0.2657E+00 0.3482E+00 0.2301E+00 0.2464E+00 0.3962E+00 0.2917E+00 0.0000E+00
0.0000E+00 0.2308E+00 0.6599E+00 0.5074E+00 0.4830E+00 0.5098E+00 0.5523E+00 0.3766E+00 0.4810E+00 0.5315E+00 0.4363E+00 0.4688E+00 0.4305E+00 0.4327E+00 0.4973E+00 0.2132E+00 0.3149E+00 0.1982E+00 0.2059E+00 0.2762E+00 0.3755E+00 0.0000E+00
0.0000E+00 0.3725E+00 0.7068E+00 0.5830E+00 0.5494E+00 0.5019E+00 0.4171E+00 0.3646E+00 0.5108E+00 0.4474E+00 0.4801E+00 0.4940E+00 0.4487E+00 0.4259E+00 0.4263E+00 0.3036E+00 0.2910E+00 0.1759E+00 0.1925E+00 0.2537E+00 0.4019E+00 0.0000E+00
0.0000E+00 0.4584E+00 0.7209E+00 0.5510E+00 0.5973E+00 0.3844E+00 0.3421E+00 0.2791E+00 0.4057E+00 0.4281E+00 0.3935E+00 0.4815E+00 0.4028E+00 0.4513E+00 0.4701E+00 0.3418E+00 0.3632E+00 0.2774E+00 0.3077E+00 0.2313E+00 0.4134E+00 0.0000E+00
0.0000E+00 0.4652E+00 0.6123E+00 0.4761E+00 0.5980E+00 0.4257E+00 0.3566E+00 0.2259E+00 0.4389E+00 0.3938E+00 0.3364E+00 0.4768E+00 0.4679E+00 0.4441E+00 0.4266E+00 0.4082E+00 0.4090E+00 0.3840E+00 0.2148E+00 0.2377E+00 0.3843E+00 0.0000E+00
0.0000E+00 0.4630E+00 0.6060E+00 0.3782E+00 0.5557E+00 0.5099E+00 0.4919E+00 0.2514E+00 0.3681E+00 0.4836E+00 0.3854E+00 0.4725E+00 0.4868E+00 0.4141E+00 0.4483E+00 0.4642E+00 0.4649E+00 0.4460E+00 0.2278E+00 0.2664E+00 0.2866E+00 0.0000E+00
0.0000E+00 0.4451E+00 0.6185E+00 0.3705E+00 0.6430E+00 0.5878E+00 0.5479E+00 0.3239E+00 0.3325E+00 0.5486E+00 0.4393E+00 0.5000E+00 0.4819E+00 0.4044E+00 0.3978E+00 0.4981E+00 0.4948E+00 0.5123E+00 0.3386E+00 0.2378E+00 0.3336E+00 0.0000E+00
0.0000E+00 0.4954E+00 0.6613E+00 0.4239E+00 0.7170E+00 0.5200E+00 0.4328E+00 0.4218E+00 0.4043E+00 0.6035E+00 0.3473E+00 0.5323E+00 0.4770E+00 0.3036E+00 0.3067E+00 0.3776E+00 0.5538E+00 0.5087E+00 0.2540E+00 0.3038E+00 0.3429E+00 0.0000E+00
0.0000E+00 0.5382E+00 0.7505E+00 0.4595E+00 0.7071E+00 0.5707E+00 0.4980E+00 0.4275E+00 0.4795E+00 0.6056E+00 0.4246E+00 0.4837E+00 0.5173E+00 0.2911E+00 0.2660E+00 0.4698E+00 0.6042E+00 0.5675E+00 0.2590E+00 0.2957E+00 0.3302E+00 0.0000E+00
0.0000E+00 0.5358E+00 0.7159E+00 0.4016E+00 0.5530E+00 0.5667E+00 0.5279E+00 0.5070E+00 0.5130E+00 0.6580E+00 0.3675E+00 0.5190E+00 0.5639E+00 0.4273E+00 0.4059E+00 0.5801E+00 0.6311E+00 0.5691E+00 0.1933E+00 0.3096E+00 0.3448E+00 0.0000E+00
0.0000E+00 0.4812E+00 0.8785E+00 0.3552E+00 0.5238E+00 0.4991E+00 0.4413E+00 0.5047E+00 0.5542E+00 0.6885E+00 0.4037E+00 0.5821E+00 0.5146E+00 0.5197E+00 0.2919E+00 0.4333E+00 0.6198E+00 0.5505E+00 0.1564E+00 0.2148E+00 0.2380E+00 0.0000E+00
0.0000E+00 0.1031E+01 0.7758E+00 0.3843E-01 0.5492E+00 0.4986E+00 0.4508E+00 0.5257E+00 0.5661E+00 0.7094E+00 0.4081E+00 0.5891E+00 0.5649E+00 0.4011E+00 0.2167E+00 0.3379E+00 0.5373E+00 0.4346E+00 0.1345E+00 0.1612E+00 0.1778E+00 0.0000E+00
0.0000E+00 0.8959E+00 0.1026E+00 0.1626E+00 0.5944E+00 0.5259E+00 0.4776E+00 0.4649E+00 0.5771E+00 0.7200E+00 0.4100E+00 0.5653E+00 0.5540E+00 0.3119E+00 0.1802E+00 0.2867E+00 0.4887E+00 0.3519E+00 0.1625E+00 0.1662E+00 0.1973E+00 0.0000E+00
0.0000E+00 0.8797E+00 0.6910E-01 0.2589E+00 0.6607E+00 0.4095E+00 0.5183E+00 0.4894E+00 0.5730E+00 0.7249E+00 0.4725E+00 0.6072E+00 0.5764E+00 0.3883E+00 0.1583E+00 0.2502E+00 0.4514E+00 0.4245E+00 0.2035E+00 0.2786E+00 0.2802E+00 0.0000E+00
0.0000E+00 0.8179E+00 0.1985E+00 0.3125E+00 0.6570E+00 0.4800E+00 0.5229E+00 0.4660E+00 0.5513E+00 0.7007E+00 0.4864E+00 0.5805E+00 0.5776E+00 0.3915E+00 0.1400E+00 0.2228E+00 0.4321E+00 0.4287E+00 0.2855E+00 0.2809E+00 0.3360E+00 0.0000E+00
0.0000E+00 0.7318E+00 0.2323E+00 0.2004E+00 0.7713E+00 0.3455E+00 0.3827E+00 0.4092E+00 0.5302E+00 0.6610E+00 0.3652E+00 0.5446E+00 0.5189E+00 0.3907E+00 0.1610E+00 0.2041E+00 0.4104E+00 0.3243E+00 0.3390E+00 0.2809E+00 0.2176E+00 0.0000E+00
0.0000E+00 0.6961E+00 0.1474E+00 0.7019E+00 0.6439E+00 0.7042E-02 0.2940E+00 0.3175E+00 0.5371E+00 0.6138E+00 0.3747E+00 0.5204E+00 0.5116E+00 0.3603E+00 0.2278E+00 0.3061E+00 0.4757E+00 0.3970E+00 0.2885E+00 0.3020E+00 0.2585E+00 0.0000E+00
0.0000E+00 0.6615E+00 0.2408E+00 0.6546E+00 0.1514E-01 0.1893E-01 0.2393E+00 0.2602E+00 0.4915E+00 0.5894E+00 0.3683E+00 0.4692E+00 0.5063E+00 0.3921E+00 0.2793E+00 0.2368E+00 0.5284E+00 0.4339E+00 0.2267E+00 0.3278E+00 0.2917E+00 0.0000E+00
0.0000E+00 0.6379E+00 0.2303E+00 0.5936E+00 0.2383E-01 0.3263E-01 0.2034E+00 0.3100E+00 0.4805E+00 0.5869E+00 0.3571E+00 0.4271E+00 0.4766E+00 0.3879E+00 0.2309E+00 0.2322E+00 0.5831E+00 0.4077E+00 0.3083E+00 0.3550E+00 0.2423E+00 0.0000E+00
0.0000E+00 0.6184E+00 0.2813E+00 0.5742E+00 0.1709E+00 0.1712E+00 0.1836E+00 0.3449E+00 0.4266E+00 0.5096E+00 0.3798E+00 0.4028E+00 0.4116E+00 0.3479E+00 0.1931E+00 0.2749E+00 0.6077E+00 0.4272E+00 0.3622E+00 0.3780E+00 0.1887E+00 0.0000E+00
0.0000E+00 0.5878E+00 0.2314E+00 0.5658E+00 0.2253E+00 0.2303E+00 0.2448E+00 0.3680E+00 0.4129E+00 0.4914E+00 0.3627E+00 0.3891E+00 0.3624E+00 0.2686E+00 0.1676E+00 0.2495E+00 0.6137E+00 0.4578E+00 0.3992E+00 0.3833E+00 0.2649E+00 0.0000E+00
0.0000E+00 0.5428E+00 0.2706E+00 0.5563E+00 0.2508E+00 0.2346E+00 0.2631E+00 0.3387E+00 0.3979E+00 0.4058E+00 0.3571E+00 0.3930E+00 0.3655E+00 0.1987E+00 0.2665E+00 0.3095E+00 0.6069E+00 0.4266E+00 0.3844E+00 0.3591E+00 0.3138E+00 0.0000E+00
0.0000E+00 0.5163E+00 0.2394E+00 0.5205E+00 0.2407E+00 0.2711E+00 0.2377E+00 0.3161E+00 0.3667E+00 0.4318E+00 0.3653E+00 0.3522E+00 0.3844E+00 0.2386E+00 0.2700E+00 0.3317E+00 0.6022E+00 0.3603E+00 0.3396E+00 0.3209E+00 0.2804E+00 0.0000E+00
0.0000E+00 0.4625E+00 0.1501E+00 0.4947E+00 0.2965E+00 0.3217E+00 0.2956E+00 0.3130E+00 0.3443E+00 0.3661E+00 0.3543E+00 0.3285E+00 0.3739E+00 0.2855E+00 0.3195E+00 0.3639E+00 0.5825E+00 0.3838E+00 0.3463E+00 0.3385E+00 0.3087E+00 0.0000E+00
0.0000E+00 0.4427E+00 0.1165E+00 0.4932E+00 0.3330E+00 0.3513E+00 0.3054E+00 0.3269E+00 0.3429E+00 0.4135E+00 0.3452E+00 0.3556E+00 0.3408E+00 0.3043E+00 0.3369E+00 0.3822E+00 0.6160E+00 0.4051E+00 0.3967E+00 0.3248E+00 0.3329E+00 0.0000E+00
0.0000E+00 0.4145E+00 0.9901E-01 0.4933E+00 0.3838E+00 0.3672E+00 0.3380E+00 0.3222E+00 0.2624E+00 0.4629E+00 0.3552E+00 0.3419E+00 0.3054E+00 0.2864E+00 0.3432E+00 0.3935E+00 0.6294E+00 0.4385E+00 0.3794E+00 0.3359E+00 0.2816E+00 0.0000E+00
0.0000E+00 0.3973E+00 0.1653E+00 0.5339E+00 0.4144E+00 0.3912E+00 0.3618E+00 0.3971E+00 0.2454E+00 0.4786E+00 0.3530E+00 0.3302E+00 0.2478E+00 0.2447E+00 0.3451E+00 0.3456E+00 0.6621E+00 0.3979E+00 0.3777E+00 0.3421E+00 0.3010E+00 0.0000E+00
0.0000E+00 0.4549E+00 0.3074E+00 0.5584E+00 0.4487E+00 0.4238E+00 0.3731E+00 0.3930E+00 0.2745E+00 0.4583E+00 0.3303E+00 0.3229E+00 0.2125E+00 0.1559E+00 0.2582E+00 0.3237E+00 0.6343E+00 0.3839E+00 0.3749E+00 0.3355E+00 0.3225E+00 0.0000E+00
0.0000E+00 0.4972E+00 0.3448E+00 0.5675E+00 0.4888E+00 0.4613E+00 0.3448E+00 0.3900E+00 0.3087E+00 0.4600E+00 0.3417E+00 0.3165E+00 0.1837E+00 0.1353E+00 0.1951E+00 0.3106E+00 0.5973E+00 0.3390E+00 0.3733E+00 0.3334E+00 0.2942E+00 0.0000E+00
0.0000E+00 0.4350E+00 0.4278E+00 0.5800E+00 0.5024E+00 0.5110E+00 0.3701E+00 0.4300E+00 0.3023E+00 0.4819E+00 0.3675E+00 0.2342E+00 0.1652E+00 0.1179E+00 0.1559E+00 0.2510E+00 0.5570E+00 0.3000E+00 0.3251E+00 0.2502E+00 0.2299E+00 0.0000E+00
0.0000E+00 0.3430E+00 0.1115E+01 0.1077E+01 0.8501E+00 0.6615E+00 0.3623E+00 0.4474E+00 0.2472E+00 0.3473E+00 0.2586E+00 0.3125E+00 0.1376E+00 0.8801E-01 0.6751E+00 0.6314E+00 0.4888E+00 0.1999E+00 0.2782E+00 0.1994E+00 0.1643E+00 0.0000E+00
0.0000E+00 0.0000E+00 0.0000E+00 0.0000E+00 0.0000E+00 0.0000E+00 0.0000E+00 0.0000E+00 0.0000E+00 0.0000E+00 0.0000E+00 0.0000E+00 0.0000E+00 0.0000E+00 0.0000E+00 0.0000E+00 0.0000E+00 0.0000E+00 0.0000E+00 0.0000E+00 0.0000E+00 0.0000E+00
