p3_rainC_highsm_dschg.asc
ncols     22
nrows     62
xllcorner      0.00000000
yllcorner      0.00000000
cellsize      0.50000000
nodata_value -9999
0.0000E+00 0.0000E+00 0.0000E+00 0.0000E+00 0.0000E+00 0.0000E+00 0.0000E+00 0.0000E+00 0.0000E+00 0.0000E+00 0.0000E+00 0.0000E+00 0.0000E+00 0.0000E+00 0.0000E+00 0.0000E+00 0.0000E+00 0.0000E+00 0.0000E+00 0.0000E+00 0.0000E+00 0.0000E+00
0.0000E+00 0.1365E-02 0.1870E-02 0.1130E-02 0.2787E-02 0.1781E-02 0.2365E-02 0.2500E-02 0.1579E-02 0.8151E-03 0.7199E-03 0.1412E-02 0.2232E-02 0.2426E-02 0.8716E-03 0.2370E-02 0.2506E-02 0.2504E-02 0.2790E-02 0.1279E-02 0.1559E-02 0.0000E+00
0.0000E+00 0.2205E-02 0.3720E-02 0.3227E-02 0.3696E-02 0.4143E-02 0.4243E-02 0.3255E-02 0.3396E-02 0.3347E-02 0.2759E-02 0.2322E-02 0.4458E-02 0.4233E-02 0.3080E-02 0.4730E-02 0.5144E-02 0.4504E-02 0.5560E-02 0.3924E-02 0.2961E-02 0.0000E+00
0.0000E+00 0.4300E-02 0.5271E-02 0.5727E-02 0.4277E-02 0.6052E-02 0.5969E-02 0.3772E-02 0.5619E-02 0.5982E-02 0.4854E-02 0.4784E-02 0.6674E-02 0.4798E-02 0.5298E-02 0.7219E-02 0.7764E-02 0.5592E-02 0.8475E-02 0.6114E-02 0.4214E-02 0.0000E+00
0.0000E+00 0.6521E-02 0.7766E-02 0.7795E-02 0.5015E-02 0.6782E-02 0.8605E-02 0.5015E-02 0.7390E-02 0.8453E-02 0.5931E-02 0.7129E-02 0.8727E-02 0.6956E-02 0.7779E-02 0.9840E-02 0.9570E-02 0.8518E-02 0.1138E-01 0.6337E-02 0.5615E-02 0.0000E+00
0.0000E+00 0.8725E-02 0.9970E-02 0.9791E-02 0.7227E-02 0.8796E-02 0.1051E-01 0.6333E-02 0.9318E-02 0.1091E-01 0.8560E-02 0.7583E-02 0.1009E-01 0.9164E-02 0.1012E-01 0.1230E-01 0.1136E-01 0.1113E-01 0.1412E-01 0.7443E-02 0.7390E-02 0.0000E+00
0.0000E+00 0.9173E-02 0.2320E-01 0.1094E-01 0.8329E-02 0.1032E-01 0.1197E-01 0.7078E-02 0.1027E-01 0.1096E-01 0.9492E-02 0.9339E-02 0.1077E-01 0.1109E-01 0.1273E-01 0.1475E-01 0.1367E-01 0.1374E-01 0.1637E-01 0.1007E-01 0.9599E-02 0.0000E+00
0.0000E+00 0.1122E-01 0.2411E-01 0.7276E-03 0.8919E-02 0.1095E-01 0.1229E-01 0.7754E-02 0.1135E-01 0.1229E-01 0.1045E-01 0.1082E-01 0.1128E-01 0.1298E-01 0.1453E-01 0.1688E-01 0.1583E-01 0.1649E-01 0.1805E-01 0.1226E-01 0.1111E-01 0.0000E+00
0.0000E+00 0.1248E-01 0.2412E-01 0.1422E-02 0.9211E-02 0.1109E-01 0.1237E-01 0.8186E-02 0.1240E-01 0.2559E-01 0.1122E-01 0.1100E-01 0.1206E-01 0.2689E-01 0.1683E-01 0.1886E-01 0.1792E-01 0.1907E-01 0.1898E-01 0.1360E-01 0.1124E-01 0.0000E+00
0.0000E+00 0.1333E-01 0.2415E-01 0.3084E-02 0.1064E-01 0.1128E-01 0.1265E-01 0.8730E-02 0.7122E-03 0.2559E-01 0.1138E-01 0.1123E-01 0.1446E-02 0.2953E-01 0.1926E-01 0.2083E-01 0.1935E-01 0.2165E-01 0.2080E-01 0.1590E-01 0.1259E-01 0.0000E+00
0.0000E+00 0.1507E-01 0.2670E-01 0.5864E-02 0.1311E-01 0.1158E-01 0.1278E-01 0.9092E-02 0.1412E-02 0.2559E-01 0.1155E-01 0.1140E-01 0.8499E-03 0.3087E-01 0.5103E-01 0.7363E-01 0.9535E-01 0.2438E-01 0.2188E-01 0.1835E-01 0.1448E-01 0.0000E+00
0.0000E+00 0.1538E-01 0.2873E-01 0.8684E-02 0.1337E-01 0.1282E-01 0.1395E-01 0.9553E-02 0.2699E-02 0.2557E-01 0.1192E-01 0.1298E-01 0.1820E-02 0.7240E-03 0.7034E-03 0.1314E-02 0.9904E-01 0.2700E-01 0.4937E-01 0.2049E-01 0.1651E-01 0.0000E+00
0.0000E+00 0.1737E-01 0.3082E-01 0.8687E-02 0.2461E-01 0.1426E-01 0.1639E-01 0.9899E-02 0.4477E-02 0.2553E-01 0.1423E-01 0.1514E-01 0.2520E-02 0.1411E-02 0.1383E-02 0.7406E-03 0.1003E+00 0.7455E-03 0.4930E-01 0.2237E-01 0.1757E-01 0.0000E+00
0.0000E+00 0.1739E-01 0.3064E-01 0.7313E-03 0.2459E-01 0.1539E-01 0.1900E-01 0.1250E-01 0.5800E-02 0.2686E-01 0.1476E-01 0.1789E-01 0.3917E-02 0.2981E-02 0.2041E-02 0.2077E-02 0.1023E+00 0.3112E-02 0.5132E-01 0.2360E-01 0.1885E-01 0.0000E+00
0.0000E+00 0.1947E-01 0.3045E-01 0.1431E-02 0.2454E-01 0.1555E-01 0.2143E-01 0.1260E-01 0.6456E-02 0.2763E-01 0.1512E-01 0.1848E-01 0.6231E-02 0.5204E-02 0.4541E-02 0.4441E-02 0.1032E+00 0.5372E-02 0.5192E-01 0.2388E-01 0.1954E-01 0.0000E+00
0.0000E+00 0.2020E-01 0.3123E-01 0.2698E-02 0.2452E-01 0.1834E-01 0.2207E-01 0.1517E-01 0.8937E-02 0.3034E-01 0.1696E-01 0.1986E-01 0.8800E-02 0.6555E-02 0.7023E-02 0.6193E-02 0.1041E+00 0.6661E-02 0.5998E-01 0.2628E-01 0.2165E-01 0.0000E+00
0.0000E+00 0.2262E-01 0.3401E-01 0.4058E-02 0.2468E-01 0.2091E-01 0.2248E-01 0.1776E-01 0.1141E-01 0.3275E-01 0.1940E-01 0.2244E-01 0.1141E-01 0.8889E-02 0.8929E-02 0.1529E-01 0.1067E+00 0.2648E-02 0.6389E-01 0.2854E-01 0.2440E-01 0.0000E+00
0.0000E+00 0.2554E-01 0.3528E-01 0.5609E-02 0.2462E-01 0.2076E-01 0.2425E-01 0.1927E-01 0.1401E-01 0.3531E-01 0.2183E-01 0.2518E-01 0.1386E-01 0.1108E-01 0.7888E-03 0.1803E-01 0.1094E+00 0.2647E-02 0.6822E-01 0.3128E-01 0.2651E-01 0.0000E+00
0.0000E+00 0.2805E-01 0.3799E-01 0.6042E-02 0.2456E-01 0.2067E-01 0.2652E-01 0.2154E-01 0.1616E-01 0.3746E-01 0.2410E-01 0.2568E-01 0.1624E-01 0.1340E-01 0.3157E-02 0.2063E-01 0.1118E+00 0.2940E-02 0.7336E-01 0.3151E-01 0.2642E-01 0.0000E+00
0.0000E+00 0.2992E-01 0.4089E-01 0.7903E-02 0.2462E-01 0.2203E-01 0.2943E-01 0.2205E-01 0.1643E-01 0.3923E-01 0.2684E-01 0.2706E-01 0.1666E-01 0.1567E-01 0.4702E-02 0.2176E-01 0.1112E+00 0.2647E-02 0.7804E-01 0.3419E-01 0.2894E-01 0.0000E+00
0.0000E+00 0.2970E-01 0.4358E-01 0.9652E-02 0.2455E-01 0.2344E-01 0.3183E-01 0.2423E-01 0.1884E-01 0.4212E-01 0.2958E-01 0.2930E-01 0.1665E-01 0.1753E-01 0.6698E-02 0.2424E-01 0.1105E+00 0.7525E-03 0.8149E-01 0.3676E-01 0.3129E-01 0.0000E+00
0.0000E+00 0.3074E-01 0.4636E-01 0.9919E-02 0.2448E-01 0.2634E-01 0.3340E-01 0.2578E-01 0.2048E-01 0.4502E-01 0.3186E-01 0.2940E-01 0.1665E-01 0.1753E-01 0.7007E-02 0.2416E-01 0.1099E+00 0.1522E-02 0.8589E-01 0.3880E-01 0.3243E-01 0.0000E+00
0.0000E+00 0.3063E-01 0.4820E-01 0.1048E-01 0.2492E-01 0.2915E-01 0.3341E-01 0.2836E-01 0.2304E-01 0.4765E-01 0.3441E-01 0.3208E-01 0.1719E-01 0.1809E-01 0.7374E-02 0.2408E-01 0.1093E+00 0.8100E-03 0.8765E-01 0.4169E-01 0.3497E-01 0.0000E+00
0.0000E+00 0.3183E-01 0.5107E-01 0.1295E-01 0.2598E-01 0.3205E-01 0.3574E-01 0.2983E-01 0.2517E-01 0.4903E-01 0.3485E-01 0.3431E-01 0.1802E-01 0.1922E-01 0.7768E-02 0.2404E-01 0.1087E+00 0.2578E-02 0.8712E-01 0.4378E-01 0.3719E-01 0.0000E+00
0.0000E+00 0.3262E-01 0.5376E-01 0.1543E-01 0.2794E-01 0.3361E-01 0.3756E-01 0.3059E-01 0.2564E-01 0.4960E-01 0.3465E-01 0.3421E-01 0.1830E-01 0.1925E-01 0.9803E-02 0.2397E-01 0.1082E+00 0.4631E-02 0.8951E-01 0.4402E-01 0.3878E-01 0.0000E+00
0.0000E+00 0.3485E-01 0.5435E-01 0.1760E-01 0.2795E-01 0.3364E-01 0.3827E-01 0.3045E-01 0.2574E-01 0.5139E-01 0.3453E-01 0.3401E-01 0.1842E-01 0.1953E-01 0.1095E-01 0.2475E-01 0.1106E+00 0.6849E-02 0.9219E-01 0.4684E-01 0.4148E-01 0.0000E+00
0.0000E+00 0.3563E-01 0.5594E-01 0.2002E-01 0.3080E-01 0.3518E-01 0.3934E-01 0.3127E-01 0.2844E-01 0.5222E-01 0.3464E-01 0.3431E-01 0.1869E-01 0.2055E-01 0.1205E-01 0.2499E-01 0.1112E+00 0.7471E-02 0.9465E-01 0.4936E-01 0.4283E-01 0.0000E+00
0.0000E+00 0.3832E-01 0.5879E-01 0.2149E-01 0.3228E-01 0.3616E-01 0.4060E-01 0.3259E-01 0.3071E-01 0.5470E-01 0.3698E-01 0.3426E-01 0.1915E-01 0.2209E-01 0.1396E-01 0.2755E-01 0.1140E+00 0.1010E-01 0.9619E-01 0.4911E-01 0.4344E-01 0.0000E+00
0.0000E+00 0.3828E-01 0.6073E-01 0.2372E-01 0.3390E-01 0.3742E-01 0.4197E-01 0.3390E-01 0.3266E-01 0.5687E-01 0.3915E-01 0.3402E-01 0.1986E-01 0.2423E-01 0.1586E-01 0.3004E-01 0.1166E+00 0.1287E-01 0.9900E-01 0.5018E-01 0.4593E-01 0.0000E+00
0.0000E+00 0.3802E-01 0.6270E-01 0.2633E-01 0.3449E-01 0.3734E-01 0.4367E-01 0.3645E-01 0.3459E-01 0.5698E-01 0.4137E-01 0.3396E-01 0.1999E-01 0.2434E-01 0.1691E-01 0.3066E-01 0.1179E+00 0.1370E-01 0.1006E+00 0.5200E-01 0.4631E-01 0.0000E+00
0.0000E+00 0.3820E-01 0.6536E-01 0.2860E-01 0.3701E-01 0.3934E-01 0.4538E-01 0.3815E-01 0.3635E-01 0.5734E-01 0.4134E-01 0.3569E-01 0.2022E-01 0.2497E-01 0.1835E-01 0.3053E-01 0.1171E+00 0.1377E-01 0.9988E-01 0.5416E-01 0.4785E-01 0.0000E+00
0.0000E+00 0.3846E-01 0.6821E-01 0.2911E-01 0.3918E-01 0.4157E-01 0.4792E-01 0.4087E-01 0.3768E-01 0.5963E-01 0.4198E-01 0.3809E-01 0.2278E-01 0.2573E-01 0.1993E-01 0.3040E-01 0.1164E+00 0.1388E-01 0.9915E-01 0.5378E-01 0.5002E-01 0.0000E+00
0.0000E+00 0.3974E-01 0.6893E-01 0.3166E-01 0.4184E-01 0.4396E-01 0.4750E-01 0.4246E-01 0.3942E-01 0.5973E-01 0.4367E-01 0.4049E-01 0.2553E-01 0.2682E-01 0.2039E-01 0.3174E-01 0.1156E+00 0.1402E-01 0.9893E-01 0.5452E-01 0.5230E-01 0.0000E+00
0.0000E+00 0.4058E-01 0.6956E-01 0.3340E-01 0.4437E-01 0.4361E-01 0.4705E-01 0.4214E-01 0.3934E-01 0.6046E-01 0.4406E-01 0.4321E-01 0.2617E-01 0.2909E-01 0.2150E-01 0.3265E-01 0.1161E+00 0.1603E-01 0.1014E+00 0.5516E-01 0.5482E-01 0.0000E+00
0.0000E+00 0.4138E-01 0.6965E-01 0.3450E-01 0.4691E-01 0.4532E-01 0.4985E-01 0.4206E-01 0.4005E-01 0.6046E-01 0.4402E-01 0.4610E-01 0.2706E-01 0.3059E-01 0.2175E-01 0.3440E-01 0.1165E+00 0.1880E-01 0.1008E+00 0.5798E-01 0.5767E-01 0.0000E+00
0.0000E+00 0.4255E-01 0.7082E-01 0.3436E-01 0.4883E-01 0.4770E-01 0.5257E-01 0.4297E-01 0.4017E-01 0.6269E-01 0.4607E-01 0.4683E-01 0.2841E-01 0.3128E-01 0.2279E-01 0.3679E-01 0.1185E+00 0.2153E-01 0.1019E+00 0.6035E-01 0.5756E-01 0.0000E+00
0.0000E+00 0.4251E-01 0.7052E-01 0.3429E-01 0.5000E-01 0.5008E-01 0.5505E-01 0.4519E-01 0.4032E-01 0.6478E-01 0.4845E-01 0.4815E-01 0.2900E-01 0.3233E-01 0.2349E-01 0.3933E-01 0.1201E+00 0.2431E-01 0.1043E+00 0.6066E-01 0.5882E-01 0.0000E+00
0.0000E+00 0.4231E-01 0.6985E-01 0.3430E-01 0.5215E-01 0.5127E-01 0.5501E-01 0.4759E-01 0.4147E-01 0.6675E-01 0.4827E-01 0.4933E-01 0.2916E-01 0.3218E-01 0.2346E-01 0.3903E-01 0.1225E+00 0.2638E-01 0.1040E+00 0.6226E-01 0.6035E-01 0.0000E+00
0.0000E+00 0.4211E-01 0.6921E-01 0.3423E-01 0.5398E-01 0.5361E-01 0.5701E-01 0.5049E-01 0.4417E-01 0.6960E-01 0.4927E-01 0.4906E-01 0.2988E-01 0.3238E-01 0.2342E-01 0.4145E-01 0.1244E+00 0.2859E-01 0.1044E+00 0.6453E-01 0.6148E-01 0.0000E+00
0.0000E+00 0.4211E-01 0.6909E-01 0.3420E-01 0.5346E-01 0.5412E-01 0.5919E-01 0.5288E-01 0.4657E-01 0.7172E-01 0.4930E-01 0.4876E-01 0.3106E-01 0.3459E-01 0.2365E-01 0.4385E-01 0.1264E+00 0.3053E-01 0.1037E+00 0.6579E-01 0.6282E-01 0.0000E+00
0.0000E+00 0.4203E-01 0.1028E+00 0.3413E-01 0.5310E-01 0.5397E-01 0.5971E-01 0.5433E-01 0.4846E-01 0.7330E-01 0.5070E-01 0.4944E-01 0.3216E-01 0.3733E-01 0.2359E-01 0.4350E-01 0.1276E+00 0.3225E-01 0.1029E+00 0.6518E-01 0.6222E-01 0.0000E+00
0.0000E+00 0.1438E+00 0.1023E+00 0.7681E-03 0.5282E-01 0.5379E-01 0.5974E-01 0.5599E-01 0.4978E-01 0.7503E-01 0.5358E-01 0.5001E-01 0.3456E-01 0.3766E-01 0.2350E-01 0.4307E-01 0.1267E+00 0.3213E-01 0.1022E+00 0.6450E-01 0.6157E-01 0.0000E+00
0.0000E+00 0.1432E+00 0.9004E-03 0.1561E-02 0.5249E-01 0.5343E-01 0.5935E-01 0.5625E-01 0.5122E-01 0.7675E-01 0.5647E-01 0.5250E-01 0.3730E-01 0.3757E-01 0.2344E-01 0.4272E-01 0.1257E+00 0.3193E-01 0.1019E+00 0.6504E-01 0.6190E-01 0.0000E+00
0.0000E+00 0.1430E+00 0.1608E-02 0.2327E-02 0.5231E-01 0.5301E-01 0.5914E-01 0.5720E-01 0.5290E-01 0.7865E-01 0.5900E-01 0.5496E-01 0.3953E-01 0.4006E-01 0.2338E-01 0.4237E-01 0.1247E+00 0.3368E-01 0.1028E+00 0.6773E-01 0.6466E-01 0.0000E+00
0.0000E+00 0.1428E+00 0.2408E-02 0.3154E-02 0.5232E-01 0.5309E-01 0.5949E-01 0.5836E-01 0.5475E-01 0.8054E-01 0.6169E-01 0.5767E-01 0.4243E-01 0.4152E-01 0.2331E-01 0.4203E-01 0.1238E+00 0.3380E-01 0.1033E+00 0.7059E-01 0.6734E-01 0.0000E+00
0.0000E+00 0.1427E+00 0.3350E-02 0.3738E-02 0.1044E+00 0.5266E-01 0.5898E-01 0.5902E-01 0.5728E-01 0.8259E-01 0.6184E-01 0.5998E-01 0.4531E-01 0.4322E-01 0.2359E-01 0.4174E-01 0.1228E+00 0.3360E-01 0.1037E+00 0.7343E-01 0.6673E-01 0.0000E+00
0.0000E+00 0.1434E+00 0.3976E-02 0.1071E+00 0.1039E+00 0.7157E-03 0.5845E-01 0.5854E-01 0.5981E-01 0.8430E-01 0.6347E-01 0.6179E-01 0.4819E-01 0.4461E-01 0.2450E-01 0.4294E-01 0.1230E+00 0.3391E-01 0.1038E+00 0.7607E-01 0.6934E-01 0.0000E+00
0.0000E+00 0.1444E+00 0.5807E-02 0.1086E+00 0.7419E-03 0.1405E-02 0.5795E-01 0.5807E-01 0.6191E-01 0.8651E-01 0.6610E-01 0.6269E-01 0.5071E-01 0.4583E-01 0.2630E-01 0.4269E-01 0.1238E+00 0.3476E-01 0.1031E+00 0.7738E-01 0.7129E-01 0.0000E+00
0.0000E+00 0.1450E+00 0.7351E-02 0.1081E+00 0.1437E-02 0.2071E-02 0.5746E-01 0.6018E-01 0.6388E-01 0.8873E-01 0.6795E-01 0.6283E-01 0.5303E-01 0.4769E-01 0.2711E-01 0.4262E-01 0.1258E+00 0.3519E-01 0.1027E+00 0.7789E-01 0.7117E-01 0.0000E+00
0.0000E+00 0.1460E+00 0.9696E-02 0.1108E+00 0.3941E-02 0.3572E-02 0.5721E-01 0.6231E-01 0.6581E-01 0.9072E-01 0.7042E-01 0.6315E-01 0.5476E-01 0.4905E-01 0.2708E-01 0.4263E-01 0.1276E+00 0.3720E-01 0.1027E+00 0.7831E-01 0.7140E-01 0.0000E+00
0.0000E+00 0.1470E+00 0.1069E-01 0.1128E+00 0.5881E-02 0.5058E-02 0.5965E-01 0.6448E-01 0.6706E-01 0.9253E-01 0.7270E-01 0.6405E-01 0.5584E-01 0.5036E-01 0.2699E-01 0.4281E-01 0.1291E+00 0.3960E-01 0.1045E+00 0.8087E-01 0.7381E-01 0.0000E+00
0.0000E+00 0.1482E+00 0.1282E-01 0.1148E+00 0.7542E-02 0.6610E-02 0.6050E-01 0.6587E-01 0.6863E-01 0.9180E-01 0.7534E-01 0.6583E-01 0.5709E-01 0.4989E-01 0.2692E-01 0.4355E-01 0.1301E+00 0.4150E-01 0.1068E+00 0.8293E-01 0.7618E-01 0.0000E+00
0.0000E+00 0.1492E+00 0.1450E-01 0.1161E+00 0.8833E-02 0.8141E-02 0.6161E-01 0.6716E-01 0.7019E-01 0.9367E-01 0.7723E-01 0.6743E-01 0.5869E-01 0.4988E-01 0.2771E-01 0.4434E-01 0.1307E+00 0.4277E-01 0.1071E+00 0.8534E-01 0.7844E-01 0.0000E+00
0.0000E+00 0.1484E+00 0.1453E-01 0.1183E+00 0.1075E-01 0.1034E-01 0.6370E-01 0.6927E-01 0.7175E-01 0.9359E-01 0.7874E-01 0.6929E-01 0.6063E-01 0.5215E-01 0.2985E-01 0.4539E-01 0.1301E+00 0.4448E-01 0.1065E+00 0.8659E-01 0.8025E-01 0.0000E+00
0.0000E+00 0.1476E+00 0.1457E-01 0.1193E+00 0.1280E-01 0.1282E-01 0.6603E-01 0.7194E-01 0.7366E-01 0.9531E-01 0.8042E-01 0.7177E-01 0.6222E-01 0.5468E-01 0.3225E-01 0.4692E-01 0.1299E+00 0.4489E-01 0.1057E+00 0.8640E-01 0.8058E-01 0.0000E+00
0.0000E+00 0.1468E+00 0.1462E-01 0.1220E+00 0.1484E-01 0.1507E-01 0.6852E-01 0.7441E-01 0.7331E-01 0.9712E-01 0.8239E-01 0.7388E-01 0.6449E-01 0.5736E-01 0.3433E-01 0.4861E-01 0.1297E+00 0.4575E-01 0.1050E+00 0.8778E-01 0.8273E-01 0.0000E+00
0.0000E+00 0.1460E+00 0.1623E-01 0.1243E+00 0.1686E-01 0.1723E-01 0.7101E-01 0.7634E-01 0.7375E-01 0.9872E-01 0.8354E-01 0.7527E-01 0.6581E-01 0.5815E-01 0.3655E-01 0.5005E-01 0.1302E+00 0.4644E-01 0.1069E+00 0.8869E-01 0.8281E-01 0.0000E+00
0.0000E+00 0.1465E+00 0.1819E-01 0.1264E+00 0.1901E-01 0.1928E-01 0.7330E-01 0.7824E-01 0.7431E-01 0.9973E-01 0.8500E-01 0.7698E-01 0.6631E-01 0.5751E-01 0.3700E-01 0.5156E-01 0.1315E+00 0.4744E-01 0.1087E+00 0.9067E-01 0.8370E-01 0.0000E+00
0.0000E+00 0.1471E+00 0.2045E-01 0.1288E+00 0.2146E-01 0.2157E-01 0.7422E-01 0.7907E-01 0.7531E-01 0.1004E+00 0.8703E-01 0.7960E-01 0.6561E-01 0.5691E-01 0.3666E-01 0.5213E-01 0.1328E+00 0.4861E-01 0.1109E+00 0.9288E-01 0.8454E-01 0.0000E+00
0.0000E+00 0.1464E+00 0.2294E-01 0.1303E+00 0.2360E-01 0.2356E-01 0.7451E-01 0.7936E-01 0.7584E-01 0.1004E+00 0.8763E-01 0.7942E-01 0.6488E-01 0.5629E-01 0.3631E-01 0.5180E-01 0.1318E+00 0.4960E-01 0.1123E+00 0.9371E-01 0.8519E-01 0.0000E+00
0.0000E+00 0.1455E+00 0.2818E+00 0.2568E+00 0.1258E+00 0.1002E+00 0.7496E-01 0.1568E+00 0.7663E-01 0.9989E-01 0.8809E-01 0.1463E+00 0.6540E-01 0.5560E-01 0.2165E+00 0.1810E+00 0.1305E+00 0.4906E-01 0.1112E+00 0.9355E-01 0.8535E-01 0.0000E+00
0.0000E+00 0.0000E+00 0.0000E+00 0.0000E+00 0.0000E+00 0.0000E+00 0.0000E+00 0.0000E+00 0.0000E+00 0.0000E+00 0.0000E+00 0.0000E+00 0.0000E+00 0.0000E+00 0.0000E+00 0.0000E+00 0.0000E+00 0.0000E+00 0.0000E+00 0.0000E+00 0.0000E+00 0.0000E+00
