p3_rainE_highsm_sedtr.asc
ncols     22
nrows     62
xllcorner      0.00000000
yllcorner      0.00000000
cellsize      0.50000000
nodata_value -9999
0.0000E+00 0.0000E+00 0.0000E+00 0.0000E+00 0.0000E+00 0.0000E+00 0.0000E+00 0.0000E+00 0.0000E+00 0.0000E+00 0.0000E+00 0.0000E+00 0.0000E+00 0.0000E+00 0.0000E+00 0.0000E+00 0.0000E+00 0.0000E+00 0.0000E+00 0.0000E+00 0.0000E+00 0.0000E+00
0.0000E+00 0.3042E-03 0.4343E-03 0.5352E-04 0.5530E-03 0.1938E-03 0.3503E-03 0.3118E-03 0.1627E-03 0.4261E-04 0.3684E-05 0.9552E-04 0.3830E-03 0.1729E-03 0.1881E-04 0.9476E-03 0.8827E-03 0.5600E-03 0.8100E-03 0.8457E-04 0.2618E-03 0.0000E+00
0.0000E+00 0.1083E-03 0.1033E-02 0.5732E-03 0.4248E-03 0.9338E-03 0.9079E-03 0.2262E-03 0.1157E-02 0.1077E-02 0.7400E-03 0.1092E-03 0.1738E-02 0.1008E-02 0.1360E-02 0.1794E-02 0.1971E-02 0.1084E-02 0.1773E-02 0.1155E-02 0.5773E-03 0.0000E+00
0.0000E+00 0.9957E-03 0.9241E-03 0.1987E-02 0.3578E-03 0.1742E-02 0.1558E-02 0.1276E-03 0.1188E-02 0.2003E-02 0.1867E-02 0.9174E-03 0.2710E-02 0.7065E-03 0.1543E-02 0.2305E-02 0.2434E-02 0.7648E-03 0.1676E-02 0.8266E-03 0.5027E-03 0.0000E+00
0.0000E+00 0.1694E-02 0.2432E-02 0.2854E-02 0.8172E-03 0.9259E-03 0.3434E-02 0.5741E-03 0.1866E-02 0.2544E-02 0.7382E-03 0.1261E-02 0.2399E-02 0.1768E-02 0.2461E-02 0.3050E-02 0.1941E-02 0.1467E-02 0.2265E-02 0.4901E-03 0.7485E-03 0.0000E+00
0.0000E+00 0.1654E-02 0.2392E-02 0.1819E-02 0.8864E-03 0.2015E-02 0.2170E-02 0.6547E-03 0.1950E-02 0.1802E-02 0.1723E-02 0.5648E-03 0.2870E-02 0.1621E-02 0.3705E-02 0.5149E-02 0.3026E-02 0.3878E-02 0.6353E-02 0.1279E-02 0.1667E-02 0.0000E+00
0.0000E+00 0.1044E-02 0.2767E-02 0.9841E-03 0.5209E-03 0.1353E-02 0.1674E-02 0.5207E-03 0.2061E-02 0.1305E-02 0.8718E-03 0.2334E-02 0.2764E-02 0.3545E-02 0.2499E-02 0.2681E-02 0.3319E-02 0.4085E-02 0.5756E-02 0.2071E-02 0.1719E-02 0.0000E+00
0.0000E+00 0.1624E-02 0.2339E-02 0.7208E-05 0.4323E-03 0.8292E-03 0.1260E-02 0.3712E-03 0.1393E-02 0.3257E-02 0.2095E-02 0.1973E-02 0.1801E-02 0.2181E-02 0.1976E-02 0.4379E-02 0.2715E-02 0.3621E-02 0.4720E-02 0.3363E-02 0.2264E-02 0.0000E+00
0.0000E+00 0.1630E-02 0.2218E-02 0.4182E-04 0.2923E-03 0.5897E-03 0.1106E-02 0.2806E-03 0.1102E-02 0.2463E-02 0.1570E-02 0.1072E-02 0.1375E-02 0.3093E-02 0.2970E-02 0.3316E-02 0.3126E-02 0.4369E-02 0.5498E-02 0.2833E-02 0.1583E-02 0.0000E+00
0.0000E+00 0.1103E-02 0.2081E-02 0.1150E-02 0.1586E-02 0.9623E-03 0.1807E-02 0.1956E-03 0.1711E-05 0.2232E-02 0.1005E-02 0.9946E-03 0.1447E-03 0.2800E-02 0.2168E-02 0.3652E-02 0.2306E-02 0.3918E-02 0.4553E-02 0.2994E-02 0.1646E-02 0.0000E+00
0.0000E+00 0.1453E-02 0.2815E-02 0.8470E-03 0.3233E-02 0.8911E-03 0.1232E-02 0.7035E-03 0.5718E-04 0.2193E-02 0.8058E-03 0.7629E-03 0.7873E-04 0.2553E-02 0.4383E-02 0.6805E-02 0.9175E-02 0.2909E-02 0.3501E-02 0.2786E-02 0.1376E-02 0.0000E+00
0.0000E+00 0.9976E-03 0.3495E-02 0.7076E-03 0.1113E-02 0.1322E-02 0.2115E-02 0.4733E-03 0.4069E-03 0.1985E-02 0.6286E-03 0.1533E-02 0.2876E-03 0.1444E-05 0.7510E-06 0.6721E-04 0.1031E-01 0.2599E-02 0.5853E-02 0.3437E-02 0.1434E-02 0.0000E+00
0.0000E+00 0.1655E-02 0.2478E-02 0.4597E-03 0.2605E-02 0.7538E-03 0.1752E-02 0.2833E-03 0.9326E-03 0.1788E-02 0.1138E-02 0.1134E-02 0.6953E-04 0.3173E-04 0.2083E-04 0.2171E-04 0.1253E-01 0.3198E-04 0.6335E-02 0.2993E-02 0.1149E-02 0.0000E+00
0.0000E+00 0.1014E-02 0.2231E-02 0.1012E-04 0.1618E-02 0.1064E-02 0.3255E-02 0.1318E-02 0.5555E-03 0.1953E-02 0.7818E-03 0.1049E-02 0.1944E-03 0.5878E-03 0.4876E-04 0.5375E-03 0.1146E-01 0.9641E-03 0.7877E-02 0.2682E-02 0.1626E-02 0.0000E+00
0.0000E+00 0.3644E-02 0.2143E-02 0.4492E-04 0.1412E-02 0.8967E-03 0.3719E-02 0.4768E-03 0.3634E-03 0.1750E-02 0.1159E-02 0.2120E-02 0.1008E-02 0.1402E-02 0.1356E-02 0.1092E-02 0.1010E-01 0.1165E-02 0.6054E-02 0.2620E-02 0.1748E-02 0.0000E+00
0.0000E+00 0.2296E-02 0.3311E-02 0.4139E-03 0.1426E-02 0.1931E-02 0.2176E-02 0.1271E-02 0.1331E-02 0.2308E-02 0.1673E-02 0.2772E-02 0.1319E-02 0.5452E-03 0.9654E-03 0.1260E-02 0.1020E-01 0.9841E-03 0.8311E-02 0.2923E-02 0.1388E-02 0.0000E+00
0.0000E+00 0.4259E-02 0.5315E-02 0.4186E-03 0.1160E-02 0.1130E-02 0.2493E-02 0.1941E-02 0.1484E-02 0.2528E-02 0.2095E-02 0.2923E-02 0.1632E-02 0.1031E-02 0.1517E-02 0.1499E-02 0.9621E-02 0.9852E-03 0.8536E-02 0.2649E-02 0.1975E-02 0.0000E+00
0.0000E+00 0.4634E-02 0.3720E-02 0.5610E-03 0.1030E-02 0.8301E-03 0.3184E-02 0.2591E-02 0.1587E-02 0.2917E-02 0.2479E-02 0.2575E-02 0.2492E-02 0.2683E-02 0.3960E-04 0.3408E-02 0.9678E-02 0.8946E-03 0.7846E-02 0.3248E-02 0.3135E-02 0.0000E+00
0.0000E+00 0.5305E-02 0.5936E-02 0.2698E-03 0.9352E-03 0.9750E-03 0.6480E-02 0.4075E-02 0.5126E-02 0.7983E-02 0.5248E-02 0.2009E-02 0.3235E-02 0.4069E-02 0.1262E-02 0.2469E-02 0.8705E-02 0.8705E-03 0.9838E-02 0.2288E-02 0.1452E-02 0.0000E+00
0.0000E+00 0.5012E-02 0.5487E-02 0.1243E-02 0.1083E-02 0.2836E-02 0.5528E-02 0.2737E-02 0.2563E-02 0.6582E-02 0.5703E-02 0.2084E-02 0.1878E-02 0.2918E-02 0.7709E-03 0.2425E-02 0.7910E-02 0.1221E-02 0.8318E-02 0.3371E-02 0.2926E-02 0.0000E+00
0.0000E+00 0.3300E-02 0.7283E-02 0.1600E-02 0.8709E-03 0.3119E-02 0.7347E-02 0.5452E-02 0.3870E-02 0.7471E-02 0.6913E-02 0.3020E-02 0.1538E-02 0.3272E-02 0.7191E-03 0.2620E-02 0.7477E-02 0.1693E-04 0.8314E-02 0.4052E-02 0.3640E-02 0.0000E+00
0.0000E+00 0.6110E-02 0.1233E-01 0.7721E-03 0.7149E-03 0.4152E-02 0.6779E-02 0.4196E-02 0.4516E-02 0.7702E-02 0.6706E-02 0.1981E-02 0.1326E-02 0.2117E-02 0.8021E-03 0.1949E-02 0.7261E-02 0.2100E-03 0.8551E-02 0.5671E-02 0.3953E-02 0.0000E+00
0.0000E+00 0.4149E-02 0.1220E-01 0.7509E-03 0.8529E-03 0.6038E-02 0.4555E-02 0.5147E-02 0.5954E-02 0.6483E-02 0.4765E-02 0.7521E-02 0.2797E-02 0.2592E-02 0.5278E-03 0.1990E-02 0.6830E-02 0.3970E-04 0.9633E-02 0.5665E-02 0.3928E-02 0.0000E+00
0.0000E+00 0.5339E-02 0.1186E-01 0.4298E-02 0.1043E-02 0.3776E-02 0.4878E-02 0.4610E-02 0.8459E-02 0.6896E-02 0.4323E-02 0.4812E-02 0.2470E-02 0.4496E-02 0.4176E-03 0.2143E-02 0.6542E-02 0.1754E-02 0.7385E-02 0.6883E-02 0.4320E-02 0.0000E+00
0.0000E+00 0.3791E-02 0.1093E-01 0.4676E-02 0.3174E-02 0.5337E-02 0.7158E-02 0.4407E-02 0.4714E-02 0.9669E-02 0.4107E-02 0.5017E-02 0.2138E-02 0.2588E-02 0.2169E-02 0.1715E-02 0.6186E-02 0.2116E-02 0.1069E-01 0.4339E-02 0.4327E-02 0.0000E+00
0.0000E+00 0.6129E-02 0.8550E-02 0.3491E-02 0.2092E-02 0.7972E-02 0.7537E-02 0.3935E-02 0.4856E-02 0.1401E-01 0.4857E-02 0.4048E-02 0.3458E-02 0.4216E-02 0.2661E-02 0.3560E-02 0.9004E-02 0.3288E-02 0.8687E-02 0.4078E-02 0.5115E-02 0.0000E+00
0.0000E+00 0.4523E-02 0.1284E-01 0.5848E-02 0.3193E-02 0.8985E-02 0.6700E-02 0.3489E-02 0.7648E-02 0.8499E-02 0.6390E-02 0.6833E-02 0.2913E-02 0.3871E-02 0.2475E-02 0.2239E-02 0.7752E-02 0.4414E-02 0.9704E-02 0.4943E-02 0.3359E-02 0.0000E+00
0.0000E+00 0.6355E-02 0.1331E-01 0.5250E-02 0.4957E-02 0.6815E-02 0.9262E-02 0.4056E-02 0.5813E-02 0.9739E-02 0.6063E-02 0.4514E-02 0.2349E-02 0.2951E-02 0.1930E-02 0.4076E-02 0.8163E-02 0.4367E-02 0.1052E-01 0.7279E-02 0.3480E-02 0.0000E+00
0.0000E+00 0.4295E-02 0.1339E-01 0.8558E-02 0.5220E-02 0.6126E-02 0.7761E-02 0.3487E-02 0.6600E-02 0.8693E-02 0.5266E-02 0.3789E-02 0.1919E-02 0.4505E-02 0.3082E-02 0.4923E-02 0.1043E-01 0.3695E-02 0.9920E-02 0.4988E-02 0.4029E-02 0.0000E+00
0.0000E+00 0.3977E-02 0.1507E-01 0.8805E-02 0.3440E-02 0.5222E-02 0.7060E-02 0.3888E-02 0.6213E-02 0.7358E-02 0.6112E-02 0.4416E-02 0.1633E-02 0.2908E-02 0.4006E-02 0.3321E-02 0.6861E-02 0.2548E-02 0.8121E-02 0.4426E-02 0.2856E-02 0.0000E+00
0.0000E+00 0.3614E-02 0.1339E-01 0.8570E-02 0.5126E-02 0.7925E-02 0.6363E-02 0.3372E-02 0.5207E-02 0.6835E-02 0.5638E-02 0.4578E-02 0.1375E-02 0.3156E-02 0.3473E-02 0.2567E-02 0.5952E-02 0.2148E-02 0.7097E-02 0.6424E-02 0.5941E-02 0.0000E+00
0.0000E+00 0.3358E-02 0.1357E-01 0.6024E-02 0.4776E-02 0.7211E-02 0.6339E-02 0.2686E-02 0.4462E-02 0.9279E-02 0.4552E-02 0.4900E-02 0.2591E-02 0.2617E-02 0.2810E-02 0.2202E-02 0.5703E-02 0.2207E-02 0.6764E-02 0.4058E-02 0.8039E-02 0.0000E+00
0.0000E+00 0.6286E-02 0.1512E-01 0.9908E-02 0.7197E-02 0.6201E-02 0.5015E-02 0.3803E-02 0.6308E-02 0.6686E-02 0.5920E-02 0.5958E-02 0.3351E-02 0.2304E-02 0.2355E-02 0.4214E-02 0.5311E-02 0.2011E-02 0.6956E-02 0.4169E-02 0.7431E-02 0.0000E+00
0.0000E+00 0.6451E-02 0.1386E-01 0.7701E-02 0.8515E-02 0.5163E-02 0.4654E-02 0.2668E-02 0.4289E-02 0.6356E-02 0.4210E-02 0.5522E-02 0.2464E-02 0.3223E-02 0.3337E-02 0.3651E-02 0.6539E-02 0.3693E-02 0.1123E-01 0.3843E-02 0.6674E-02 0.0000E+00
0.0000E+00 0.4889E-02 0.1113E-01 0.5840E-02 0.6992E-02 0.7928E-02 0.6232E-02 0.2437E-02 0.6084E-02 0.5939E-02 0.3907E-02 0.5517E-02 0.4886E-02 0.3660E-02 0.2442E-02 0.4377E-02 0.6566E-02 0.5223E-02 0.7246E-02 0.4733E-02 0.5634E-02 0.0000E+00
0.0000E+00 0.4261E-02 0.1066E-01 0.4978E-02 0.5579E-02 0.1037E-01 0.1140E-01 0.3714E-02 0.4275E-02 0.8354E-02 0.5586E-02 0.6876E-02 0.4489E-02 0.2623E-02 0.2433E-02 0.5336E-02 0.7029E-02 0.6167E-02 0.7349E-02 0.4811E-02 0.5028E-02 0.0000E+00
0.0000E+00 0.3868E-02 0.1054E-01 0.5621E-02 0.1084E-01 0.1251E-01 0.1152E-01 0.5469E-02 0.3984E-02 0.9202E-02 0.6685E-02 0.8001E-02 0.3732E-02 0.2430E-02 0.1970E-02 0.5875E-02 0.7180E-02 0.7877E-02 0.1085E-01 0.3999E-02 0.8454E-02 0.0000E+00
0.0000E+00 0.4594E-02 0.1107E-01 0.7300E-02 0.1356E-01 0.8699E-02 0.7181E-02 0.8083E-02 0.5898E-02 0.1014E-01 0.4420E-02 0.8937E-02 0.3919E-02 0.1870E-02 0.1729E-02 0.3776E-02 0.8991E-02 0.6726E-02 0.7322E-02 0.6232E-02 0.8493E-02 0.0000E+00
0.0000E+00 0.4154E-02 0.1257E-01 0.7029E-02 0.1083E-01 0.1096E-01 0.1018E-01 0.8304E-02 0.7203E-02 0.9994E-02 0.6622E-02 0.6912E-02 0.3959E-02 0.2390E-02 0.1565E-02 0.7501E-02 0.1015E-01 0.9777E-02 0.6895E-02 0.4502E-02 0.7161E-02 0.0000E+00
0.0000E+00 0.3321E-02 0.1002E-01 0.5125E-02 0.7126E-02 0.9317E-02 0.1052E-01 0.1114E-01 0.7244E-02 0.1215E-01 0.4988E-02 0.8259E-02 0.4391E-02 0.6119E-02 0.3571E-02 0.1140E-01 0.1030E-01 0.8393E-02 0.6162E-02 0.4496E-02 0.7082E-02 0.0000E+00
0.0000E+00 0.2671E-02 0.1253E-01 0.4274E-02 0.6369E-02 0.7722E-02 0.7600E-02 0.9412E-02 0.8476E-02 0.1237E-01 0.6222E-02 0.9194E-02 0.3380E-02 0.8226E-02 0.1845E-02 0.5837E-02 0.8809E-02 0.7000E-02 0.5785E-02 0.3558E-02 0.5654E-02 0.0000E+00
0.0000E+00 0.1289E-01 0.1157E-01 0.4143E-04 0.7029E-02 0.7640E-02 0.7841E-02 0.9061E-02 0.8563E-02 0.1238E-01 0.6733E-02 0.7821E-02 0.5210E-02 0.4364E-02 0.1350E-02 0.4749E-02 0.7242E-02 0.5870E-02 0.5499E-02 0.3298E-02 0.5162E-02 0.0000E+00
0.0000E+00 0.1229E-01 0.2591E-03 0.5424E-03 0.7384E-02 0.7633E-02 0.8109E-02 0.6924E-02 0.8228E-02 0.1204E-01 0.6904E-02 0.6892E-02 0.4525E-02 0.3639E-02 0.1095E-02 0.4468E-02 0.6928E-02 0.5262E-02 0.5528E-02 0.3926E-02 0.6019E-02 0.0000E+00
0.0000E+00 0.1393E-01 0.7666E-04 0.8738E-03 0.7835E-02 0.6293E-02 0.8321E-02 0.8251E-02 0.7643E-02 0.1174E-01 0.9210E-02 0.9394E-02 0.6266E-02 0.6033E-02 0.9343E-03 0.4085E-02 0.6546E-02 0.7631E-02 0.5590E-02 0.6855E-02 0.7497E-02 0.0000E+00
0.0000E+00 0.1235E-01 0.7650E-03 0.7122E-03 0.6407E-02 0.7508E-02 0.7344E-02 0.6549E-02 0.6762E-02 0.1031E-01 0.8562E-02 0.7541E-02 0.6779E-02 0.6207E-02 0.7483E-03 0.3695E-02 0.6364E-02 0.7169E-02 0.6163E-02 0.6576E-02 0.8213E-02 0.0000E+00
0.0000E+00 0.1051E-01 0.4189E-03 0.2395E-03 0.9581E-02 0.5046E-02 0.5901E-02 0.5778E-02 0.6285E-02 0.9298E-02 0.5332E-02 0.6217E-02 0.4747E-02 0.4923E-02 0.7593E-03 0.3309E-02 0.5962E-02 0.5235E-02 0.5912E-02 0.6277E-02 0.5375E-02 0.0000E+00
0.0000E+00 0.1004E-01 0.1677E-03 0.8175E-02 0.8794E-02 0.2522E-05 0.5075E-02 0.5026E-02 0.7401E-02 0.8603E-02 0.6733E-02 0.5893E-02 0.4940E-02 0.3909E-02 0.9769E-03 0.4089E-02 0.6560E-02 0.5991E-02 0.4557E-02 0.6537E-02 0.6677E-02 0.0000E+00
0.0000E+00 0.9207E-02 0.1220E-02 0.8515E-02 0.2397E-04 0.3159E-04 0.4553E-02 0.4459E-02 0.5507E-02 0.8170E-02 0.6337E-02 0.4538E-02 0.6919E-02 0.5277E-02 0.1583E-02 0.2946E-02 0.6316E-02 0.5423E-02 0.4065E-02 0.7088E-02 0.7332E-02 0.0000E+00
0.0000E+00 0.8709E-02 0.9487E-03 0.7276E-02 0.3436E-04 0.7592E-04 0.4131E-02 0.5304E-02 0.5873E-02 0.8816E-02 0.6116E-02 0.4035E-02 0.6195E-02 0.4537E-02 0.8843E-03 0.2664E-02 0.7211E-02 0.4800E-02 0.4748E-02 0.7735E-02 0.5673E-02 0.0000E+00
0.0000E+00 0.8427E-02 0.1753E-02 0.7811E-02 0.1553E-02 0.9511E-03 0.3726E-02 0.5824E-02 0.4490E-02 0.6417E-02 0.7371E-02 0.4028E-02 0.4319E-02 0.3534E-02 0.6753E-03 0.2609E-02 0.7127E-02 0.4919E-02 0.4597E-02 0.7554E-02 0.4855E-02 0.0000E+00
0.0000E+00 0.7546E-02 0.9478E-03 0.7773E-02 0.1567E-02 0.9266E-03 0.4473E-02 0.6204E-02 0.4940E-02 0.6891E-02 0.6081E-02 0.3651E-02 0.3807E-02 0.2812E-02 0.4606E-03 0.2106E-02 0.6557E-02 0.5745E-02 0.5105E-02 0.6951E-02 0.7368E-02 0.0000E+00
0.0000E+00 0.6421E-02 0.1699E-02 0.7950E-02 0.1507E-02 0.6566E-03 0.4260E-02 0.4906E-02 0.4672E-02 0.5288E-02 0.6032E-02 0.3867E-02 0.5451E-02 0.2618E-02 0.1308E-02 0.2652E-02 0.5851E-02 0.4464E-02 0.4360E-02 0.6035E-02 0.8202E-02 0.0000E+00
0.0000E+00 0.6094E-02 0.1118E-02 0.7123E-02 0.1440E-02 0.1077E-02 0.3840E-02 0.5159E-02 0.3760E-02 0.7337E-02 0.6612E-02 0.3128E-02 0.6649E-02 0.4177E-02 0.8127E-03 0.2387E-02 0.5424E-02 0.3603E-02 0.3597E-02 0.5244E-02 0.5853E-02 0.0000E+00
0.0000E+00 0.5023E-02 0.8235E-03 0.6833E-02 0.2241E-02 0.2022E-02 0.5522E-02 0.4991E-02 0.3460E-02 0.5060E-02 0.5723E-02 0.2885E-02 0.5785E-02 0.4866E-02 0.1903E-02 0.2619E-02 0.5002E-02 0.5074E-02 0.4014E-02 0.6741E-02 0.7391E-02 0.0000E+00
0.0000E+00 0.4576E-02 0.7913E-03 0.7518E-02 0.2513E-02 0.2436E-02 0.5106E-02 0.5854E-02 0.3953E-02 0.7099E-02 0.5253E-02 0.4741E-02 0.5012E-02 0.4762E-02 0.2302E-02 0.2696E-02 0.5231E-02 0.5422E-02 0.4346E-02 0.6307E-02 0.7871E-02 0.0000E+00
0.0000E+00 0.4049E-02 0.7054E-03 0.8269E-02 0.3607E-02 0.2627E-02 0.6250E-02 0.5627E-02 0.2969E-02 0.8442E-02 0.5882E-02 0.4058E-02 0.4307E-02 0.4130E-02 0.2572E-02 0.2823E-02 0.4658E-02 0.5972E-02 0.3683E-02 0.5956E-02 0.5399E-02 0.0000E+00
0.0000E+00 0.3656E-02 0.1504E-02 0.1037E-01 0.3758E-02 0.3337E-02 0.6776E-02 0.9738E-02 0.3377E-02 0.7891E-02 0.5314E-02 0.3823E-02 0.3817E-02 0.3395E-02 0.2835E-02 0.1960E-02 0.4769E-02 0.4733E-02 0.3497E-02 0.5479E-02 0.6323E-02 0.0000E+00
0.0000E+00 0.4177E-02 0.3738E-02 0.1072E-01 0.4442E-02 0.4761E-02 0.6727E-02 0.7943E-02 0.4066E-02 0.6582E-02 0.4466E-02 0.3886E-02 0.3488E-02 0.2929E-02 0.1625E-02 0.1795E-02 0.3874E-02 0.4209E-02 0.3507E-02 0.4945E-02 0.6432E-02 0.0000E+00
0.0000E+00 0.4404E-02 0.3004E-02 0.1053E-01 0.5586E-02 0.5551E-02 0.5536E-02 0.7170E-02 0.4114E-02 0.6480E-02 0.5255E-02 0.4057E-02 0.3052E-02 0.2991E-02 0.1440E-02 0.1830E-02 0.3347E-02 0.3482E-02 0.3812E-02 0.4747E-02 0.5167E-02 0.0000E+00
0.0000E+00 0.3312E-02 0.5773E-02 0.1048E-01 0.5274E-02 0.7136E-02 0.6179E-02 0.8635E-02 0.3590E-02 0.6835E-02 0.5955E-02 0.2747E-02 0.2700E-02 0.2619E-02 0.1270E-02 0.1387E-02 0.2848E-02 0.2937E-02 0.2657E-02 0.3552E-02 0.4197E-02 0.0000E+00
0.0000E+00 0.2626E-02 0.1901E-01 0.1764E-01 0.1074E-01 0.8187E-02 0.5004E-02 0.8218E-02 0.2839E-02 0.4834E-02 0.3480E-02 0.3957E-02 0.2084E-02 0.1996E-02 0.3995E-02 0.3272E-02 0.2421E-02 0.2166E-02 0.2232E-02 0.3005E-02 0.3385E-02 0.0000E+00
0.0000E+00 0.0000E+00 0.0000E+00 0.0000E+00 0.0000E+00 0.0000E+00 0.0000E+00 0.0000E+00 0.0000E+00 0.0000E+00 0.0000E+00 0.0000E+00 0.0000E+00 0.0000E+00 0.0000E+00 0.0000E+00 0.0000E+00 0.0000E+00 0.0000E+00 0.0000E+00 0.0000E+00 0.0000E+00
