p3_rainC_medsm_sedtr.asc
ncols     22
nrows     62
xllcorner      0.00000000
yllcorner      0.00000000
cellsize      0.50000000
nodata_value -9999
0.0000E+00 0.0000E+00 0.0000E+00 0.0000E+00 0.0000E+00 0.0000E+00 0.0000E+00 0.0000E+00 0.0000E+00 0.0000E+00 0.0000E+00 0.0000E+00 0.0000E+00 0.0000E+00 0.0000E+00 0.0000E+00 0.0000E+00 0.0000E+00 0.0000E+00 0.0000E+00 0.0000E+00 0.0000E+00
0.0000E+00 0.3154E-01 0.3005E-01 0.9634E-02 0.3231E-01 0.1870E-01 0.2503E-01 0.2265E-01 0.1868E-01 0.1139E-01 0.2015E-02 0.1435E-01 0.2718E-01 0.1516E-01 0.4816E-02 0.4886E-01 0.4559E-01 0.3354E-01 0.4160E-01 0.1125E-01 0.2718E-01 0.0000E+00
0.0000E+00 0.2311E-01 0.6030E-01 0.4118E-01 0.2773E-01 0.5328E-01 0.4883E-01 0.1885E-01 0.6110E-01 0.5759E-01 0.4342E-01 0.1564E-01 0.7433E-01 0.4979E-01 0.6373E-01 0.7938E-01 0.8016E-01 0.5428E-01 0.7317E-01 0.5998E-01 0.4801E-01 0.0000E+00
0.0000E+00 0.6350E-01 0.6092E-01 0.8535E-01 0.2848E-01 0.7972E-01 0.7092E-01 0.1316E-01 0.7631E-01 0.8713E-01 0.8655E-01 0.5698E-01 0.1059E+00 0.3663E-01 0.7873E-01 0.9742E-01 0.9769E-01 0.4432E-01 0.7484E-01 0.5658E-01 0.5635E-01 0.0000E+00
0.0000E+00 0.8947E-01 0.1027E+00 0.1148E+00 0.7066E-01 0.6064E-01 0.1201E+00 0.4228E-01 0.9872E-01 0.1048E+00 0.5030E-01 0.7496E-01 0.1076E+00 0.8189E-01 0.1021E+00 0.1157E+00 0.8559E-01 0.5359E-01 0.8037E-01 0.3054E-01 0.7154E-01 0.0000E+00
0.0000E+00 0.9491E-01 0.1126E+00 0.9767E-01 0.8059E-01 0.9531E-01 0.1118E+00 0.6860E-01 0.1094E+00 0.9390E-01 0.8402E-01 0.4053E-01 0.1261E+00 0.9670E-01 0.1329E+00 0.1518E+00 0.1036E+00 0.1167E+00 0.1484E+00 0.5296E-01 0.9317E-01 0.0000E+00
0.0000E+00 0.6549E-01 0.1254E+00 0.5017E-01 0.6732E-01 0.9392E-01 0.1005E+00 0.7343E-01 0.1224E+00 0.5627E-01 0.5592E-01 0.9542E-01 0.1377E+00 0.1397E+00 0.1209E+00 0.1207E+00 0.1258E+00 0.1411E+00 0.1626E+00 0.9896E-01 0.1099E+00 0.0000E+00
0.0000E+00 0.9395E-01 0.9682E-01 0.2725E-02 0.6562E-01 0.6336E-01 0.6344E-01 0.5904E-01 0.1058E+00 0.1120E+00 0.1009E+00 0.1135E+00 0.9847E-01 0.1281E+00 0.1031E+00 0.1417E+00 0.1244E+00 0.1434E+00 0.1492E+00 0.1376E+00 0.1293E+00 0.0000E+00
0.0000E+00 0.9939E-01 0.8355E-01 0.8635E-02 0.5326E-01 0.4377E-01 0.5042E-01 0.5915E-01 0.8614E-01 0.1168E+00 0.1150E+00 0.6364E-01 0.8199E-01 0.1549E+00 0.1207E+00 0.1347E+00 0.1342E+00 0.1557E+00 0.1689E+00 0.1387E+00 0.1185E+00 0.0000E+00
0.0000E+00 0.7721E-01 0.7834E-01 0.6561E-01 0.1065E+00 0.8381E-01 0.1050E+00 0.5587E-01 0.1344E-02 0.9459E-01 0.6149E-01 0.7184E-01 0.1968E-01 0.1261E+00 0.1118E+00 0.1412E+00 0.1132E+00 0.1542E+00 0.1652E+00 0.1502E+00 0.1342E+00 0.0000E+00
0.0000E+00 0.9897E-01 0.1192E+00 0.6638E-01 0.1530E+00 0.8952E-01 0.7000E-01 0.9364E-01 0.8379E-02 0.9043E-01 0.4383E-01 0.4206E-01 0.1687E-01 0.1138E+00 0.1708E+00 0.2347E+00 0.2942E+00 0.1333E+00 0.1281E+00 0.1497E+00 0.1285E+00 0.0000E+00
0.0000E+00 0.6143E-01 0.1456E+00 0.5882E-01 0.7803E-01 0.1144E+00 0.1297E+00 0.9591E-01 0.4500E-01 0.8740E-01 0.3525E-01 0.8317E-01 0.4001E-01 0.1254E-02 0.1058E-02 0.1022E-01 0.2939E+00 0.1204E+00 0.1880E+00 0.1596E+00 0.1261E+00 0.0000E+00
0.0000E+00 0.9715E-01 0.1261E+00 0.2947E-01 0.1148E+00 0.9041E-01 0.1282E+00 0.5812E-01 0.7107E-01 0.8486E-01 0.7332E-01 0.8021E-01 0.1865E-01 0.5953E-02 0.4864E-02 0.4818E-02 0.3136E+00 0.5629E-02 0.1765E+00 0.1561E+00 0.1088E+00 0.0000E+00
0.0000E+00 0.5622E-01 0.8869E-01 0.3058E-02 0.7813E-01 0.9130E-01 0.1533E+00 0.8646E-01 0.5485E-01 0.1128E+00 0.6312E-01 0.7513E-01 0.2715E-01 0.3957E-01 0.8955E-02 0.4887E-01 0.3181E+00 0.5374E-01 0.2055E+00 0.1490E+00 0.1257E+00 0.0000E+00
0.0000E+00 0.1409E+00 0.7734E-01 0.7769E-02 0.6903E-01 0.1071E+00 0.1624E+00 0.4852E-01 0.3339E-01 0.1126E+00 0.8943E-01 0.9811E-01 0.6646E-01 0.7859E-01 0.7115E-01 0.7146E-01 0.2993E+00 0.6598E-01 0.1762E+00 0.1471E+00 0.1405E+00 0.0000E+00
0.0000E+00 0.1176E+00 0.1165E+00 0.3206E-01 0.6850E-01 0.1299E+00 0.1149E+00 0.8122E-01 0.7862E-01 0.1456E+00 0.1179E+00 0.1304E+00 0.8083E-01 0.4680E-01 0.6894E-01 0.8223E-01 0.3079E+00 0.5983E-01 0.2303E+00 0.1601E+00 0.1310E+00 0.0000E+00
0.0000E+00 0.1741E+00 0.1924E+00 0.4043E-01 0.6480E-01 0.1021E+00 0.1269E+00 0.1001E+00 0.9035E-01 0.1559E+00 0.1296E+00 0.1422E+00 0.8940E-01 0.6793E-01 0.8395E-01 0.8209E-01 0.3113E+00 0.4828E-01 0.2459E+00 0.1598E+00 0.1340E+00 0.0000E+00
0.0000E+00 0.1806E+00 0.1729E+00 0.5068E-01 0.6223E-01 0.6383E-01 0.1464E+00 0.1110E+00 0.9300E-01 0.1626E+00 0.1352E+00 0.1371E+00 0.1071E+00 0.1114E+00 0.8356E-02 0.1175E+00 0.3206E+00 0.4536E-01 0.2373E+00 0.1676E+00 0.1508E+00 0.0000E+00
0.0000E+00 0.1989E+00 0.2196E+00 0.2774E-01 0.6189E-01 0.5936E-01 0.2047E+00 0.1463E+00 0.1513E+00 0.2371E+00 0.1780E+00 0.9679E-01 0.1241E+00 0.1480E+00 0.6358E-01 0.1092E+00 0.3089E+00 0.1734E-01 0.2551E+00 0.1187E+00 0.9175E-01 0.0000E+00
0.0000E+00 0.1937E+00 0.2206E+00 0.6892E-01 0.7212E-01 0.1166E+00 0.2043E+00 0.1120E+00 0.9967E-01 0.2341E+00 0.1947E+00 0.9964E-01 0.8741E-01 0.1390E+00 0.5521E-01 0.9682E-01 0.2654E+00 0.5452E-01 0.2503E+00 0.1413E+00 0.1264E+00 0.0000E+00
0.0000E+00 0.1211E+00 0.2417E+00 0.8807E-01 0.6977E-01 0.1416E+00 0.2319E+00 0.1710E+00 0.1400E+00 0.2411E+00 0.2134E+00 0.1273E+00 0.5964E-01 0.1479E+00 0.5708E-01 0.1139E+00 0.2470E+00 0.4169E-02 0.2400E+00 0.1544E+00 0.1460E+00 0.0000E+00
0.0000E+00 0.1711E+00 0.3044E+00 0.5522E-01 0.6614E-01 0.1544E+00 0.2151E+00 0.1569E+00 0.1498E+00 0.2437E+00 0.2122E+00 0.8412E-01 0.5093E-01 0.9173E-01 0.5366E-01 0.7252E-01 0.2391E+00 0.1916E-01 0.2513E+00 0.1839E+00 0.1619E+00 0.0000E+00
0.0000E+00 0.1270E+00 0.3183E+00 0.5094E-01 0.8072E-01 0.2118E+00 0.1456E+00 0.1831E+00 0.1890E+00 0.2342E+00 0.1819E+00 0.1900E+00 0.9279E-01 0.8903E-01 0.3575E-01 0.6685E-01 0.2325E+00 0.7407E-02 0.2572E+00 0.1852E+00 0.1668E+00 0.0000E+00
0.0000E+00 0.1565E+00 0.3190E+00 0.1538E+00 0.1025E+00 0.1937E+00 0.1607E+00 0.1897E+00 0.2355E+00 0.2366E+00 0.1521E+00 0.1843E+00 0.1153E+00 0.1601E+00 0.3089E-01 0.6885E-01 0.2298E+00 0.6703E-01 0.2076E+00 0.2079E+00 0.1747E+00 0.0000E+00
0.0000E+00 0.1260E+00 0.3168E+00 0.1900E+00 0.1804E+00 0.2093E+00 0.1920E+00 0.1759E+00 0.1670E+00 0.2634E+00 0.1292E+00 0.2022E+00 0.1376E+00 0.9897E-01 0.1047E+00 0.6457E-01 0.2297E+00 0.8936E-01 0.2482E+00 0.1506E+00 0.1691E+00 0.0000E+00
0.0000E+00 0.1911E+00 0.2523E+00 0.1729E+00 0.1621E+00 0.2460E+00 0.2035E+00 0.1587E+00 0.1594E+00 0.3347E+00 0.1403E+00 0.1559E+00 0.2039E+00 0.1706E+00 0.1408E+00 0.1604E+00 0.3304E+00 0.1205E+00 0.2415E+00 0.1470E+00 0.1870E+00 0.0000E+00
0.0000E+00 0.1633E+00 0.2890E+00 0.2049E+00 0.1742E+00 0.2803E+00 0.2207E+00 0.1530E+00 0.2215E+00 0.2777E+00 0.1958E+00 0.2370E+00 0.2157E+00 0.1978E+00 0.1657E+00 0.1251E+00 0.3343E+00 0.1558E+00 0.2534E+00 0.1603E+00 0.1504E+00 0.0000E+00
0.0000E+00 0.2124E+00 0.2912E+00 0.1908E+00 0.2294E+00 0.2562E+00 0.2732E+00 0.1909E+00 0.2198E+00 0.3059E+00 0.2233E+00 0.1851E+00 0.2130E+00 0.1716E+00 0.1592E+00 0.1877E+00 0.3423E+00 0.1695E+00 0.2647E+00 0.1890E+00 0.1341E+00 0.0000E+00
0.0000E+00 0.1583E+00 0.3030E+00 0.2369E+00 0.2529E+00 0.2534E+00 0.2781E+00 0.1819E+00 0.2356E+00 0.3045E+00 0.2139E+00 0.1373E+00 0.2063E+00 0.2049E+00 0.1784E+00 0.2171E+00 0.3969E+00 0.1648E+00 0.2651E+00 0.1841E+00 0.1539E+00 0.0000E+00
0.0000E+00 0.1202E+00 0.3240E+00 0.2612E+00 0.1979E+00 0.1829E+00 0.2756E+00 0.2012E+00 0.2386E+00 0.2396E+00 0.2325E+00 0.1974E+00 0.1689E+00 0.1609E+00 0.2043E+00 0.1681E+00 0.3495E+00 0.1039E+00 0.2431E+00 0.1820E+00 0.1179E+00 0.0000E+00
0.0000E+00 0.1137E+00 0.3287E+00 0.2692E+00 0.2346E+00 0.2388E+00 0.2597E+00 0.1923E+00 0.2284E+00 0.2077E+00 0.2388E+00 0.2210E+00 0.1481E+00 0.1889E+00 0.2067E+00 0.1201E+00 0.2938E+00 0.7688E-01 0.1896E+00 0.2142E+00 0.1663E+00 0.0000E+00
0.0000E+00 0.1120E+00 0.3294E+00 0.1972E+00 0.2286E+00 0.2488E+00 0.2524E+00 0.1668E+00 0.1973E+00 0.2557E+00 0.1886E+00 0.2260E+00 0.1746E+00 0.1879E+00 0.1924E+00 0.9939E-01 0.2712E+00 0.7146E-01 0.1687E+00 0.1401E+00 0.2228E+00 0.0000E+00
0.0000E+00 0.2159E+00 0.3552E+00 0.2461E+00 0.2647E+00 0.2383E+00 0.1699E+00 0.1619E+00 0.2194E+00 0.1993E+00 0.2216E+00 0.2355E+00 0.1809E+00 0.1813E+00 0.1504E+00 0.1669E+00 0.2581E+00 0.6606E-01 0.1670E+00 0.1339E+00 0.2371E+00 0.0000E+00
0.0000E+00 0.2710E+00 0.3596E+00 0.2251E+00 0.2880E+00 0.1644E+00 0.1432E+00 0.1235E+00 0.1616E+00 0.1923E+00 0.1669E+00 0.2211E+00 0.1510E+00 0.1959E+00 0.1819E+00 0.1881E+00 0.3207E+00 0.1313E+00 0.2556E+00 0.1276E+00 0.2392E+00 0.0000E+00
0.0000E+00 0.2635E+00 0.2833E+00 0.1813E+00 0.2787E+00 0.2016E+00 0.1538E+00 0.1108E+00 0.1938E+00 0.1785E+00 0.1418E+00 0.2172E+00 0.1960E+00 0.1914E+00 0.1571E+00 0.2238E+00 0.3514E+00 0.1887E+00 0.1949E+00 0.1346E+00 0.2143E+00 0.0000E+00
0.0000E+00 0.2512E+00 0.2797E+00 0.1443E+00 0.2431E+00 0.2637E+00 0.2595E+00 0.1422E+00 0.1557E+00 0.2480E+00 0.1859E+00 0.2134E+00 0.2071E+00 0.1740E+00 0.1743E+00 0.2497E+00 0.3949E+00 0.2165E+00 0.2102E+00 0.1595E+00 0.1488E+00 0.0000E+00
0.0000E+00 0.2318E+00 0.2871E+00 0.1520E+00 0.2985E+00 0.3141E+00 0.3029E+00 0.1981E+00 0.1461E+00 0.2932E+00 0.2267E+00 0.2340E+00 0.2018E+00 0.1706E+00 0.1448E+00 0.2610E+00 0.4091E+00 0.2478E+00 0.2880E+00 0.1410E+00 0.1852E+00 0.0000E+00
0.0000E+00 0.2663E+00 0.3131E+00 0.1954E+00 0.3449E+00 0.2652E+00 0.2246E+00 0.2634E+00 0.2022E+00 0.3267E+00 0.1652E+00 0.2557E+00 0.1997E+00 0.1237E+00 0.1131E+00 0.1743E+00 0.4469E+00 0.2372E+00 0.2254E+00 0.1884E+00 0.1947E+00 0.0000E+00
0.0000E+00 0.2956E+00 0.3659E+00 0.2246E+00 0.3341E+00 0.2987E+00 0.2747E+00 0.2703E+00 0.2540E+00 0.3300E+00 0.2257E+00 0.2226E+00 0.2289E+00 0.1316E+00 0.1091E+00 0.2407E+00 0.4756E+00 0.2689E+00 0.2324E+00 0.1828E+00 0.1878E+00 0.0000E+00
0.0000E+00 0.2836E+00 0.3459E+00 0.1917E+00 0.2229E+00 0.2942E+00 0.2957E+00 0.3166E+00 0.2733E+00 0.3595E+00 0.1872E+00 0.2483E+00 0.2579E+00 0.2313E+00 0.2109E+00 0.3105E+00 0.4875E+00 0.2636E+00 0.1877E+00 0.1898E+00 0.1972E+00 0.0000E+00
0.0000E+00 0.2328E+00 0.4010E+00 0.1683E+00 0.2084E+00 0.2467E+00 0.2357E+00 0.3093E+00 0.2966E+00 0.3752E+00 0.2178E+00 0.2936E+00 0.2206E+00 0.2898E+00 0.1384E+00 0.2052E+00 0.4632E+00 0.2455E+00 0.1666E+00 0.1245E+00 0.1263E+00 0.0000E+00
0.0000E+00 0.4821E+00 0.3591E+00 0.1030E-01 0.2292E+00 0.2487E+00 0.2470E+00 0.3173E+00 0.3010E+00 0.3835E+00 0.2250E+00 0.2964E+00 0.2543E+00 0.2054E+00 0.1015E+00 0.1463E+00 0.3762E+00 0.1780E+00 0.1571E+00 0.9994E-01 0.1020E+00 0.0000E+00
0.0000E+00 0.4405E+00 0.3448E-01 0.5953E-01 0.2613E+00 0.2695E+00 0.2665E+00 0.2689E+00 0.3066E+00 0.3849E+00 0.2295E+00 0.2735E+00 0.2434E+00 0.1501E+00 0.9162E-01 0.1310E+00 0.3328E+00 0.1469E+00 0.1845E+00 0.1134E+00 0.1246E+00 0.0000E+00
0.0000E+00 0.4652E+00 0.1886E-01 0.9419E-01 0.3058E+00 0.1945E+00 0.2933E+00 0.2823E+00 0.3010E+00 0.3830E+00 0.2713E+00 0.2959E+00 0.2564E+00 0.2107E+00 0.8764E-01 0.1230E+00 0.3037E+00 0.2021E+00 0.2158E+00 0.1964E+00 0.1870E+00 0.0000E+00
0.0000E+00 0.4582E+00 0.7647E-01 0.1060E+00 0.3019E+00 0.2567E+00 0.2956E+00 0.2636E+00 0.2843E+00 0.3624E+00 0.2775E+00 0.2767E+00 0.2578E+00 0.2126E+00 0.8455E-01 0.1179E+00 0.2889E+00 0.2072E+00 0.2728E+00 0.2008E+00 0.2226E+00 0.0000E+00
0.0000E+00 0.4241E+00 0.7686E-01 0.5191E-01 0.3357E+00 0.1709E+00 0.2013E+00 0.2235E+00 0.2691E+00 0.3335E+00 0.1936E+00 0.2505E+00 0.2208E+00 0.2132E+00 0.1071E+00 0.1148E+00 0.2746E+00 0.1487E+00 0.3028E+00 0.2021E+00 0.1392E+00 0.0000E+00
0.0000E+00 0.4136E+00 0.3779E-01 0.3090E+00 0.2991E+00 0.1678E-02 0.1574E+00 0.1718E+00 0.2732E+00 0.3010E+00 0.2053E+00 0.2352E+00 0.2175E+00 0.1918E+00 0.1491E+00 0.1969E+00 0.3281E+00 0.2047E+00 0.2507E+00 0.2107E+00 0.1728E+00 0.0000E+00
0.0000E+00 0.4045E+00 0.8447E-01 0.3190E+00 0.4887E-02 0.6263E-02 0.1405E+00 0.1499E+00 0.2445E+00 0.2872E+00 0.2039E+00 0.2056E+00 0.2194E+00 0.2144E+00 0.1749E+00 0.1451E+00 0.3651E+00 0.2278E+00 0.2006E+00 0.2222E+00 0.1956E+00 0.0000E+00
0.0000E+00 0.4008E+00 0.7302E-01 0.2972E+00 0.7573E-02 0.1151E-01 0.1312E+00 0.1970E+00 0.2391E+00 0.2876E+00 0.1976E+00 0.1858E+00 0.2054E+00 0.2113E+00 0.1383E+00 0.1480E+00 0.4010E+00 0.2080E+00 0.2644E+00 0.2344E+00 0.1599E+00 0.0000E+00
0.0000E+00 0.4029E+00 0.9939E-01 0.2988E+00 0.7390E-01 0.7043E-01 0.1265E+00 0.2251E+00 0.2113E+00 0.2459E+00 0.2145E+00 0.1789E+00 0.1766E+00 0.1850E+00 0.1155E+00 0.1826E+00 0.4108E+00 0.2209E+00 0.2971E+00 0.2455E+00 0.1264E+00 0.0000E+00
0.0000E+00 0.3958E+00 0.7209E-01 0.3291E+00 0.8871E-01 0.8415E-01 0.1850E+00 0.2422E+00 0.2076E+00 0.2405E+00 0.2039E+00 0.1788E+00 0.1603E+00 0.1390E+00 0.1014E+00 0.1610E+00 0.4023E+00 0.2393E+00 0.3155E+00 0.2427E+00 0.1848E+00 0.0000E+00
0.0000E+00 0.3762E+00 0.9653E-01 0.3485E+00 0.9359E-01 0.7351E-01 0.2020E+00 0.2215E+00 0.2037E+00 0.2019E+00 0.2004E+00 0.1878E+00 0.1731E+00 0.1099E+00 0.1725E+00 0.2058E+00 0.3835E+00 0.2158E+00 0.2917E+00 0.2205E+00 0.2182E+00 0.0000E+00
0.0000E+00 0.3721E+00 0.8094E-01 0.3343E+00 0.8637E-01 0.8823E-01 0.1847E+00 0.2067E+00 0.1924E+00 0.2338E+00 0.2067E+00 0.1684E+00 0.1948E+00 0.1565E+00 0.1644E+00 0.2164E+00 0.3683E+00 0.1762E+00 0.2454E+00 0.1910E+00 0.1915E+00 0.0000E+00
0.0000E+00 0.3317E+00 0.4814E-01 0.3353E+00 0.1151E+00 0.1150E+00 0.2301E+00 0.2090E+00 0.1859E+00 0.1952E+00 0.2003E+00 0.1621E+00 0.1955E+00 0.1992E+00 0.1886E+00 0.2330E+00 0.3409E+00 0.1985E+00 0.2431E+00 0.2012E+00 0.2077E+00 0.0000E+00
0.0000E+00 0.3130E+00 0.4449E-01 0.3472E+00 0.1311E+00 0.1284E+00 0.2366E+00 0.2205E+00 0.1911E+00 0.2390E+00 0.1947E+00 0.1868E+00 0.1802E+00 0.2132E+00 0.1895E+00 0.2387E+00 0.3621E+00 0.2167E+00 0.2768E+00 0.1897E+00 0.2221E+00 0.0000E+00
0.0000E+00 0.2998E+00 0.4420E-01 0.3531E+00 0.1568E+00 0.1346E+00 0.2572E+00 0.2186E+00 0.1489E+00 0.2787E+00 0.2021E+00 0.1844E+00 0.1673E+00 0.1994E+00 0.1852E+00 0.2397E+00 0.3642E+00 0.2402E+00 0.2525E+00 0.1997E+00 0.1840E+00 0.0000E+00
0.0000E+00 0.2929E+00 0.8892E-01 0.3998E+00 0.1700E+00 0.1474E+00 0.2707E+00 0.2691E+00 0.1465E+00 0.2939E+00 0.2016E+00 0.1818E+00 0.1431E+00 0.1721E+00 0.1804E+00 0.1999E+00 0.3811E+00 0.2126E+00 0.2478E+00 0.2017E+00 0.1955E+00 0.0000E+00
0.0000E+00 0.3683E+00 0.1690E+00 0.4281E+00 0.1864E+00 0.1673E+00 0.2746E+00 0.2682E+00 0.1796E+00 0.2822E+00 0.1866E+00 0.1820E+00 0.1262E+00 0.1149E+00 0.1225E+00 0.1843E+00 0.3563E+00 0.2047E+00 0.2383E+00 0.1936E+00 0.2088E+00 0.0000E+00
0.0000E+00 0.4174E+00 0.1773E+00 0.4422E+00 0.2070E+00 0.1886E+00 0.2504E+00 0.2636E+00 0.2101E+00 0.2843E+00 0.1941E+00 0.1821E+00 0.1041E+00 0.1005E+00 0.9695E-01 0.1774E+00 0.3280E+00 0.1764E+00 0.2318E+00 0.1889E+00 0.1869E+00 0.0000E+00
0.0000E+00 0.3656E+00 0.2186E+00 0.4531E+00 0.2111E+00 0.2165E+00 0.2671E+00 0.2874E+00 0.2078E+00 0.2999E+00 0.2117E+00 0.1375E+00 0.9387E-01 0.9177E-01 0.8510E-01 0.1440E+00 0.2967E+00 0.1558E+00 0.1878E+00 0.1369E+00 0.1443E+00 0.0000E+00
0.0000E+00 0.3196E+00 0.6575E+00 0.6454E+00 0.3791E+00 0.3411E+00 0.2577E+00 0.3153E+00 0.1768E+00 0.2221E+00 0.1462E+00 0.1876E+00 0.8696E-01 0.7645E-01 0.4045E+00 0.3562E+00 0.2619E+00 0.1133E+00 0.1514E+00 0.1135E+00 0.1088E+00 0.0000E+00
0.0000E+00 0.0000E+00 0.0000E+00 0.0000E+00 0.0000E+00 0.0000E+00 0.0000E+00 0.0000E+00 0.0000E+00 0.0000E+00 0.0000E+00 0.0000E+00 0.0000E+00 0.0000E+00 0.0000E+00 0.0000E+00 0.0000E+00 0.0000E+00 0.0000E+00 0.0000E+00 0.0000E+00 0.0000E+00
