p3_rainB_lowsm_dschg.asc
ncols     22
nrows     62
xllcorner      0.00000000
yllcorner      0.00000000
cellsize      0.50000000
nodata_value -9999
0.0000E+00 0.0000E+00 0.0000E+00 0.0000E+00 0.0000E+00 0.0000E+00 0.0000E+00 0.0000E+00 0.0000E+00 0.0000E+00 0.0000E+00 0.0000E+00 0.0000E+00 0.0000E+00 0.0000E+00 0.0000E+00 0.0000E+00 0.0000E+00 0.0000E+00 0.0000E+00 0.0000E+00 0.0000E+00
0.0000E+00 0.1975E-02 0.2751E-02 0.1523E-02 0.4495E-02 0.2505E-02 0.3641E-02 0.3845E-02 0.2229E-02 0.1154E-02 0.9561E-03 0.1917E-02 0.3477E-02 0.3752E-02 0.1137E-02 0.3647E-02 0.3903E-02 0.3824E-02 0.4502E-02 0.1723E-02 0.2159E-02 0.0000E+00
0.0000E+00 0.3025E-02 0.5531E-02 0.4735E-02 0.5386E-02 0.6170E-02 0.6437E-02 0.4469E-02 0.4819E-02 0.5110E-02 0.4016E-02 0.3085E-02 0.6930E-02 0.6340E-02 0.4470E-02 0.7296E-02 0.8082E-02 0.6854E-02 0.8816E-02 0.5834E-02 0.4140E-02 0.0000E+00
0.0000E+00 0.6267E-02 0.7727E-02 0.8687E-02 0.5841E-02 0.8997E-02 0.8954E-02 0.5007E-02 0.8224E-02 0.9154E-02 0.7130E-02 0.6916E-02 0.1036E-01 0.6698E-02 0.7725E-02 0.1116E-01 0.1221E-01 0.8139E-02 0.1352E-01 0.9206E-02 0.6009E-02 0.0000E+00
0.0000E+00 0.9533E-02 0.1161E-01 0.1184E-01 0.6994E-02 0.9858E-02 0.1309E-01 0.6789E-02 0.1086E-01 0.1302E-01 0.8382E-02 0.1054E-01 0.1338E-01 0.9966E-02 0.1159E-01 0.1526E-01 0.1481E-01 0.1285E-01 0.1822E-01 0.8866E-02 0.8131E-02 0.0000E+00
0.0000E+00 0.1290E-01 0.1491E-01 0.1483E-01 0.1031E-01 0.1281E-01 0.1596E-01 0.8734E-02 0.1376E-01 0.1687E-01 0.1243E-01 0.1080E-01 0.1533E-01 0.1326E-01 0.1519E-01 0.1912E-01 0.1734E-01 0.1682E-01 0.2255E-01 0.1011E-01 0.1063E-01 0.0000E+00
0.0000E+00 0.1319E-01 0.3468E-01 0.1619E-01 0.1200E-01 0.1498E-01 0.1808E-01 0.9965E-02 0.1509E-01 0.1637E-01 0.1353E-01 0.1332E-01 0.1618E-01 0.1611E-01 0.1938E-01 0.2294E-01 0.2089E-01 0.2097E-01 0.2606E-01 0.1426E-01 0.1403E-01 0.0000E+00
0.0000E+00 0.1625E-01 0.3571E-01 0.9732E-03 0.1280E-01 0.1588E-01 0.1811E-01 0.1109E-01 0.1661E-01 0.1834E-01 0.1485E-01 0.1550E-01 0.1664E-01 0.1898E-01 0.2196E-01 0.2628E-01 0.2425E-01 0.2533E-01 0.2840E-01 0.1763E-01 0.1621E-01 0.0000E+00
0.0000E+00 0.1806E-01 0.3514E-01 0.1966E-02 0.1346E-01 0.1596E-01 0.1797E-01 0.1202E-01 0.1798E-01 0.3746E-01 0.1598E-01 0.1556E-01 0.1780E-01 0.3954E-01 0.2542E-01 0.2924E-01 0.2734E-01 0.2931E-01 0.2985E-01 0.1952E-01 0.1639E-01 0.0000E+00
0.0000E+00 0.1916E-01 0.3463E-01 0.4278E-02 0.1560E-01 0.1640E-01 0.1843E-01 0.1316E-01 0.1014E-02 0.3703E-01 0.1593E-01 0.1583E-01 0.2015E-02 0.4309E-01 0.2920E-01 0.3216E-01 0.2936E-01 0.3328E-01 0.3253E-01 0.2308E-01 0.1827E-01 0.0000E+00
0.0000E+00 0.2183E-01 0.3854E-01 0.8697E-02 0.1947E-01 0.1698E-01 0.1841E-01 0.1410E-01 0.1954E-02 0.3666E-01 0.1621E-01 0.1620E-01 0.1234E-02 0.4500E-01 0.7530E-01 0.1100E+00 0.1429E+00 0.3761E-01 0.3392E-01 0.2687E-01 0.2112E-01 0.0000E+00
0.0000E+00 0.2197E-01 0.4151E-01 0.1319E-01 0.1947E-01 0.1888E-01 0.2035E-01 0.1515E-01 0.3782E-02 0.3625E-01 0.1694E-01 0.1849E-01 0.2648E-02 0.1005E-02 0.9994E-03 0.1740E-02 0.1482E+00 0.4170E-01 0.7611E-01 0.3027E-01 0.2415E-01 0.0000E+00
0.0000E+00 0.2495E-01 0.4466E-01 0.1235E-01 0.3591E-01 0.2097E-01 0.2415E-01 0.1599E-01 0.6436E-02 0.3599E-01 0.2041E-01 0.2178E-01 0.3613E-02 0.2002E-02 0.1916E-02 0.1000E-02 0.1500E+00 0.9788E-03 0.7558E-01 0.3316E-01 0.2572E-01 0.0000E+00
0.0000E+00 0.2450E-01 0.4383E-01 0.9689E-03 0.3539E-01 0.2260E-01 0.2821E-01 0.2009E-01 0.8207E-02 0.3793E-01 0.2103E-01 0.2619E-01 0.5495E-02 0.4139E-02 0.2917E-02 0.2841E-02 0.1531E+00 0.4690E-02 0.7864E-01 0.3489E-01 0.2766E-01 0.0000E+00
0.0000E+00 0.2763E-01 0.4293E-01 0.1942E-02 0.3499E-01 0.2314E-01 0.3199E-01 0.1978E-01 0.8940E-02 0.3887E-01 0.2175E-01 0.2692E-01 0.9062E-02 0.7503E-02 0.6840E-02 0.6364E-02 0.1542E+00 0.8058E-02 0.7926E-01 0.3518E-01 0.2866E-01 0.0000E+00
0.0000E+00 0.2854E-01 0.4384E-01 0.3640E-02 0.3480E-01 0.2770E-01 0.3269E-01 0.2381E-01 0.1278E-01 0.4313E-01 0.2458E-01 0.2898E-01 0.1314E-01 0.9315E-02 0.1067E-01 0.8970E-02 0.1554E+00 0.9807E-02 0.9118E-01 0.3889E-01 0.3182E-01 0.0000E+00
0.0000E+00 0.3224E-01 0.4833E-01 0.5363E-02 0.3501E-01 0.3171E-01 0.3329E-01 0.2788E-01 0.1666E-01 0.4683E-01 0.2834E-01 0.3296E-01 0.1721E-01 0.1286E-01 0.1352E-01 0.2212E-01 0.1596E+00 0.4163E-02 0.9716E-01 0.4241E-01 0.3615E-01 0.0000E+00
0.0000E+00 0.3691E-01 0.5000E-01 0.7505E-02 0.3534E-01 0.3096E-01 0.3608E-01 0.3007E-01 0.2073E-01 0.5082E-01 0.3211E-01 0.3730E-01 0.2103E-01 0.1627E-01 0.1079E-02 0.2643E-01 0.1639E+00 0.4161E-02 0.1039E+00 0.4676E-01 0.3924E-01 0.0000E+00
0.0000E+00 0.4070E-01 0.5435E-01 0.7950E-02 0.3575E-01 0.3053E-01 0.3955E-01 0.3354E-01 0.2407E-01 0.5409E-01 0.3562E-01 0.3760E-01 0.2473E-01 0.1981E-01 0.4697E-02 0.3040E-01 0.1677E+00 0.4766E-02 0.1120E+00 0.4662E-01 0.3852E-01 0.0000E+00
0.0000E+00 0.4350E-01 0.5902E-01 0.1065E-01 0.3634E-01 0.3248E-01 0.4418E-01 0.3388E-01 0.2402E-01 0.5670E-01 0.3985E-01 0.3957E-01 0.2490E-01 0.2332E-01 0.6836E-02 0.3188E-01 0.1663E+00 0.4151E-02 0.1192E+00 0.5093E-01 0.4246E-01 0.0000E+00
0.0000E+00 0.4271E-01 0.6323E-01 0.1319E-01 0.3683E-01 0.3443E-01 0.4788E-01 0.3725E-01 0.2781E-01 0.6133E-01 0.4415E-01 0.4294E-01 0.2437E-01 0.2606E-01 0.9892E-02 0.3578E-01 0.1649E+00 0.1002E-02 0.1245E+00 0.5484E-01 0.4603E-01 0.0000E+00
0.0000E+00 0.4424E-01 0.6763E-01 0.1327E-01 0.3723E-01 0.3908E-01 0.5004E-01 0.3943E-01 0.3001E-01 0.6596E-01 0.4758E-01 0.4263E-01 0.2370E-01 0.2545E-01 0.1006E-01 0.3500E-01 0.1635E+00 0.2024E-02 0.1311E+00 0.5803E-01 0.4765E-01 0.0000E+00
0.0000E+00 0.4368E-01 0.7023E-01 0.1409E-01 0.3811E-01 0.4348E-01 0.4950E-01 0.4348E-01 0.3399E-01 0.7008E-01 0.5154E-01 0.4690E-01 0.2436E-01 0.2589E-01 0.1020E-01 0.3440E-01 0.1620E+00 0.9910E-03 0.1334E+00 0.6268E-01 0.5171E-01 0.0000E+00
0.0000E+00 0.4519E-01 0.7483E-01 0.1793E-01 0.3971E-01 0.4812E-01 0.5303E-01 0.4561E-01 0.3726E-01 0.7204E-01 0.5206E-01 0.5030E-01 0.2547E-01 0.2756E-01 0.1082E-01 0.3400E-01 0.1606E+00 0.3968E-02 0.1321E+00 0.6579E-01 0.5510E-01 0.0000E+00
0.0000E+00 0.4607E-01 0.7910E-01 0.2173E-01 0.4261E-01 0.5027E-01 0.5572E-01 0.4640E-01 0.3746E-01 0.7283E-01 0.5129E-01 0.5015E-01 0.2604E-01 0.2726E-01 0.1394E-01 0.3362E-01 0.1595E+00 0.7056E-02 0.1359E+00 0.6593E-01 0.5733E-01 0.0000E+00
0.0000E+00 0.4952E-01 0.7955E-01 0.2504E-01 0.4271E-01 0.5021E-01 0.5657E-01 0.4606E-01 0.3727E-01 0.7550E-01 0.5076E-01 0.4949E-01 0.2650E-01 0.2782E-01 0.1552E-01 0.3489E-01 0.1631E+00 0.1040E-01 0.1401E+00 0.7048E-01 0.6170E-01 0.0000E+00
0.0000E+00 0.5044E-01 0.8201E-01 0.2874E-01 0.4737E-01 0.5240E-01 0.5799E-01 0.4707E-01 0.4144E-01 0.7648E-01 0.5097E-01 0.4998E-01 0.2710E-01 0.2947E-01 0.1723E-01 0.3513E-01 0.1639E+00 0.1106E-01 0.1439E+00 0.7440E-01 0.6356E-01 0.0000E+00
0.0000E+00 0.5467E-01 0.8661E-01 0.3076E-01 0.4949E-01 0.5379E-01 0.5979E-01 0.4907E-01 0.4485E-01 0.8032E-01 0.5466E-01 0.4959E-01 0.2816E-01 0.3173E-01 0.2019E-01 0.3912E-01 0.1685E+00 0.1515E-01 0.1461E+00 0.7385E-01 0.6420E-01 0.0000E+00
0.0000E+00 0.5424E-01 0.8943E-01 0.3416E-01 0.5185E-01 0.5564E-01 0.6169E-01 0.5086E-01 0.4775E-01 0.8371E-01 0.5790E-01 0.4895E-01 0.2943E-01 0.3501E-01 0.2313E-01 0.4292E-01 0.1726E+00 0.1956E-01 0.1505E+00 0.7554E-01 0.6810E-01 0.0000E+00
0.0000E+00 0.5334E-01 0.9238E-01 0.3825E-01 0.5246E-01 0.5507E-01 0.6430E-01 0.5487E-01 0.5070E-01 0.8363E-01 0.6139E-01 0.4905E-01 0.3004E-01 0.3495E-01 0.2464E-01 0.4350E-01 0.1744E+00 0.2032E-01 0.1529E+00 0.7827E-01 0.6845E-01 0.0000E+00
0.0000E+00 0.5327E-01 0.9663E-01 0.4172E-01 0.5639E-01 0.5816E-01 0.6691E-01 0.5740E-01 0.5332E-01 0.8402E-01 0.6132E-01 0.5170E-01 0.3076E-01 0.3605E-01 0.2680E-01 0.4305E-01 0.1729E+00 0.1987E-01 0.1514E+00 0.8156E-01 0.7078E-01 0.0000E+00
0.0000E+00 0.5350E-01 0.1012E+00 0.4213E-01 0.5964E-01 0.6162E-01 0.7088E-01 0.6166E-01 0.5520E-01 0.8752E-01 0.6207E-01 0.5542E-01 0.3483E-01 0.3728E-01 0.2907E-01 0.4268E-01 0.1711E+00 0.1960E-01 0.1499E+00 0.8050E-01 0.7416E-01 0.0000E+00
0.0000E+00 0.5544E-01 0.1023E+00 0.4614E-01 0.6387E-01 0.6532E-01 0.6980E-01 0.6389E-01 0.5783E-01 0.8731E-01 0.6464E-01 0.5916E-01 0.3914E-01 0.3884E-01 0.2943E-01 0.4467E-01 0.1695E+00 0.1954E-01 0.1492E+00 0.8144E-01 0.7755E-01 0.0000E+00
0.0000E+00 0.5676E-01 0.1033E+00 0.4865E-01 0.6782E-01 0.6410E-01 0.6871E-01 0.6288E-01 0.5720E-01 0.8816E-01 0.6494E-01 0.6336E-01 0.3991E-01 0.4235E-01 0.3124E-01 0.4597E-01 0.1702E+00 0.2260E-01 0.1530E+00 0.8215E-01 0.8144E-01 0.0000E+00
0.0000E+00 0.5801E-01 0.1032E+00 0.5007E-01 0.7173E-01 0.6665E-01 0.7318E-01 0.6220E-01 0.5819E-01 0.8780E-01 0.6434E-01 0.6796E-01 0.4121E-01 0.4457E-01 0.3156E-01 0.4864E-01 0.1707E+00 0.2703E-01 0.1516E+00 0.8664E-01 0.8602E-01 0.0000E+00
0.0000E+00 0.5973E-01 0.1050E+00 0.4928E-01 0.7455E-01 0.7030E-01 0.7746E-01 0.6329E-01 0.5791E-01 0.9126E-01 0.6745E-01 0.6892E-01 0.4318E-01 0.4552E-01 0.3313E-01 0.5236E-01 0.1737E+00 0.3130E-01 0.1532E+00 0.9025E-01 0.8544E-01 0.0000E+00
0.0000E+00 0.5968E-01 0.1047E+00 0.4894E-01 0.7636E-01 0.7391E-01 0.8123E-01 0.6671E-01 0.5771E-01 0.9450E-01 0.7112E-01 0.7086E-01 0.4402E-01 0.4699E-01 0.3421E-01 0.5626E-01 0.1761E+00 0.3572E-01 0.1569E+00 0.9042E-01 0.8730E-01 0.0000E+00
0.0000E+00 0.5962E-01 0.1039E+00 0.4874E-01 0.7965E-01 0.7545E-01 0.8087E-01 0.7035E-01 0.5922E-01 0.9757E-01 0.7045E-01 0.7271E-01 0.4431E-01 0.4638E-01 0.3401E-01 0.5525E-01 0.1798E+00 0.3876E-01 0.1560E+00 0.9290E-01 0.8951E-01 0.0000E+00
0.0000E+00 0.5979E-01 0.1029E+00 0.4853E-01 0.8246E-01 0.7906E-01 0.8390E-01 0.7493E-01 0.6355E-01 0.1022E+00 0.7203E-01 0.7197E-01 0.4555E-01 0.4658E-01 0.3405E-01 0.5900E-01 0.1827E+00 0.4207E-01 0.1566E+00 0.9641E-01 0.9116E-01 0.0000E+00
0.0000E+00 0.6013E-01 0.1027E+00 0.4838E-01 0.8110E-01 0.7973E-01 0.8716E-01 0.7854E-01 0.6711E-01 0.1054E+00 0.7154E-01 0.7137E-01 0.4729E-01 0.5002E-01 0.3482E-01 0.6267E-01 0.1857E+00 0.4506E-01 0.1550E+00 0.9827E-01 0.9326E-01 0.0000E+00
0.0000E+00 0.6054E-01 0.1504E+00 0.4832E-01 0.8053E-01 0.7919E-01 0.8779E-01 0.8063E-01 0.6995E-01 0.1077E+00 0.7353E-01 0.7214E-01 0.4883E-01 0.5441E-01 0.3519E-01 0.6173E-01 0.1874E+00 0.4774E-01 0.1535E+00 0.9695E-01 0.9188E-01 0.0000E+00
0.0000E+00 0.2093E+00 0.1497E+00 0.1102E-02 0.8006E-01 0.7890E-01 0.8784E-01 0.8314E-01 0.7179E-01 0.1104E+00 0.7813E-01 0.7311E-01 0.5243E-01 0.5436E-01 0.3557E-01 0.6071E-01 0.1858E+00 0.4696E-01 0.1521E+00 0.9548E-01 0.9064E-01 0.0000E+00
0.0000E+00 0.2082E+00 0.1315E-02 0.2361E-02 0.7961E-01 0.7806E-01 0.8722E-01 0.8343E-01 0.7384E-01 0.1131E+00 0.8275E-01 0.7702E-01 0.5673E-01 0.5375E-01 0.3594E-01 0.6000E-01 0.1841E+00 0.4603E-01 0.1517E+00 0.9608E-01 0.9091E-01 0.0000E+00
0.0000E+00 0.2078E+00 0.2254E-02 0.3597E-02 0.7943E-01 0.7691E-01 0.8697E-01 0.8456E-01 0.7635E-01 0.1161E+00 0.8672E-01 0.8079E-01 0.6009E-01 0.5770E-01 0.3639E-01 0.5948E-01 0.1823E+00 0.4880E-01 0.1530E+00 0.1004E+00 0.9537E-01 0.0000E+00
0.0000E+00 0.2077E+00 0.3488E-02 0.4913E-02 0.7951E-01 0.7685E-01 0.8749E-01 0.8604E-01 0.7921E-01 0.1190E+00 0.9089E-01 0.8503E-01 0.6475E-01 0.5959E-01 0.3679E-01 0.5933E-01 0.1805E+00 0.4878E-01 0.1537E+00 0.1049E+00 0.9960E-01 0.0000E+00
0.0000E+00 0.2075E+00 0.4979E-02 0.5811E-02 0.1539E+00 0.7570E-01 0.8624E-01 0.8676E-01 0.8314E-01 0.1222E+00 0.9066E-01 0.8857E-01 0.6936E-01 0.6229E-01 0.3759E-01 0.5930E-01 0.1788E+00 0.4815E-01 0.1545E+00 0.1095E+00 0.9801E-01 0.0000E+00
0.0000E+00 0.2084E+00 0.5884E-02 0.1576E+00 0.1529E+00 0.9737E-03 0.8483E-01 0.8554E-01 0.8711E-01 0.1248E+00 0.9319E-01 0.9129E-01 0.7394E-01 0.6433E-01 0.3918E-01 0.6129E-01 0.1790E+00 0.4872E-01 0.1544E+00 0.1137E+00 0.1022E+00 0.0000E+00
0.0000E+00 0.2099E+00 0.8698E-02 0.1597E+00 0.9698E-03 0.1902E-02 0.8357E-01 0.8413E-01 0.9039E-01 0.1282E+00 0.9732E-01 0.9257E-01 0.7789E-01 0.6615E-01 0.4180E-01 0.6115E-01 0.1803E+00 0.5002E-01 0.1530E+00 0.1156E+00 0.1051E+00 0.0000E+00
0.0000E+00 0.2108E+00 0.1089E-01 0.1584E+00 0.1946E-02 0.2909E-02 0.8262E-01 0.8729E-01 0.9343E-01 0.1317E+00 0.1001E+00 0.9276E-01 0.8147E-01 0.6897E-01 0.4288E-01 0.6141E-01 0.1834E+00 0.5057E-01 0.1524E+00 0.1164E+00 0.1046E+00 0.0000E+00
0.0000E+00 0.2124E+00 0.1446E-01 0.1628E+00 0.5850E-02 0.5089E-02 0.8213E-01 0.9050E-01 0.9632E-01 0.1347E+00 0.1039E+00 0.9297E-01 0.8406E-01 0.7100E-01 0.4304E-01 0.6198E-01 0.1862E+00 0.5363E-01 0.1527E+00 0.1171E+00 0.1047E+00 0.0000E+00
0.0000E+00 0.2139E+00 0.1578E-01 0.1658E+00 0.8899E-02 0.7265E-02 0.8594E-01 0.9375E-01 0.9820E-01 0.1375E+00 0.1074E+00 0.9434E-01 0.8562E-01 0.7290E-01 0.4339E-01 0.6260E-01 0.1884E+00 0.5732E-01 0.1555E+00 0.1212E+00 0.1084E+00 0.0000E+00
0.0000E+00 0.2155E+00 0.1904E-01 0.1687E+00 0.1123E-01 0.9629E-02 0.8706E-01 0.9577E-01 0.1005E+00 0.1361E+00 0.1116E+00 0.9698E-01 0.8751E-01 0.7172E-01 0.4380E-01 0.6394E-01 0.1901E+00 0.6026E-01 0.1590E+00 0.1244E+00 0.1121E+00 0.0000E+00
0.0000E+00 0.2170E+00 0.2149E-01 0.1706E+00 0.1304E-01 0.1203E-01 0.8861E-01 0.9759E-01 0.1029E+00 0.1391E+00 0.1145E+00 0.9932E-01 0.8988E-01 0.7163E-01 0.4514E-01 0.6530E-01 0.1911E+00 0.6197E-01 0.1595E+00 0.1283E+00 0.1156E+00 0.0000E+00
0.0000E+00 0.2153E+00 0.2112E-01 0.1739E+00 0.1598E-01 0.1532E-01 0.9171E-01 0.1008E+00 0.1052E+00 0.1389E+00 0.1168E+00 0.1021E+00 0.9294E-01 0.7512E-01 0.4836E-01 0.6695E-01 0.1902E+00 0.6453E-01 0.1586E+00 0.1302E+00 0.1185E+00 0.0000E+00
0.0000E+00 0.2136E+00 0.2085E-01 0.1751E+00 0.1904E-01 0.1914E-01 0.9524E-01 0.1050E+00 0.1082E+00 0.1416E+00 0.1194E+00 0.1059E+00 0.9519E-01 0.7904E-01 0.5194E-01 0.6927E-01 0.1900E+00 0.6509E-01 0.1577E+00 0.1299E+00 0.1190E+00 0.0000E+00
0.0000E+00 0.2120E+00 0.2097E-01 0.1796E+00 0.2209E-01 0.2259E-01 0.9907E-01 0.1087E+00 0.1073E+00 0.1444E+00 0.1225E+00 0.1091E+00 0.9875E-01 0.8323E-01 0.5506E-01 0.7178E-01 0.1899E+00 0.6637E-01 0.1567E+00 0.1320E+00 0.1224E+00 0.0000E+00
0.0000E+00 0.2108E+00 0.2325E-01 0.1830E+00 0.2514E-01 0.2598E-01 0.1029E+00 0.1117E+00 0.1076E+00 0.1470E+00 0.1242E+00 0.1112E+00 0.1006E+00 0.8438E-01 0.5847E-01 0.7381E-01 0.1909E+00 0.6715E-01 0.1597E+00 0.1334E+00 0.1227E+00 0.0000E+00
0.0000E+00 0.2117E+00 0.2633E-01 0.1862E+00 0.2856E-01 0.2903E-01 0.1065E+00 0.1145E+00 0.1085E+00 0.1487E+00 0.1264E+00 0.1138E+00 0.1011E+00 0.8295E-01 0.5879E-01 0.7595E-01 0.1930E+00 0.6872E-01 0.1625E+00 0.1365E+00 0.1241E+00 0.0000E+00
0.0000E+00 0.2126E+00 0.2981E-01 0.1899E+00 0.3234E-01 0.3256E-01 0.1076E+00 0.1157E+00 0.1102E+00 0.1497E+00 0.1295E+00 0.1180E+00 0.9947E-01 0.8144E-01 0.5778E-01 0.7667E-01 0.1951E+00 0.7063E-01 0.1660E+00 0.1400E+00 0.1254E+00 0.0000E+00
0.0000E+00 0.2114E+00 0.3369E-01 0.1920E+00 0.3562E-01 0.3561E-01 0.1081E+00 0.1163E+00 0.1110E+00 0.1500E+00 0.1305E+00 0.1172E+00 0.9784E-01 0.8009E-01 0.5695E-01 0.7595E-01 0.1938E+00 0.7210E-01 0.1681E+00 0.1414E+00 0.1263E+00 0.0000E+00
0.0000E+00 0.2105E+00 0.4152E+00 0.3782E+00 0.1854E+00 0.1467E+00 0.1085E+00 0.2294E+00 0.1120E+00 0.1490E+00 0.1312E+00 0.2177E+00 0.9831E-01 0.7879E-01 0.3218E+00 0.2661E+00 0.1919E+00 0.7072E-01 0.1666E+00 0.1411E+00 0.1263E+00 0.0000E+00
0.0000E+00 0.0000E+00 0.0000E+00 0.0000E+00 0.0000E+00 0.0000E+00 0.0000E+00 0.0000E+00 0.0000E+00 0.0000E+00 0.0000E+00 0.0000E+00 0.0000E+00 0.0000E+00 0.0000E+00 0.0000E+00 0.0000E+00 0.0000E+00 0.0000E+00 0.0000E+00 0.0000E+00 0.0000E+00
