p3_rainE_lowsm_sedtr.asc
ncols     22
nrows     62
xllcorner      0.00000000
yllcorner      0.00000000
cellsize      0.50000000
nodata_value -9999
0.0000E+00 0.0000E+00 0.0000E+00 0.0000E+00 0.0000E+00 0.0000E+00 0.0000E+00 0.0000E+00 0.0000E+00 0.0000E+00 0.0000E+00 0.0000E+00 0.0000E+00 0.0000E+00 0.0000E+00 0.0000E+00 0.0000E+00 0.0000E+00 0.0000E+00 0.0000E+00 0.0000E+00 0.0000E+00
0.0000E+00 0.1640E-03 0.2981E-03 0.4267E-05 0.5475E-03 0.1061E-03 0.3140E-03 0.2872E-03 0.9098E-04 0.6421E-06 -.4154E-07 0.3043E-04 0.3377E-03 0.1537E-03 0.4029E-06 0.8576E-03 0.8346E-03 0.5193E-03 0.8029E-03 0.2113E-04 0.1357E-03 0.0000E+00
0.0000E+00 0.1030E-04 0.6838E-03 0.4056E-03 0.3198E-03 0.7394E-03 0.7461E-03 0.1087E-03 0.7680E-03 0.8706E-03 0.4999E-03 0.5240E-05 0.1542E-02 0.8069E-03 0.9541E-03 0.1625E-02 0.1885E-02 0.9448E-03 0.1756E-02 0.9786E-03 0.3076E-03 0.0000E+00
0.0000E+00 0.6510E-03 0.5738E-03 0.1672E-02 0.9983E-04 0.1352E-02 0.1174E-02 0.2460E-04 0.8560E-03 0.1799E-02 0.1375E-02 0.6551E-03 0.2386E-02 0.3925E-03 0.1167E-02 0.2096E-02 0.2330E-02 0.5693E-03 0.1664E-02 0.7195E-03 0.2228E-03 0.0000E+00
0.0000E+00 0.1269E-02 0.1800E-02 0.2416E-02 0.1194E-03 0.6345E-03 0.2758E-02 0.1322E-03 0.1317E-02 0.2355E-02 0.4717E-03 0.1041E-02 0.2035E-02 0.1133E-02 0.2043E-02 0.2807E-02 0.1792E-02 0.1219E-02 0.2254E-02 0.3533E-03 0.3893E-03 0.0000E+00
0.0000E+00 0.1310E-02 0.1824E-02 0.1524E-02 0.4444E-03 0.1320E-02 0.1661E-02 0.2072E-03 0.1315E-02 0.1690E-02 0.1215E-02 0.4124E-03 0.2245E-02 0.1103E-02 0.3170E-02 0.4792E-02 0.2635E-02 0.3309E-02 0.6316E-02 0.5034E-03 0.9854E-03 0.0000E+00
0.0000E+00 0.7459E-03 0.2082E-02 0.7901E-03 0.2227E-03 0.8102E-03 0.1258E-02 0.9648E-04 0.1225E-02 0.1184E-02 0.5269E-03 0.1393E-02 0.1945E-02 0.2620E-02 0.2140E-02 0.2466E-02 0.2782E-02 0.3582E-02 0.5679E-02 0.1230E-02 0.1138E-02 0.0000E+00
0.0000E+00 0.1060E-02 0.1721E-02 0.6972E-07 0.1108E-03 0.4629E-03 0.9135E-03 0.3285E-04 0.8030E-03 0.2310E-02 0.1006E-02 0.1059E-02 0.1246E-02 0.1548E-02 0.1672E-02 0.4026E-02 0.2250E-02 0.3263E-02 0.4571E-02 0.2436E-02 0.1445E-02 0.0000E+00
0.0000E+00 0.9620E-03 0.1559E-02 0.1147E-06 0.3748E-04 0.2472E-03 0.6723E-03 0.6910E-05 0.5643E-03 0.1609E-02 0.6096E-03 0.5554E-03 0.8309E-03 0.2011E-02 0.2499E-02 0.2971E-02 0.2490E-02 0.4054E-02 0.5073E-02 0.2004E-02 0.8332E-03 0.0000E+00
0.0000E+00 0.5922E-03 0.1354E-02 0.5180E-03 0.6481E-03 0.1567E-03 0.5312E-03 0.1776E-05 -.8367E-07 0.1323E-02 0.3444E-03 0.3391E-03 0.5993E-04 0.1725E-02 0.1806E-02 0.3169E-02 0.1911E-02 0.3684E-02 0.4163E-02 0.2215E-02 0.7377E-03 0.0000E+00
0.0000E+00 0.7690E-03 0.1718E-02 0.6059E-03 0.2276E-02 0.7030E-04 0.3014E-03 0.3306E-04 -.7274E-07 0.1106E-02 0.1264E-03 0.8779E-04 0.3647E-06 0.1470E-02 0.2998E-02 0.5161E-02 0.7135E-02 0.2675E-02 0.3229E-02 0.2153E-02 0.6671E-03 0.0000E+00
0.0000E+00 0.4184E-03 0.2314E-02 0.6270E-03 0.5982E-03 0.3675E-03 0.6013E-03 0.2668E-05 0.9546E-04 0.7805E-03 0.3169E-06 0.3643E-03 0.1789E-04 -.8142E-07 -.2228E-07 0.1348E-04 0.7880E-02 0.2375E-02 0.5354E-02 0.2772E-02 0.8504E-03 0.0000E+00
0.0000E+00 0.7837E-03 0.1561E-02 0.2699E-03 0.1512E-02 0.2148E-03 0.8660E-03 0.7623E-06 0.4980E-03 0.4877E-03 0.3673E-03 0.3884E-03 -.6153E-07 0.2304E-07 -.1639E-08 0.1610E-07 0.9371E-02 0.3606E-06 0.5594E-02 0.2373E-02 0.5091E-03 0.0000E+00
0.0000E+00 0.3619E-03 0.1269E-02 0.1914E-06 0.8621E-03 0.3602E-03 0.2391E-02 0.8676E-03 0.2449E-03 0.4776E-03 0.1490E-03 0.5436E-03 0.4212E-04 0.2270E-03 -.3390E-07 0.1546E-03 0.8374E-02 0.7577E-03 0.6563E-02 0.2053E-02 0.7399E-03 0.0000E+00
0.0000E+00 0.1757E-02 0.1131E-02 0.1360E-06 0.5798E-03 0.1571E-03 0.2922E-02 0.1560E-03 0.7372E-04 0.3261E-03 0.1394E-03 0.1190E-02 0.7030E-03 0.9541E-03 0.9976E-03 0.7622E-03 0.7643E-02 0.9670E-03 0.5334E-02 0.1876E-02 0.6465E-03 0.0000E+00
0.0000E+00 0.9495E-03 0.1342E-02 0.7632E-04 0.4001E-03 0.1207E-02 0.1491E-02 0.7621E-03 0.7700E-03 0.8797E-03 0.5778E-03 0.1485E-02 0.1118E-02 0.3056E-03 0.8107E-03 0.9075E-03 0.7555E-02 0.7544E-03 0.6893E-02 0.2169E-02 0.5410E-03 0.0000E+00
0.0000E+00 0.2557E-02 0.3039E-02 0.8034E-04 0.1978E-03 0.7442E-03 0.1534E-02 0.1474E-02 0.1085E-02 0.1210E-02 0.1145E-02 0.1758E-02 0.1495E-02 0.6641E-03 0.1275E-02 0.1113E-02 0.7156E-02 0.9556E-03 0.7032E-02 0.2063E-02 0.1308E-02 0.0000E+00
0.0000E+00 0.3081E-02 0.2096E-02 0.1945E-03 0.2068E-04 0.4098E-03 0.1971E-02 0.2010E-02 0.1320E-02 0.1671E-02 0.1647E-02 0.1718E-02 0.2324E-02 0.1987E-02 0.5908E-06 0.2377E-02 0.7496E-02 0.8674E-03 0.6671E-02 0.2827E-02 0.2419E-02 0.0000E+00
0.0000E+00 0.4197E-02 0.4112E-02 0.2428E-04 0.4036E-07 0.3225E-03 0.4661E-02 0.3297E-02 0.4591E-02 0.6239E-02 0.4141E-02 0.1148E-02 0.3014E-02 0.3211E-02 0.9628E-03 0.1711E-02 0.6504E-02 0.8705E-03 0.8638E-02 0.1684E-02 0.7926E-03 0.0000E+00
0.0000E+00 0.4063E-02 0.3957E-02 0.4123E-03 0.2160E-06 0.1010E-02 0.4046E-02 0.1998E-02 0.2127E-02 0.4914E-02 0.4656E-02 0.1142E-02 0.1678E-02 0.2266E-02 0.5594E-03 0.1615E-02 0.5740E-02 0.1177E-02 0.7378E-02 0.2500E-02 0.1750E-02 0.0000E+00
0.0000E+00 0.2351E-02 0.5865E-02 0.6910E-03 -.3443E-08 0.1120E-02 0.5937E-02 0.3883E-02 0.2926E-02 0.5693E-02 0.5866E-02 0.1830E-02 0.1296E-02 0.2537E-02 0.5102E-03 0.1798E-02 0.5353E-02 0.2440E-06 0.7393E-02 0.3148E-02 0.2401E-02 0.0000E+00
0.0000E+00 0.3964E-02 0.1069E-01 0.1572E-03 0.9298E-07 0.2161E-02 0.5399E-02 0.2797E-02 0.3212E-02 0.5890E-02 0.5659E-02 0.1138E-02 0.9319E-03 0.1605E-02 0.3822E-03 0.1231E-02 0.5072E-02 0.9544E-04 0.7607E-02 0.4587E-02 0.2552E-02 0.0000E+00
0.0000E+00 0.2618E-02 0.1058E-01 0.5919E-04 0.5147E-06 0.4397E-02 0.3229E-02 0.3613E-02 0.4353E-02 0.4839E-02 0.3845E-02 0.5163E-02 0.1030E-02 0.1672E-02 0.9207E-04 0.1115E-02 0.4699E-02 0.3479E-06 0.8460E-02 0.4603E-02 0.2688E-02 0.0000E+00
0.0000E+00 0.2807E-02 0.1038E-01 0.2149E-02 0.1228E-03 0.2843E-02 0.3199E-02 0.3054E-02 0.6461E-02 0.5168E-02 0.3336E-02 0.3184E-02 0.7090E-03 0.2384E-02 0.2357E-04 0.9748E-03 0.4403E-02 0.1653E-02 0.6427E-02 0.5909E-02 0.3147E-02 0.0000E+00
0.0000E+00 0.1984E-02 0.9601E-02 0.3049E-02 0.1480E-02 0.4426E-02 0.4820E-02 0.2679E-02 0.3446E-02 0.7415E-02 0.3089E-02 0.3162E-02 0.4232E-03 0.1440E-02 0.9100E-03 0.6386E-03 0.4052E-02 0.1884E-02 0.8728E-02 0.3528E-02 0.3146E-02 0.0000E+00
0.0000E+00 0.3513E-02 0.7338E-02 0.2503E-02 0.5296E-03 0.6325E-02 0.4721E-02 0.2400E-02 0.3214E-02 0.1096E-01 0.3245E-02 0.2338E-02 0.4161E-03 0.1327E-02 0.1173E-02 0.9019E-03 0.5823E-02 0.2874E-02 0.7102E-02 0.3196E-02 0.3965E-02 0.0000E+00
0.0000E+00 0.2444E-02 0.1088E-01 0.4833E-02 0.1761E-02 0.6898E-02 0.3891E-02 0.2042E-02 0.5251E-02 0.6388E-02 0.3748E-02 0.3224E-02 0.1969E-03 0.1312E-02 0.1100E-02 0.4793E-03 0.4917E-02 0.3266E-02 0.8107E-02 0.3952E-02 0.2524E-02 0.0000E+00
0.0000E+00 0.4179E-02 0.1114E-01 0.4276E-02 0.3320E-02 0.5116E-02 0.5360E-02 0.2270E-02 0.3994E-02 0.7244E-02 0.3818E-02 0.2187E-02 0.9305E-04 0.9142E-03 0.9447E-03 0.1917E-02 0.5320E-02 0.3303E-02 0.8811E-02 0.5408E-02 0.2505E-02 0.0000E+00
0.0000E+00 0.2354E-02 0.1089E-01 0.7113E-02 0.3503E-02 0.4363E-02 0.4139E-02 0.1921E-02 0.4930E-02 0.6459E-02 0.3514E-02 0.1568E-02 0.7390E-04 0.2404E-02 0.1946E-02 0.3050E-02 0.7481E-02 0.2913E-02 0.8319E-02 0.3613E-02 0.2888E-02 0.0000E+00
0.0000E+00 0.1881E-02 0.1214E-01 0.7314E-02 0.1998E-02 0.3543E-02 0.3747E-02 0.2771E-02 0.4847E-02 0.5559E-02 0.4586E-02 0.1254E-02 0.7162E-05 0.1231E-02 0.2364E-02 0.1813E-02 0.4722E-02 0.1965E-02 0.6673E-02 0.3207E-02 0.2135E-02 0.0000E+00
0.0000E+00 0.1260E-02 0.1051E-01 0.7034E-02 0.3340E-02 0.4963E-02 0.3242E-02 0.2585E-02 0.4177E-02 0.4974E-02 0.4072E-02 0.1973E-02 0.1025E-05 0.1174E-02 0.1819E-02 0.1146E-02 0.4076E-02 0.1506E-02 0.5772E-02 0.4794E-02 0.4072E-02 0.0000E+00
0.0000E+00 0.8669E-03 0.1068E-01 0.4924E-02 0.3236E-02 0.4687E-02 0.3679E-02 0.1923E-02 0.3301E-02 0.6577E-02 0.2897E-02 0.2925E-02 0.1134E-02 0.8628E-03 0.1360E-02 0.7002E-03 0.3771E-02 0.1143E-02 0.5423E-02 0.2984E-02 0.5717E-02 0.0000E+00
0.0000E+00 0.1977E-02 0.1198E-01 0.7766E-02 0.5602E-02 0.4301E-02 0.2449E-02 0.2929E-02 0.4624E-02 0.4636E-02 0.3847E-02 0.4227E-02 0.2172E-02 0.7070E-03 0.9825E-03 0.1194E-02 0.3446E-02 0.7222E-03 0.5259E-02 0.2847E-02 0.5514E-02 0.0000E+00
0.0000E+00 0.2227E-02 0.1054E-01 0.5763E-02 0.7042E-02 0.3127E-02 0.2133E-02 0.1795E-02 0.3205E-02 0.4219E-02 0.2591E-02 0.4146E-02 0.1464E-02 0.1743E-02 0.1356E-02 0.7478E-03 0.3423E-02 0.1449E-02 0.7897E-02 0.2598E-02 0.5250E-02 0.0000E+00
0.0000E+00 0.1497E-02 0.8586E-02 0.4440E-02 0.5822E-02 0.4859E-02 0.3638E-02 0.1461E-02 0.3868E-02 0.3788E-02 0.2227E-02 0.4244E-02 0.2955E-02 0.2178E-02 0.7771E-03 0.1428E-02 0.3327E-02 0.3102E-02 0.5227E-02 0.3440E-02 0.4220E-02 0.0000E+00
0.0000E+00 0.1271E-02 0.8005E-02 0.3545E-02 0.4447E-02 0.6922E-02 0.7896E-02 0.1803E-02 0.2881E-02 0.5446E-02 0.3264E-02 0.5385E-02 0.2462E-02 0.1332E-02 0.6889E-03 0.2633E-02 0.4124E-02 0.4411E-02 0.4980E-02 0.3896E-02 0.3572E-02 0.0000E+00
0.0000E+00 0.8997E-03 0.7574E-02 0.3360E-02 0.9172E-02 0.9059E-02 0.8548E-02 0.3119E-02 0.2480E-02 0.6549E-02 0.4481E-02 0.6119E-02 0.1762E-02 0.1098E-02 0.3942E-03 0.3497E-02 0.4636E-02 0.6313E-02 0.7551E-02 0.3261E-02 0.5881E-02 0.0000E+00
0.0000E+00 0.5672E-03 0.7399E-02 0.3385E-02 0.1157E-01 0.5960E-02 0.5058E-02 0.5524E-02 0.2997E-02 0.7778E-02 0.2592E-02 0.6618E-02 0.1494E-02 0.6988E-03 0.2139E-03 0.1488E-02 0.6531E-02 0.5360E-02 0.4947E-02 0.4910E-02 0.5658E-02 0.0000E+00
0.0000E+00 0.8831E-04 0.7532E-02 0.2890E-02 0.9031E-02 0.7923E-02 0.7463E-02 0.5862E-02 0.4737E-02 0.7898E-02 0.3800E-02 0.4780E-02 0.1314E-02 0.5314E-03 0.6855E-04 0.4051E-02 0.7734E-02 0.8191E-02 0.4451E-02 0.3765E-02 0.4647E-02 0.0000E+00
0.0000E+00 0.1107E-04 0.5936E-02 0.1835E-02 0.5806E-02 0.6301E-02 0.7704E-02 0.9150E-02 0.5513E-02 0.1039E-01 0.2600E-02 0.4949E-02 0.1630E-02 0.3025E-02 0.8090E-04 0.7378E-02 0.7997E-02 0.6853E-02 0.3863E-02 0.3688E-02 0.4417E-02 0.0000E+00
0.0000E+00 0.5286E-06 0.5820E-02 0.1141E-02 0.4731E-02 0.4816E-02 0.5400E-02 0.7756E-02 0.6968E-02 0.1065E-01 0.3169E-02 0.4831E-02 0.9715E-03 0.5564E-02 -.2349E-06 0.2968E-02 0.6728E-02 0.5562E-02 0.3493E-02 0.3069E-02 0.3631E-02 0.0000E+00
0.0000E+00 0.4226E-02 0.5077E-02 0.4039E-06 0.4454E-02 0.4266E-02 0.5020E-02 0.7470E-02 0.7096E-02 0.1064E-01 0.3810E-02 0.3921E-02 0.2937E-02 0.2341E-02 0.3659E-07 0.1805E-02 0.5334E-02 0.4470E-02 0.3183E-02 0.2772E-02 0.3193E-02 0.0000E+00
0.0000E+00 0.3801E-02 0.7124E-05 0.8254E-05 0.4049E-02 0.3727E-02 0.4604E-02 0.5355E-02 0.6774E-02 0.1031E-01 0.4260E-02 0.3664E-02 0.3020E-02 0.1457E-02 0.1217E-06 0.1312E-02 0.4826E-02 0.3764E-02 0.2851E-02 0.2618E-02 0.3036E-02 0.0000E+00
0.0000E+00 0.3749E-02 -.6361E-06 0.3194E-04 0.3774E-02 0.2966E-02 0.4210E-02 0.5927E-02 0.6222E-02 0.9966E-02 0.7311E-02 0.6478E-02 0.4920E-02 0.3038E-02 0.1757E-06 0.8376E-03 0.4190E-02 0.4888E-02 0.2844E-02 0.4629E-02 0.4349E-02 0.0000E+00
0.0000E+00 0.3073E-02 0.2903E-05 0.5390E-04 0.2937E-02 0.2727E-02 0.3605E-02 0.4618E-02 0.5417E-02 0.8730E-02 0.7231E-02 0.5621E-02 0.5546E-02 0.3260E-02 0.8696E-07 0.4166E-03 0.3736E-02 0.4194E-02 0.3014E-02 0.4610E-02 0.5644E-02 0.0000E+00
0.0000E+00 0.2341E-02 0.5264E-04 -.1964E-06 0.3903E-02 0.1928E-02 0.2852E-02 0.3979E-02 0.4970E-02 0.7761E-02 0.4087E-02 0.5022E-02 0.3922E-02 0.2522E-02 0.5093E-06 -.6608E-07 0.2613E-02 0.3310E-02 0.2908E-02 0.4553E-02 0.3277E-02 0.0000E+00
0.0000E+00 0.2266E-02 0.2386E-06 0.2936E-02 0.3475E-02 0.6682E-07 0.2461E-02 0.3407E-02 0.5964E-02 0.6972E-02 0.5177E-02 0.5070E-02 0.4165E-02 0.1948E-02 0.1687E-03 0.4276E-03 0.2026E-02 0.2983E-02 0.2383E-02 0.5686E-02 0.4280E-02 0.0000E+00
0.0000E+00 0.2178E-02 0.5600E-03 0.2973E-02 0.1296E-06 0.4664E-07 0.2141E-02 0.2996E-02 0.4318E-02 0.6407E-02 0.4851E-02 0.3781E-02 0.6222E-02 0.2841E-02 0.6980E-03 0.2801E-04 0.1796E-02 0.2592E-02 0.2031E-02 0.6345E-02 0.4954E-02 0.0000E+00
0.0000E+00 0.2095E-02 0.4890E-03 0.2346E-02 0.1049E-06 0.3196E-07 0.1658E-02 0.3444E-02 0.4775E-02 0.6904E-02 0.4632E-02 0.3179E-02 0.5566E-02 0.2420E-02 0.2854E-03 0.1645E-05 0.2677E-02 0.2049E-02 0.1801E-02 0.6827E-02 0.3681E-02 0.0000E+00
0.0000E+00 0.2206E-02 0.1207E-02 0.2985E-02 0.1168E-02 0.3723E-03 0.4091E-03 0.4239E-02 0.3624E-02 0.4951E-02 0.5759E-02 0.2922E-02 0.3765E-02 0.1846E-02 0.8831E-04 0.4677E-05 0.2808E-02 0.2476E-02 0.1774E-02 0.6522E-02 0.3159E-02 0.0000E+00
0.0000E+00 0.1932E-02 0.5627E-03 0.3139E-02 0.1277E-02 0.4424E-03 0.8930E-03 0.4958E-02 0.4074E-02 0.5499E-02 0.4667E-02 0.2502E-02 0.3263E-02 0.1319E-02 0.2041E-04 0.8286E-06 0.2378E-02 0.3560E-02 0.2599E-02 0.6025E-02 0.4854E-02 0.0000E+00
0.0000E+00 0.1532E-02 0.1094E-02 0.3531E-02 0.1196E-02 0.2948E-03 0.7850E-03 0.4045E-02 0.3873E-02 0.4296E-02 0.4775E-02 0.2626E-02 0.4587E-02 0.1084E-02 0.7383E-05 0.2914E-03 0.1795E-02 0.2730E-02 0.2435E-02 0.5278E-02 0.5823E-02 0.0000E+00
0.0000E+00 0.1519E-02 0.6627E-03 0.2993E-02 0.1044E-02 0.6098E-03 0.6438E-03 0.4200E-02 0.3291E-02 0.5694E-02 0.5360E-02 0.2039E-02 0.5452E-02 0.1266E-02 0.1265E-03 0.3315E-03 0.1487E-02 0.1926E-02 0.1745E-02 0.4536E-02 0.4111E-02 0.0000E+00
0.0000E+00 0.1070E-02 0.3883E-03 0.2845E-02 0.1526E-02 0.1412E-02 0.1963E-02 0.3936E-02 0.3077E-02 0.4278E-02 0.4576E-02 0.1873E-02 0.4725E-02 0.2153E-02 0.1168E-02 0.6244E-03 0.1246E-02 0.2901E-02 0.1682E-02 0.5710E-02 0.5654E-02 0.0000E+00
0.0000E+00 0.8413E-03 0.2372E-03 0.3286E-02 0.1702E-02 0.1892E-02 0.1909E-02 0.4645E-02 0.3391E-02 0.5618E-02 0.4179E-02 0.3609E-02 0.4161E-02 0.2645E-02 0.1761E-02 0.8599E-03 0.1172E-02 0.2824E-02 0.1259E-02 0.5031E-02 0.5928E-02 0.0000E+00
0.0000E+00 0.3436E-03 0.8665E-04 0.4043E-02 0.2535E-02 0.2119E-02 0.3173E-02 0.4463E-02 0.2651E-02 0.6724E-02 0.4743E-02 0.3219E-02 0.3664E-02 0.2517E-02 0.2091E-02 0.1089E-02 0.8713E-03 0.2900E-02 0.6481E-03 0.4582E-02 0.4041E-02 0.0000E+00
0.0000E+00 0.2910E-04 0.3492E-03 0.5930E-02 0.2647E-02 0.2780E-02 0.3940E-02 0.8000E-02 0.2631E-02 0.6396E-02 0.4206E-02 0.3078E-02 0.3249E-02 0.1886E-02 0.2381E-02 0.6370E-03 0.1068E-02 0.2191E-02 0.7621E-03 0.4179E-02 0.4594E-02 0.0000E+00
0.0000E+00 0.2699E-03 0.1862E-02 0.6369E-02 0.3283E-02 0.4002E-02 0.4164E-02 0.6332E-02 0.2689E-02 0.5261E-02 0.3548E-02 0.3161E-02 0.2970E-02 0.1408E-02 0.1299E-02 0.5654E-03 0.6759E-03 0.1829E-02 0.1052E-02 0.3817E-02 0.4517E-02 0.0000E+00
0.0000E+00 0.5569E-03 0.1668E-02 0.6416E-02 0.4389E-02 0.4667E-02 0.3186E-02 0.5502E-02 0.2624E-02 0.5037E-02 0.4114E-02 0.3445E-02 0.2596E-02 0.1306E-02 0.1032E-02 0.4961E-03 0.4773E-03 0.1489E-02 0.1620E-02 0.3804E-02 0.3723E-02 0.0000E+00
0.0000E+00 0.9384E-04 0.4211E-02 0.6402E-02 0.4186E-02 0.5991E-02 0.3617E-02 0.6339E-02 0.2109E-02 0.4992E-02 0.4387E-02 0.2338E-02 0.2256E-02 0.1092E-02 0.6791E-03 0.2841E-03 0.2868E-03 0.1249E-02 0.7892E-03 0.2696E-02 0.2974E-02 0.0000E+00
0.0000E+00 0.2262E-05 0.1204E-01 0.1131E-01 0.7711E-02 0.5729E-02 0.2787E-02 0.5297E-02 0.1504E-02 0.3391E-02 0.2629E-02 0.3259E-02 0.1673E-02 0.5336E-03 0.6767E-03 0.2431E-03 0.1324E-03 0.7524E-03 0.5151E-03 0.2188E-02 0.2281E-02 0.0000E+00
0.0000E+00 0.0000E+00 0.0000E+00 0.0000E+00 0.0000E+00 0.0000E+00 0.0000E+00 0.0000E+00 0.0000E+00 0.0000E+00 0.0000E+00 0.0000E+00 0.0000E+00 0.0000E+00 0.0000E+00 0.0000E+00 0.0000E+00 0.0000E+00 0.0000E+00 0.0000E+00 0.0000E+00 0.0000E+00
