p3_rainB_medsm_sedtr.asc
ncols     22
nrows     62
xllcorner      0.00000000
yllcorner      0.00000000
cellsize      0.50000000
nodata_value -9999
0.0000E+00 0.0000E+00 0.0000E+00 0.0000E+00 0.0000E+00 0.0000E+00 0.0000E+00 0.0000E+00 0.0000E+00 0.0000E+00 0.0000E+00 0.0000E+00 0.0000E+00 0.0000E+00 0.0000E+00 0.0000E+00 0.0000E+00 0.0000E+00 0.0000E+00 0.0000E+00 0.0000E+00 0.0000E+00
0.0000E+00 0.9904E-01 0.8643E-01 0.3535E-01 0.8994E-01 0.6263E-01 0.7519E-01 0.6915E-01 0.6208E-01 0.4571E-01 0.9963E-02 0.5239E-01 0.8075E-01 0.5083E-01 0.1933E-01 0.1257E+00 0.1188E+00 0.9376E-01 0.1097E+00 0.3777E-01 0.8687E-01 0.0000E+00
0.0000E+00 0.8892E-01 0.1665E+00 0.1200E+00 0.8271E-01 0.1433E+00 0.1301E+00 0.6006E-01 0.1573E+00 0.1546E+00 0.1162E+00 0.5449E-01 0.1837E+00 0.1273E+00 0.1580E+00 0.2028E+00 0.2018E+00 0.1445E+00 0.1857E+00 0.1523E+00 0.1417E+00 0.0000E+00
0.0000E+00 0.1825E+00 0.1829E+00 0.2162E+00 0.8966E-01 0.2043E+00 0.1811E+00 0.4723E-01 0.2089E+00 0.2268E+00 0.2209E+00 0.1513E+00 0.2604E+00 0.1042E+00 0.2096E+00 0.2517E+00 0.2502E+00 0.1293E+00 0.1943E+00 0.1635E+00 0.1791E+00 0.0000E+00
0.0000E+00 0.2460E+00 0.2682E+00 0.2873E+00 0.1944E+00 0.1783E+00 0.2846E+00 0.1132E+00 0.2637E+00 0.2738E+00 0.1631E+00 0.2038E+00 0.2800E+00 0.2008E+00 0.2663E+00 0.2962E+00 0.2348E+00 0.1471E+00 0.2078E+00 0.1052E+00 0.2223E+00 0.0000E+00
0.0000E+00 0.2699E+00 0.3002E+00 0.2720E+00 0.2339E+00 0.2474E+00 0.2924E+00 0.1917E+00 0.2963E+00 0.2673E+00 0.2318E+00 0.1373E+00 0.3261E+00 0.2506E+00 0.3346E+00 0.3679E+00 0.2679E+00 0.2680E+00 0.3335E+00 0.1435E+00 0.2679E+00 0.0000E+00
0.0000E+00 0.2117E+00 0.3786E+00 0.1695E+00 0.2228E+00 0.2594E+00 0.2846E+00 0.2279E+00 0.3303E+00 0.1840E+00 0.1803E+00 0.2381E+00 0.3601E+00 0.3395E+00 0.3292E+00 0.3279E+00 0.3173E+00 0.3310E+00 0.3784E+00 0.2427E+00 0.3111E+00 0.0000E+00
0.0000E+00 0.2651E+00 0.3026E+00 0.1224E-01 0.2235E+00 0.2078E+00 0.2054E+00 0.2150E+00 0.3106E+00 0.2821E+00 0.2621E+00 0.2891E+00 0.2944E+00 0.3383E+00 0.3006E+00 0.3656E+00 0.3261E+00 0.3531E+00 0.3687E+00 0.3291E+00 0.3567E+00 0.0000E+00
0.0000E+00 0.2777E+00 0.2540E+00 0.3146E-01 0.2078E+00 0.1517E+00 0.1623E+00 0.2293E+00 0.2748E+00 0.3754E+00 0.3021E+00 0.2000E+00 0.2618E+00 0.4723E+00 0.3298E+00 0.3576E+00 0.3481E+00 0.3854E+00 0.4135E+00 0.3479E+00 0.3456E+00 0.0000E+00
0.0000E+00 0.2357E+00 0.2240E+00 0.1683E+00 0.2997E+00 0.2168E+00 0.2604E+00 0.2352E+00 0.7821E-02 0.2860E+00 0.2007E+00 0.2205E+00 0.6976E-01 0.3973E+00 0.3149E+00 0.3694E+00 0.3099E+00 0.3917E+00 0.4181E+00 0.3818E+00 0.3806E+00 0.0000E+00
0.0000E+00 0.2737E+00 0.2810E+00 0.1990E+00 0.3894E+00 0.2289E+00 0.1985E+00 0.3150E+00 0.2741E-01 0.2481E+00 0.1538E+00 0.1581E+00 0.6407E-01 0.3361E+00 0.4936E+00 0.6380E+00 0.7545E+00 0.3598E+00 0.3552E+00 0.3921E+00 0.3772E+00 0.0000E+00
0.0000E+00 0.1951E+00 0.3239E+00 0.1946E+00 0.2592E+00 0.2807E+00 0.3106E+00 0.3433E+00 0.1346E+00 0.2189E+00 0.1303E+00 0.2273E+00 0.1325E+00 0.8651E-02 0.6221E-02 0.3703E-01 0.6972E+00 0.3341E+00 0.5261E+00 0.4151E+00 0.3737E+00 0.0000E+00
0.0000E+00 0.2519E+00 0.2893E+00 0.1140E+00 0.3507E+00 0.2471E+00 0.3246E+00 0.2718E+00 0.2085E+00 0.1947E+00 0.2004E+00 0.2292E+00 0.8382E-01 0.2230E-01 0.1898E-01 0.1790E-01 0.6819E+00 0.2034E-01 0.4597E+00 0.4145E+00 0.3361E+00 0.0000E+00
0.0000E+00 0.1683E+00 0.2128E+00 0.1356E-01 0.2541E+00 0.2490E+00 0.3772E+00 0.3197E+00 0.1893E+00 0.2276E+00 0.1853E+00 0.2246E+00 0.1048E+00 0.1059E+00 0.3237E-01 0.1402E+00 0.6490E+00 0.1429E+00 0.4656E+00 0.4038E+00 0.3585E+00 0.0000E+00
0.0000E+00 0.3073E+00 0.1759E+00 0.2787E-01 0.2063E+00 0.2866E+00 0.4017E+00 0.2179E+00 0.1406E+00 0.2213E+00 0.2354E+00 0.2618E+00 0.1914E+00 0.2046E+00 0.1811E+00 0.2039E+00 0.6044E+00 0.1845E+00 0.3983E+00 0.3985E+00 0.3816E+00 0.0000E+00
0.0000E+00 0.2725E+00 0.2280E+00 0.8903E-01 0.1872E+00 0.3346E+00 0.3247E+00 0.2637E+00 0.2278E+00 0.2753E+00 0.2962E+00 0.3220E+00 0.2315E+00 0.1583E+00 0.2044E+00 0.2387E+00 0.5898E+00 0.1779E+00 0.5181E+00 0.4189E+00 0.3635E+00 0.0000E+00
0.0000E+00 0.3733E+00 0.3514E+00 0.1213E+00 0.1608E+00 0.2943E+00 0.3442E+00 0.2927E+00 0.2599E+00 0.2985E+00 0.3289E+00 0.3512E+00 0.2548E+00 0.2040E+00 0.2426E+00 0.2958E+00 0.5623E+00 0.1236E+00 0.5354E+00 0.4180E+00 0.3634E+00 0.0000E+00
0.0000E+00 0.3814E+00 0.3315E+00 0.1542E+00 0.1434E+00 0.2018E+00 0.3778E+00 0.3064E+00 0.2707E+00 0.3157E+00 0.3476E+00 0.3506E+00 0.2897E+00 0.2865E+00 0.3180E-01 0.3285E+00 0.5531E+00 0.1177E+00 0.5100E+00 0.4285E+00 0.3853E+00 0.0000E+00
0.0000E+00 0.4246E+00 0.4150E+00 0.1097E+00 0.1318E+00 0.1625E+00 0.4749E+00 0.3632E+00 0.3711E+00 0.4397E+00 0.4229E+00 0.2777E+00 0.3235E+00 0.3611E+00 0.1643E+00 0.3058E+00 0.5080E+00 0.3350E-01 0.5064E+00 0.3286E+00 0.2613E+00 0.0000E+00
0.0000E+00 0.4287E+00 0.4130E+00 0.1918E+00 0.1409E+00 0.2426E+00 0.4712E+00 0.3033E+00 0.2811E+00 0.4433E+00 0.4589E+00 0.2727E+00 0.2552E+00 0.3598E+00 0.1672E+00 0.2710E+00 0.4319E+00 0.1367E+00 0.5032E+00 0.3509E+00 0.3015E+00 0.0000E+00
0.0000E+00 0.3079E+00 0.4610E+00 0.2368E+00 0.1283E+00 0.2826E+00 0.5237E+00 0.3954E+00 0.3517E+00 0.4547E+00 0.4981E+00 0.3136E+00 0.1865E+00 0.3836E+00 0.1796E+00 0.2931E+00 0.3912E+00 0.1651E-01 0.4581E+00 0.3643E+00 0.3267E+00 0.0000E+00
0.0000E+00 0.3831E+00 0.5748E+00 0.1787E+00 0.1154E+00 0.2983E+00 0.5027E+00 0.3760E+00 0.3728E+00 0.4591E+00 0.5043E+00 0.2363E+00 0.1493E+00 0.2766E+00 0.1675E+00 0.2094E+00 0.3682E+00 0.5696E-01 0.4638E+00 0.4066E+00 0.3499E+00 0.0000E+00
0.0000E+00 0.3095E+00 0.6085E+00 0.1695E+00 0.1362E+00 0.3993E+00 0.3870E+00 0.4207E+00 0.4455E+00 0.4573E+00 0.4620E+00 0.3998E+00 0.2128E+00 0.2579E+00 0.1279E+00 0.1810E+00 0.3433E+00 0.2552E-01 0.4543E+00 0.4017E+00 0.3568E+00 0.0000E+00
0.0000E+00 0.3506E+00 0.6096E+00 0.3576E+00 0.1749E+00 0.3851E+00 0.4032E+00 0.4385E+00 0.5335E+00 0.4734E+00 0.4107E+00 0.3983E+00 0.2542E+00 0.3774E+00 0.1137E+00 0.1732E+00 0.3282E+00 0.1584E+00 0.3645E+00 0.4352E+00 0.3681E+00 0.0000E+00
0.0000E+00 0.2984E+00 0.6225E+00 0.4461E+00 0.3145E+00 0.4232E+00 0.4508E+00 0.4203E+00 0.4272E+00 0.5272E+00 0.3601E+00 0.4373E+00 0.3070E+00 0.2726E+00 0.2539E+00 0.1520E+00 0.3176E+00 0.2266E+00 0.4034E+00 0.3392E+00 0.3571E+00 0.0000E+00
0.0000E+00 0.4013E+00 0.5370E+00 0.4396E+00 0.3078E+00 0.4935E+00 0.4689E+00 0.3892E+00 0.4116E+00 0.6449E+00 0.3636E+00 0.3693E+00 0.4391E+00 0.3981E+00 0.3379E+00 0.3155E+00 0.4401E+00 0.3006E+00 0.3783E+00 0.3239E+00 0.3818E+00 0.0000E+00
0.0000E+00 0.3631E+00 0.5998E+00 0.5061E+00 0.3276E+00 0.5575E+00 0.4956E+00 0.3737E+00 0.5139E+00 0.5674E+00 0.4462E+00 0.5004E+00 0.4804E+00 0.4583E+00 0.4076E+00 0.2650E+00 0.4475E+00 0.3812E+00 0.3902E+00 0.3367E+00 0.3214E+00 0.0000E+00
0.0000E+00 0.4419E+00 0.6046E+00 0.4913E+00 0.4304E+00 0.5333E+00 0.5870E+00 0.4333E+00 0.5215E+00 0.6187E+00 0.4945E+00 0.4240E+00 0.4976E+00 0.4264E+00 0.4206E+00 0.3771E+00 0.4491E+00 0.4242E+00 0.4048E+00 0.3805E+00 0.2869E+00 0.0000E+00
0.0000E+00 0.3619E+00 0.6267E+00 0.5728E+00 0.4939E+00 0.5418E+00 0.6014E+00 0.4235E+00 0.5561E+00 0.6295E+00 0.4879E+00 0.3462E+00 0.5109E+00 0.4888E+00 0.4673E+00 0.4418E+00 0.5172E+00 0.4305E+00 0.3930E+00 0.3669E+00 0.3092E+00 0.0000E+00
0.0000E+00 0.2945E+00 0.6689E+00 0.6236E+00 0.4330E+00 0.4373E+00 0.6079E+00 0.4558E+00 0.5680E+00 0.5397E+00 0.5224E+00 0.4426E+00 0.4564E+00 0.4198E+00 0.5237E+00 0.3760E+00 0.4562E+00 0.3161E+00 0.3532E+00 0.3636E+00 0.2456E+00 0.0000E+00
0.0000E+00 0.2716E+00 0.6783E+00 0.6500E+00 0.5006E+00 0.5211E+00 0.5912E+00 0.4462E+00 0.5572E+00 0.4883E+00 0.5392E+00 0.4894E+00 0.4208E+00 0.4668E+00 0.5416E+00 0.2930E+00 0.3848E+00 0.2408E+00 0.2650E+00 0.4150E+00 0.3140E+00 0.0000E+00
0.0000E+00 0.2598E+00 0.6835E+00 0.5372E+00 0.5076E+00 0.5417E+00 0.5843E+00 0.4049E+00 0.5046E+00 0.5561E+00 0.4616E+00 0.5094E+00 0.4674E+00 0.4724E+00 0.5288E+00 0.2402E+00 0.3509E+00 0.2105E+00 0.2264E+00 0.2934E+00 0.3989E+00 0.0000E+00
0.0000E+00 0.4186E+00 0.7301E+00 0.6137E+00 0.5744E+00 0.5330E+00 0.4426E+00 0.3923E+00 0.5355E+00 0.4706E+00 0.5086E+00 0.5338E+00 0.4831E+00 0.4666E+00 0.4563E+00 0.3405E+00 0.3262E+00 0.1894E+00 0.2145E+00 0.2717E+00 0.4251E+00 0.0000E+00
0.0000E+00 0.5129E+00 0.7444E+00 0.5808E+00 0.6222E+00 0.4118E+00 0.3663E+00 0.3067E+00 0.4287E+00 0.4525E+00 0.4194E+00 0.5187E+00 0.4352E+00 0.4915E+00 0.5048E+00 0.3808E+00 0.3997E+00 0.2978E+00 0.3305E+00 0.2496E+00 0.4361E+00 0.0000E+00
0.0000E+00 0.5198E+00 0.6354E+00 0.5043E+00 0.6210E+00 0.4575E+00 0.3818E+00 0.2522E+00 0.4652E+00 0.4196E+00 0.3631E+00 0.5134E+00 0.5039E+00 0.4838E+00 0.4592E+00 0.4497E+00 0.4476E+00 0.4067E+00 0.2385E+00 0.2555E+00 0.4058E+00 0.0000E+00
0.0000E+00 0.5186E+00 0.6285E+00 0.4071E+00 0.5780E+00 0.5447E+00 0.5214E+00 0.2822E+00 0.3926E+00 0.5127E+00 0.4166E+00 0.5081E+00 0.5230E+00 0.4535E+00 0.4843E+00 0.5057E+00 0.5015E+00 0.4694E+00 0.2530E+00 0.2829E+00 0.3065E+00 0.0000E+00
0.0000E+00 0.5017E+00 0.6418E+00 0.4017E+00 0.6687E+00 0.6252E+00 0.5780E+00 0.3572E+00 0.3578E+00 0.5787E+00 0.4725E+00 0.5357E+00 0.5183E+00 0.4443E+00 0.4297E+00 0.5385E+00 0.5333E+00 0.5366E+00 0.3641E+00 0.2549E+00 0.3550E+00 0.0000E+00
0.0000E+00 0.5658E+00 0.6871E+00 0.4637E+00 0.7435E+00 0.5555E+00 0.4614E+00 0.4578E+00 0.4371E+00 0.6345E+00 0.3789E+00 0.5691E+00 0.5167E+00 0.3398E+00 0.3375E+00 0.4130E+00 0.5922E+00 0.5325E+00 0.2840E+00 0.3221E+00 0.3645E+00 0.0000E+00
0.0000E+00 0.6194E+00 0.7834E+00 0.5055E+00 0.7321E+00 0.6075E+00 0.5284E+00 0.4630E+00 0.5135E+00 0.6364E+00 0.4626E+00 0.5199E+00 0.5614E+00 0.3327E+00 0.2965E+00 0.5102E+00 0.6441E+00 0.5935E+00 0.2913E+00 0.3125E+00 0.3511E+00 0.0000E+00
0.0000E+00 0.6159E+00 0.7454E+00 0.4425E+00 0.5775E+00 0.6041E+00 0.5588E+00 0.5430E+00 0.5474E+00 0.6888E+00 0.4061E+00 0.5606E+00 0.6131E+00 0.4774E+00 0.4512E+00 0.6248E+00 0.6703E+00 0.5944E+00 0.2304E+00 0.3262E+00 0.3654E+00 0.0000E+00
0.0000E+00 0.5510E+00 0.9410E+00 0.3935E+00 0.5487E+00 0.5356E+00 0.4709E+00 0.5404E+00 0.5905E+00 0.7199E+00 0.4473E+00 0.6298E+00 0.5591E+00 0.5701E+00 0.3261E+00 0.4706E+00 0.6584E+00 0.5746E+00 0.1956E+00 0.2302E+00 0.2586E+00 0.0000E+00
0.0000E+00 0.1157E+01 0.8414E+00 0.4342E-01 0.5774E+00 0.5382E+00 0.4814E+00 0.5616E+00 0.6041E+00 0.7417E+00 0.4514E+00 0.6374E+00 0.6105E+00 0.4455E+00 0.2466E+00 0.3753E+00 0.5746E+00 0.4575E+00 0.1765E+00 0.1751E+00 0.1970E+00 0.0000E+00
0.0000E+00 0.1010E+01 0.1116E+00 0.1790E+00 0.6279E+00 0.5710E+00 0.5112E+00 0.4991E+00 0.6160E+00 0.7532E+00 0.4530E+00 0.6100E+00 0.5965E+00 0.3518E+00 0.2077E+00 0.3265E+00 0.5253E+00 0.3743E+00 0.2080E+00 0.1819E+00 0.2193E+00 0.0000E+00
0.0000E+00 0.9984E+00 0.7707E-01 0.2833E+00 0.7047E+00 0.4505E+00 0.5561E+00 0.5258E+00 0.6124E+00 0.7590E+00 0.5124E+00 0.6543E+00 0.6186E+00 0.4324E+00 0.1843E+00 0.2913E+00 0.4873E+00 0.4506E+00 0.2470E+00 0.2953E+00 0.3013E+00 0.0000E+00
0.0000E+00 0.9307E+00 0.2205E+00 0.3408E+00 0.7016E+00 0.5382E+00 0.5624E+00 0.5013E+00 0.5902E+00 0.7356E+00 0.5249E+00 0.6246E+00 0.6198E+00 0.4365E+00 0.1641E+00 0.2660E+00 0.4694E+00 0.4569E+00 0.3297E+00 0.2967E+00 0.3558E+00 0.0000E+00
0.0000E+00 0.8408E+00 0.2574E+00 0.2226E+00 0.8544E+00 0.3911E+00 0.4144E+00 0.4422E+00 0.5679E+00 0.6964E+00 0.4027E+00 0.5853E+00 0.5569E+00 0.4336E+00 0.1859E+00 0.2472E+00 0.4480E+00 0.3507E+00 0.3835E+00 0.2960E+00 0.2373E+00 0.0000E+00
0.0000E+00 0.8046E+00 0.1676E+00 0.7925E+00 0.7235E+00 0.8759E-02 0.3252E+00 0.3485E+00 0.5742E+00 0.6491E+00 0.4117E+00 0.5593E+00 0.5494E+00 0.4018E+00 0.2537E+00 0.3607E+00 0.5146E+00 0.4348E+00 0.3314E+00 0.3140E+00 0.2781E+00 0.0000E+00
0.0000E+00 0.7684E+00 0.2642E+00 0.7448E+00 0.1839E-01 0.2284E-01 0.2700E+00 0.2897E+00 0.5267E+00 0.6245E+00 0.4034E+00 0.5062E+00 0.5420E+00 0.4358E+00 0.3056E+00 0.2851E+00 0.5628E+00 0.4774E+00 0.2696E+00 0.3395E+00 0.3111E+00 0.0000E+00
0.0000E+00 0.7467E+00 0.2528E+00 0.6745E+00 0.2889E-01 0.3860E-01 0.2354E+00 0.3410E+00 0.5150E+00 0.6221E+00 0.3911E+00 0.4639E+00 0.5109E+00 0.4305E+00 0.2555E+00 0.2830E+00 0.6142E+00 0.4498E+00 0.3573E+00 0.3675E+00 0.2621E+00 0.0000E+00
0.0000E+00 0.7296E+00 0.3039E+00 0.6523E+00 0.1839E+00 0.1887E+00 0.2164E+00 0.3763E+00 0.4610E+00 0.5445E+00 0.4128E+00 0.4406E+00 0.4478E+00 0.3895E+00 0.2171E+00 0.3332E+00 0.6348E+00 0.4703E+00 0.4109E+00 0.3906E+00 0.2065E+00 0.0000E+00
0.0000E+00 0.6994E+00 0.2523E+00 0.6459E+00 0.2406E+00 0.2518E+00 0.2830E+00 0.3995E+00 0.4471E+00 0.5265E+00 0.3937E+00 0.4264E+00 0.3987E+00 0.3066E+00 0.1889E+00 0.3052E+00 0.6380E+00 0.5013E+00 0.4431E+00 0.3949E+00 0.2832E+00 0.0000E+00
0.0000E+00 0.6535E+00 0.2920E+00 0.6394E+00 0.2678E+00 0.2565E+00 0.3043E+00 0.3691E+00 0.4317E+00 0.4383E+00 0.3866E+00 0.4301E+00 0.4024E+00 0.2323E+00 0.2953E+00 0.3725E+00 0.6299E+00 0.4677E+00 0.4216E+00 0.3709E+00 0.3314E+00 0.0000E+00
0.0000E+00 0.6237E+00 0.2598E+00 0.6051E+00 0.2578E+00 0.2934E+00 0.2790E+00 0.3469E+00 0.4001E+00 0.4625E+00 0.3937E+00 0.3893E+00 0.4216E+00 0.2811E+00 0.2952E+00 0.3963E+00 0.6252E+00 0.3976E+00 0.3768E+00 0.3316E+00 0.2956E+00 0.0000E+00
0.0000E+00 0.5635E+00 0.1681E+00 0.5793E+00 0.3149E+00 0.3445E+00 0.3396E+00 0.3419E+00 0.3772E+00 0.3972E+00 0.3811E+00 0.3650E+00 0.4105E+00 0.3297E+00 0.3437E+00 0.4306E+00 0.6085E+00 0.4217E+00 0.3891E+00 0.3494E+00 0.3243E+00 0.0000E+00
0.0000E+00 0.5380E+00 0.1327E+00 0.5804E+00 0.3519E+00 0.3736E+00 0.3479E+00 0.3546E+00 0.3748E+00 0.4430E+00 0.3706E+00 0.3917E+00 0.3779E+00 0.3476E+00 0.3588E+00 0.4483E+00 0.6420E+00 0.4451E+00 0.4440E+00 0.3369E+00 0.3494E+00 0.0000E+00
0.0000E+00 0.5114E+00 0.1152E+00 0.5810E+00 0.4036E+00 0.3888E+00 0.3804E+00 0.3483E+00 0.2919E+00 0.4911E+00 0.3795E+00 0.3765E+00 0.3417E+00 0.3277E+00 0.3633E+00 0.4583E+00 0.6540E+00 0.4813E+00 0.4292E+00 0.3464E+00 0.2957E+00 0.0000E+00
0.0000E+00 0.4971E+00 0.1848E+00 0.6185E+00 0.4348E+00 0.4125E+00 0.4028E+00 0.4245E+00 0.2749E+00 0.5058E+00 0.3765E+00 0.3641E+00 0.2824E+00 0.2836E+00 0.3637E+00 0.4075E+00 0.6868E+00 0.4400E+00 0.4208E+00 0.3516E+00 0.3156E+00 0.0000E+00
0.0000E+00 0.5617E+00 0.3315E+00 0.6414E+00 0.4695E+00 0.4453E+00 0.4124E+00 0.4184E+00 0.3036E+00 0.4863E+00 0.3529E+00 0.3563E+00 0.2425E+00 0.1862E+00 0.2788E+00 0.3846E+00 0.6567E+00 0.4263E+00 0.4141E+00 0.3442E+00 0.3370E+00 0.0000E+00
0.0000E+00 0.6105E+00 0.3678E+00 0.6486E+00 0.5101E+00 0.4828E+00 0.3828E+00 0.4148E+00 0.3365E+00 0.4908E+00 0.3635E+00 0.3489E+00 0.2078E+00 0.1609E+00 0.2146E+00 0.3725E+00 0.6219E+00 0.3783E+00 0.4091E+00 0.3414E+00 0.3082E+00 0.0000E+00
0.0000E+00 0.5503E+00 0.4528E+00 0.6608E+00 0.5237E+00 0.5330E+00 0.4078E+00 0.4564E+00 0.3300E+00 0.5175E+00 0.3893E+00 0.2637E+00 0.1866E+00 0.1434E+00 0.1744E+00 0.3084E+00 0.5879E+00 0.3381E+00 0.3571E+00 0.2584E+00 0.2419E+00 0.0000E+00
0.0000E+00 0.4509E+00 0.1258E+01 0.1209E+01 0.9145E+00 0.7120E+00 0.3983E+00 0.4986E+00 0.2739E+00 0.3840E+00 0.2792E+00 0.3514E+00 0.1575E+00 0.1114E+00 0.7745E+00 0.7201E+00 0.5268E+00 0.2334E+00 0.3116E+00 0.2066E+00 0.1758E+00 0.0000E+00
0.0000E+00 0.0000E+00 0.0000E+00 0.0000E+00 0.0000E+00 0.0000E+00 0.0000E+00 0.0000E+00 0.0000E+00 0.0000E+00 0.0000E+00 0.0000E+00 0.0000E+00 0.0000E+00 0.0000E+00 0.0000E+00 0.0000E+00 0.0000E+00 0.0000E+00 0.0000E+00 0.0000E+00 0.0000E+00
