p3_rainA_medsm_dschg.asc
ncols     22
nrows     62
xllcorner      0.00000000
yllcorner      0.00000000
cellsize      0.50000000
nodata_value -9999
0.0000E+00 0.0000E+00 0.0000E+00 0.0000E+00 0.0000E+00 0.0000E+00 0.0000E+00 0.0000E+00 0.0000E+00 0.0000E+00 0.0000E+00 0.0000E+00 0.0000E+00 0.0000E+00 0.0000E+00 0.0000E+00 0.0000E+00 0.0000E+00 0.0000E+00 0.0000E+00 0.0000E+00 0.0000E+00
0.0000E+00 0.7563E-02 0.8766E-02 0.7089E-02 0.1099E-01 0.8535E-02 0.9954E-02 0.1029E-01 0.8053E-02 0.6412E-02 0.6195E-02 0.7672E-02 0.9628E-02 0.1004E-01 0.6531E-02 0.1000E-01 0.1030E-01 0.1028E-01 0.1098E-01 0.7402E-02 0.7993E-02 0.0000E+00
0.0000E+00 0.1410E-01 0.1749E-01 0.1636E-01 0.1738E-01 0.1847E-01 0.1871E-01 0.1629E-01 0.1666E-01 0.1676E-01 0.1534E-01 0.1429E-01 0.1922E-01 0.1852E-01 0.1615E-01 0.1991E-01 0.2088E-01 0.1930E-01 0.2196E-01 0.1804E-01 0.1559E-01 0.0000E+00
0.0000E+00 0.2334E-01 0.2546E-01 0.2664E-01 0.2305E-01 0.2728E-01 0.2703E-01 0.2219E-01 0.2626E-01 0.2737E-01 0.2464E-01 0.2449E-01 0.2870E-01 0.2411E-01 0.2570E-01 0.3010E-01 0.3147E-01 0.2601E-01 0.3332E-01 0.2755E-01 0.2301E-01 0.0000E+00
0.0000E+00 0.3293E-01 0.3569E-01 0.3582E-01 0.2949E-01 0.3332E-01 0.3763E-01 0.2948E-01 0.3472E-01 0.3756E-01 0.3145E-01 0.3435E-01 0.3777E-01 0.3359E-01 0.3588E-01 0.4064E-01 0.3991E-01 0.3735E-01 0.4468E-01 0.3213E-01 0.3065E-01 0.0000E+00
0.0000E+00 0.4244E-01 0.4515E-01 0.4471E-01 0.3907E-01 0.4239E-01 0.4635E-01 0.3704E-01 0.4354E-01 0.4736E-01 0.4204E-01 0.3961E-01 0.4513E-01 0.4311E-01 0.4569E-01 0.5078E-01 0.4833E-01 0.4787E-01 0.5557E-01 0.3917E-01 0.3925E-01 0.0000E+00
0.0000E+00 0.4780E-01 0.1062E+00 0.5154E-01 0.4597E-01 0.5025E-01 0.5362E-01 0.4347E-01 0.5007E-01 0.5138E-01 0.4846E-01 0.4809E-01 0.5109E-01 0.5194E-01 0.5624E-01 0.6085E-01 0.5811E-01 0.5839E-01 0.6512E-01 0.4978E-01 0.4877E-01 0.0000E+00
0.0000E+00 0.5692E-01 0.1123E+00 0.6200E-02 0.5205E-01 0.5619E-01 0.5869E-01 0.4988E-01 0.5698E-01 0.5875E-01 0.5509E-01 0.5586E-01 0.5688E-01 0.6067E-01 0.6466E-01 0.7012E-01 0.6733E-01 0.6933E-01 0.7313E-01 0.5925E-01 0.5656E-01 0.0000E+00
0.0000E+00 0.6416E-01 0.1165E+00 0.1237E-01 0.5788E-01 0.6162E-01 0.6373E-01 0.5590E-01 0.6387E-01 0.1291E+00 0.6158E-01 0.6106E-01 0.6338E-01 0.1327E+00 0.7437E-01 0.7898E-01 0.7649E-01 0.7970E-01 0.7920E-01 0.6655E-01 0.6147E-01 0.0000E+00
0.0000E+00 0.7058E-01 0.1213E+00 0.2055E-01 0.6569E-01 0.6735E-01 0.6942E-01 0.6213E-01 0.6114E-02 0.1339E+00 0.6702E-01 0.6675E-01 0.7728E-02 0.1474E+00 0.8446E-01 0.8775E-01 0.8389E-01 0.9017E-01 0.8756E-01 0.7636E-01 0.6912E-01 0.0000E+00
0.0000E+00 0.7905E-01 0.1318E+00 0.3153E-01 0.7590E-01 0.7317E-01 0.7500E-01 0.6793E-01 0.1228E-01 0.1390E+00 0.7257E-01 0.7238E-01 0.6472E-02 0.1548E+00 0.2453E+00 0.3413E+00 0.4351E+00 0.1011E+00 0.9403E-01 0.8651E-01 0.7795E-01 0.0000E+00
0.0000E+00 0.8449E-01 0.1409E+00 0.4265E-01 0.8092E-01 0.8046E-01 0.8228E-01 0.7403E-01 0.1972E-01 0.1442E+00 0.7847E-01 0.8054E-01 0.1324E-01 0.6014E-02 0.6204E-02 0.7459E-02 0.4525E+00 0.1117E+00 0.2105E+00 0.9588E-01 0.8695E-01 0.0000E+00
0.0000E+00 0.9346E-01 0.1502E+00 0.4661E-01 0.1380E+00 0.8827E-01 0.9249E-01 0.7978E-01 0.2830E-01 0.1495E+00 0.8834E-01 0.9003E-01 0.1945E-01 0.1220E-01 0.1219E-01 0.6221E-02 0.4594E+00 0.6165E-02 0.2141E+00 0.1046E+00 0.9376E-01 0.0000E+00
0.0000E+00 0.9835E-01 0.1539E+00 0.6150E-02 0.1422E+00 0.9535E-01 0.1030E+00 0.9035E-01 0.3577E-01 0.1571E+00 0.9385E-01 0.1010E+00 0.2710E-01 0.2022E-01 0.1827E-01 0.1375E-01 0.4684E+00 0.1615E-01 0.2232E+00 0.1116E+00 0.1011E+00 0.0000E+00
0.0000E+00 0.1077E+00 0.1582E+00 0.1232E-01 0.1470E+00 0.1009E+00 0.1132E+00 0.9493E-01 0.4199E-01 0.1636E+00 0.9969E-01 0.1065E+00 0.3691E-01 0.2986E-01 0.2857E-01 0.2366E-01 0.4743E+00 0.2580E-01 0.2284E+00 0.1164E+00 0.1073E+00 0.0000E+00
0.0000E+00 0.1138E+00 0.1646E+00 0.1970E-01 0.1522E+00 0.1120E+00 0.1188E+00 0.1055E+00 0.5220E-01 0.1745E+00 0.1085E+00 0.1141E+00 0.4734E-01 0.3731E-01 0.3879E-01 0.3201E-01 0.4803E+00 0.3302E-01 0.2687E+00 0.1263E+00 0.1168E+00 0.0000E+00
0.0000E+00 0.1240E+00 0.1757E+00 0.2727E-01 0.1578E+00 0.1224E+00 0.1240E+00 0.1160E+00 0.6239E-01 0.1846E+00 0.1186E+00 0.1246E+00 0.5789E-01 0.4714E-01 0.4751E-01 0.8411E-01 0.4911E+00 0.1065E-01 0.2865E+00 0.1361E+00 0.1277E+00 0.0000E+00
0.0000E+00 0.1353E+00 0.1831E+00 0.3530E-01 0.1629E+00 0.1263E+00 0.1324E+00 0.1238E+00 0.7291E-01 0.1951E+00 0.1288E+00 0.1355E+00 0.6802E-01 0.5660E-01 0.6313E-02 0.9502E-01 0.5019E+00 0.1065E-01 0.3053E+00 0.1470E+00 0.1371E+00 0.0000E+00
0.0000E+00 0.1457E+00 0.1939E+00 0.4101E-01 0.1680E+00 0.1308E+00 0.1422E+00 0.1336E+00 0.8228E-01 0.2043E+00 0.1385E+00 0.1408E+00 0.7799E-01 0.6642E-01 0.1626E-01 0.1055E+00 0.5121E+00 0.1136E-01 0.3263E+00 0.1516E+00 0.1410E+00 0.0000E+00
0.0000E+00 0.1544E+00 0.2053E+00 0.4980E-01 0.1733E+00 0.1385E+00 0.1536E+00 0.1389E+00 0.8688E-01 0.2129E+00 0.1494E+00 0.1484E+00 0.8281E-01 0.7611E-01 0.2417E-01 0.1122E+00 0.5141E+00 0.1058E-01 0.3459E+00 0.1624E+00 0.1514E+00 0.0000E+00
0.0000E+00 0.1580E+00 0.2161E+00 0.5828E-01 0.1784E+00 0.1463E+00 0.1636E+00 0.1484E+00 0.9698E-01 0.2242E+00 0.1603E+00 0.1581E+00 0.8702E-01 0.8469E-01 0.3317E-01 0.1224E+00 0.5169E+00 0.6234E-02 0.3630E+00 0.1728E+00 0.1613E+00 0.0000E+00
0.0000E+00 0.1648E+00 0.2272E+00 0.6355E-01 0.1836E+00 0.1576E+00 0.1716E+00 0.1562E+00 0.1051E+00 0.2355E+00 0.1701E+00 0.1626E+00 0.9175E-01 0.8872E-01 0.3826E-01 0.1261E+00 0.5200E+00 0.7896E-02 0.3823E+00 0.1820E+00 0.1682E+00 0.0000E+00
0.0000E+00 0.1690E+00 0.2359E+00 0.6968E-01 0.1896E+00 0.1687E+00 0.1758E+00 0.1667E+00 0.1155E+00 0.2462E+00 0.1805E+00 0.1735E+00 0.9761E-01 0.9447E-01 0.4398E-01 0.1301E+00 0.5231E+00 0.6409E-02 0.3948E+00 0.1934E+00 0.1787E+00 0.0000E+00
0.0000E+00 0.1763E+00 0.2472E+00 0.7993E-01 0.1966E+00 0.1801E+00 0.1858E+00 0.1745E+00 0.1247E+00 0.2537E+00 0.1855E+00 0.1832E+00 0.1043E+00 0.1015E+00 0.4976E-01 0.1348E+00 0.5263E+00 0.1041E-01 0.3975E+00 0.2026E+00 0.1883E+00 0.0000E+00
0.0000E+00 0.1826E+00 0.2581E+00 0.9014E-01 0.2056E+00 0.1879E+00 0.1945E+00 0.1805E+00 0.1299E+00 0.2593E+00 0.1892E+00 0.1872E+00 0.1100E+00 0.1064E+00 0.5896E-01 0.1398E+00 0.5299E+00 0.1962E-01 0.4077E+00 0.2073E+00 0.1964E+00 0.0000E+00
0.0000E+00 0.1923E+00 0.2635E+00 0.9958E-01 0.2105E+00 0.1921E+00 0.2004E+00 0.1845E+00 0.1343E+00 0.2679E+00 0.1932E+00 0.1913E+00 0.1155E+00 0.1121E+00 0.6605E-01 0.1465E+00 0.5401E+00 0.2913E-01 0.4185E+00 0.2185E+00 0.2073E+00 0.0000E+00
0.0000E+00 0.1985E+00 0.2716E+00 0.1096E+00 0.2217E+00 0.2001E+00 0.2073E+00 0.1909E+00 0.1452E+00 0.2742E+00 0.1981E+00 0.1967E+00 0.1213E+00 0.1191E+00 0.7316E-01 0.1521E+00 0.5458E+00 0.3480E-01 0.4288E+00 0.2289E+00 0.2147E+00 0.0000E+00
0.0000E+00 0.2094E+00 0.2829E+00 0.1172E+00 0.2294E+00 0.2066E+00 0.2146E+00 0.1984E+00 0.1549E+00 0.2845E+00 0.2081E+00 0.2013E+00 0.1273E+00 0.1272E+00 0.8198E-01 0.1626E+00 0.5570E+00 0.4538E-01 0.4366E+00 0.2322E+00 0.2204E+00 0.0000E+00
0.0000E+00 0.2136E+00 0.2919E+00 0.1268E+00 0.2376E+00 0.2140E+00 0.2222E+00 0.2059E+00 0.1638E+00 0.2941E+00 0.2176E+00 0.2058E+00 0.1338E+00 0.1367E+00 0.9055E-01 0.1729E+00 0.5679E+00 0.5635E-01 0.4478E+00 0.2391E+00 0.2307E+00 0.0000E+00
0.0000E+00 0.2179E+00 0.3009E+00 0.1374E+00 0.2434E+00 0.2183E+00 0.2306E+00 0.2164E+00 0.1727E+00 0.2986E+00 0.2274E+00 0.2109E+00 0.1393E+00 0.1415E+00 0.9728E-01 0.1787E+00 0.5751E+00 0.6230E-01 0.4558E+00 0.2477E+00 0.2359E+00 0.0000E+00
0.0000E+00 0.2233E+00 0.3117E+00 0.1471E+00 0.2538E+00 0.2276E+00 0.2390E+00 0.2247E+00 0.1811E+00 0.3038E+00 0.2316E+00 0.2194E+00 0.1449E+00 0.1478E+00 0.1050E+00 0.1830E+00 0.5777E+00 0.6686E-01 0.4579E+00 0.2573E+00 0.2440E+00 0.0000E+00
0.0000E+00 0.2289E+00 0.3231E+00 0.1522E+00 0.2634E+00 0.2373E+00 0.2494E+00 0.2356E+00 0.1885E+00 0.3137E+00 0.2374E+00 0.2296E+00 0.1554E+00 0.1543E+00 0.1131E+00 0.1877E+00 0.5800E+00 0.7190E-01 0.4605E+00 0.2607E+00 0.2535E+00 0.0000E+00
0.0000E+00 0.2364E+00 0.3288E+00 0.1626E+00 0.2742E+00 0.2474E+00 0.2528E+00 0.2437E+00 0.1969E+00 0.3185E+00 0.2459E+00 0.2397E+00 0.1663E+00 0.1615E+00 0.1187E+00 0.1953E+00 0.5829E+00 0.7730E-01 0.4645E+00 0.2669E+00 0.2634E+00 0.0000E+00
0.0000E+00 0.2430E+00 0.3344E+00 0.1710E+00 0.2846E+00 0.2508E+00 0.2565E+00 0.2473E+00 0.2009E+00 0.3248E+00 0.2512E+00 0.2507E+00 0.1721E+00 0.1712E+00 0.1258E+00 0.2019E+00 0.5889E+00 0.8643E-01 0.4749E+00 0.2730E+00 0.2738E+00 0.0000E+00
0.0000E+00 0.2497E+00 0.3389E+00 0.1774E+00 0.2950E+00 0.2593E+00 0.2677E+00 0.2516E+00 0.2068E+00 0.3295E+00 0.2558E+00 0.2620E+00 0.1784E+00 0.1792E+00 0.1315E+00 0.2105E+00 0.5945E+00 0.9740E-01 0.4778E+00 0.2842E+00 0.2852E+00 0.0000E+00
0.0000E+00 0.2570E+00 0.3461E+00 0.1810E+00 0.3039E+00 0.2694E+00 0.2786E+00 0.2581E+00 0.2117E+00 0.3394E+00 0.2651E+00 0.2679E+00 0.1859E+00 0.1852E+00 0.1386E+00 0.2207E+00 0.6037E+00 0.1083E+00 0.4849E+00 0.2943E+00 0.2889E+00 0.0000E+00
0.0000E+00 0.2617E+00 0.3500E+00 0.1854E+00 0.3109E+00 0.2795E+00 0.2889E+00 0.2678E+00 0.2166E+00 0.3488E+00 0.2752E+00 0.2755E+00 0.1917E+00 0.1919E+00 0.1450E+00 0.2311E+00 0.6122E+00 0.1193E+00 0.4953E+00 0.2993E+00 0.2962E+00 0.0000E+00
0.0000E+00 0.2664E+00 0.3534E+00 0.1901E+00 0.3204E+00 0.2867E+00 0.2930E+00 0.2779E+00 0.2237E+00 0.3579E+00 0.2792E+00 0.2827E+00 0.1968E+00 0.1965E+00 0.1502E+00 0.2347E+00 0.6225E+00 0.1285E+00 0.4988E+00 0.3076E+00 0.3043E+00 0.0000E+00
0.0000E+00 0.2713E+00 0.3569E+00 0.1947E+00 0.3290E+00 0.2966E+00 0.3022E+00 0.2892E+00 0.2346E+00 0.3692E+00 0.2861E+00 0.2865E+00 0.2031E+00 0.2021E+00 0.1555E+00 0.2450E+00 0.6316E+00 0.1381E+00 0.5042E+00 0.3174E+00 0.3115E+00 0.0000E+00
0.0000E+00 0.2764E+00 0.3615E+00 0.1996E+00 0.3321E+00 0.3022E+00 0.3118E+00 0.2993E+00 0.2447E+00 0.3787E+00 0.2907E+00 0.2905E+00 0.2104E+00 0.2119E+00 0.1612E+00 0.2551E+00 0.6410E+00 0.1469E+00 0.5073E+00 0.3248E+00 0.3191E+00 0.0000E+00
0.0000E+00 0.2814E+00 0.5701E+00 0.2046E+00 0.3358E+00 0.3064E+00 0.3175E+00 0.3071E+00 0.2535E+00 0.3868E+00 0.2986E+00 0.2963E+00 0.2176E+00 0.2228E+00 0.1662E+00 0.2587E+00 0.6482E+00 0.1552E+00 0.5104E+00 0.3279E+00 0.3222E+00 0.0000E+00
0.0000E+00 0.8591E+00 0.5739E+00 0.6223E-02 0.3397E+00 0.3107E+00 0.3221E+00 0.3155E+00 0.2610E+00 0.3954E+00 0.3099E+00 0.3023E+00 0.2277E+00 0.2279E+00 0.1714E+00 0.2624E+00 0.6506E+00 0.1589E+00 0.5133E+00 0.3312E+00 0.3255E+00 0.0000E+00
0.0000E+00 0.8628E+00 0.6571E-02 0.1264E-01 0.3439E+00 0.3147E+00 0.3260E+00 0.3204E+00 0.2688E+00 0.4040E+00 0.3213E+00 0.3127E+00 0.2386E+00 0.2323E+00 0.1764E+00 0.2664E+00 0.6533E+00 0.1627E+00 0.5173E+00 0.3372E+00 0.3309E+00 0.0000E+00
0.0000E+00 0.8672E+00 0.1279E-01 0.1899E-01 0.3483E+00 0.3185E+00 0.3302E+00 0.3270E+00 0.2772E+00 0.4130E+00 0.3317E+00 0.3230E+00 0.2483E+00 0.2427E+00 0.1816E+00 0.2706E+00 0.6565E+00 0.1712E+00 0.5239E+00 0.3482E+00 0.3421E+00 0.0000E+00
0.0000E+00 0.8720E+00 0.1921E-01 0.2549E-01 0.3531E+00 0.3235E+00 0.3357E+00 0.3341E+00 0.2860E+00 0.4219E+00 0.3425E+00 0.3340E+00 0.2597E+00 0.2506E+00 0.1867E+00 0.2750E+00 0.6599E+00 0.1759E+00 0.5297E+00 0.3595E+00 0.3531E+00 0.0000E+00
0.0000E+00 0.8767E+00 0.2599E-01 0.3150E-01 0.6840E+00 0.3272E+00 0.3395E+00 0.3401E+00 0.2964E+00 0.4313E+00 0.3472E+00 0.3439E+00 0.2710E+00 0.2589E+00 0.1925E+00 0.2796E+00 0.6632E+00 0.1802E+00 0.5352E+00 0.3709E+00 0.3561E+00 0.0000E+00
0.0000E+00 0.8830E+00 0.3216E-01 0.7231E+00 0.6879E+00 0.6194E-02 0.3433E+00 0.3437E+00 0.3069E+00 0.4398E+00 0.3554E+00 0.3526E+00 0.2824E+00 0.2666E+00 0.1993E+00 0.2871E+00 0.6689E+00 0.1856E+00 0.5401E+00 0.3818E+00 0.3669E+00 0.0000E+00
0.0000E+00 0.8901E+00 0.4079E-01 0.7311E+00 0.6179E-02 0.1230E-01 0.3471E+00 0.3475E+00 0.3163E+00 0.4497E+00 0.3662E+00 0.3592E+00 0.2928E+00 0.2740E+00 0.2079E+00 0.2916E+00 0.6759E+00 0.1922E+00 0.5434E+00 0.3891E+00 0.3761E+00 0.0000E+00
0.0000E+00 0.8961E+00 0.4876E-01 0.7348E+00 0.1235E-01 0.1844E-01 0.3510E+00 0.3568E+00 0.3253E+00 0.4596E+00 0.3750E+00 0.3640E+00 0.3026E+00 0.2828E+00 0.2142E+00 0.2965E+00 0.6853E+00 0.1981E+00 0.5474E+00 0.3947E+00 0.3802E+00 0.0000E+00
0.0000E+00 0.9033E+00 0.5864E-01 0.7459E+00 0.2266E-01 0.2620E-01 0.3555E+00 0.3663E+00 0.3340E+00 0.4689E+00 0.3854E+00 0.3693E+00 0.3110E+00 0.2903E+00 0.2193E+00 0.3017E+00 0.6945E+00 0.2073E+00 0.5526E+00 0.4002E+00 0.3853E+00 0.0000E+00
0.0000E+00 0.9104E+00 0.6524E-01 0.7551E+00 0.3155E-01 0.3389E-01 0.3659E+00 0.3759E+00 0.3413E+00 0.4776E+00 0.3954E+00 0.3759E+00 0.3177E+00 0.2978E+00 0.2242E+00 0.3072E+00 0.7028E+00 0.2175E+00 0.5617E+00 0.4109E+00 0.3956E+00 0.0000E+00
0.0000E+00 0.9180E+00 0.7462E-01 0.7643E+00 0.3968E-01 0.4195E-01 0.3723E+00 0.3837E+00 0.3494E+00 0.4802E+00 0.4062E+00 0.3846E+00 0.3248E+00 0.3016E+00 0.2292E+00 0.3137E+00 0.7101E+00 0.2264E+00 0.5717E+00 0.4204E+00 0.4057E+00 0.0000E+00
0.0000E+00 0.9251E+00 0.8278E-01 0.7720E+00 0.4679E-01 0.4992E-01 0.3796E+00 0.3911E+00 0.3575E+00 0.4894E+00 0.4151E+00 0.3930E+00 0.3328E+00 0.3065E+00 0.2357E+00 0.3202E+00 0.7166E+00 0.2338E+00 0.5774E+00 0.4308E+00 0.4156E+00 0.0000E+00
0.0000E+00 0.9285E+00 0.8739E-01 0.7818E+00 0.5560E-01 0.5947E-01 0.3891E+00 0.4006E+00 0.3657E+00 0.4936E+00 0.4231E+00 0.4017E+00 0.3418E+00 0.3164E+00 0.2452E+00 0.3273E+00 0.7205E+00 0.2423E+00 0.5811E+00 0.4382E+00 0.4244E+00 0.0000E+00
0.0000E+00 0.9320E+00 0.9237E-01 0.7886E+00 0.6467E-01 0.6967E-01 0.3992E+00 0.4115E+00 0.3746E+00 0.5023E+00 0.4315E+00 0.4122E+00 0.3499E+00 0.3269E+00 0.2553E+00 0.3355E+00 0.7254E+00 0.2478E+00 0.5847E+00 0.4421E+00 0.4295E+00 0.0000E+00
0.0000E+00 0.9353E+00 0.9779E-01 0.7998E+00 0.7358E-01 0.7932E-01 0.4096E+00 0.4219E+00 0.3782E+00 0.5113E+00 0.4407E+00 0.4217E+00 0.3598E+00 0.3378E+00 0.2646E+00 0.3440E+00 0.7303E+00 0.2542E+00 0.5885E+00 0.4500E+00 0.4393E+00 0.0000E+00
0.0000E+00 0.9389E+00 0.1060E+00 0.8098E+00 0.8265E-01 0.8873E-01 0.4200E+00 0.4309E+00 0.3839E+00 0.5198E+00 0.4478E+00 0.4295E+00 0.3672E+00 0.3441E+00 0.2743E+00 0.3519E+00 0.7368E+00 0.2604E+00 0.5978E+00 0.4566E+00 0.4439E+00 0.0000E+00
0.0000E+00 0.9451E+00 0.1150E+00 0.8193E+00 0.9206E-01 0.9788E-01 0.4300E+00 0.4399E+00 0.3899E+00 0.5268E+00 0.4555E+00 0.4381E+00 0.3726E+00 0.3473E+00 0.2795E+00 0.3599E+00 0.7450E+00 0.2674E+00 0.6069E+00 0.4660E+00 0.4505E+00 0.0000E+00
0.0000E+00 0.9514E+00 0.1247E+00 0.8297E+00 0.1022E+00 0.1076E+00 0.4366E+00 0.4462E+00 0.3969E+00 0.5330E+00 0.4649E+00 0.4490E+00 0.3754E+00 0.3509E+00 0.2832E+00 0.3658E+00 0.7532E+00 0.2748E+00 0.6168E+00 0.4759E+00 0.4571E+00 0.0000E+00
0.0000E+00 0.9551E+00 0.1350E+00 0.8378E+00 0.1115E+00 0.1165E+00 0.4418E+00 0.4512E+00 0.4029E+00 0.5379E+00 0.4706E+00 0.4529E+00 0.3786E+00 0.3545E+00 0.2873E+00 0.3700E+00 0.7560E+00 0.2817E+00 0.6250E+00 0.4825E+00 0.4634E+00 0.0000E+00
0.0000E+00 0.9586E+00 0.1681E+01 0.1537E+01 0.6929E+00 0.5721E+00 0.4475E+00 0.8672E+00 0.4095E+00 0.5415E+00 0.4762E+00 0.8455E+00 0.3844E+00 0.3582E+00 0.1422E+01 0.1131E+01 0.7587E+00 0.2855E+00 0.6277E+00 0.4869E+00 0.4686E+00 0.0000E+00
0.0000E+00 0.0000E+00 0.0000E+00 0.0000E+00 0.0000E+00 0.0000E+00 0.0000E+00 0.0000E+00 0.0000E+00 0.0000E+00 0.0000E+00 0.0000E+00 0.0000E+00 0.0000E+00 0.0000E+00 0.0000E+00 0.0000E+00 0.0000E+00 0.0000E+00 0.0000E+00 0.0000E+00 0.0000E+00
