p3_rainC_highsm_sedtr.asc
ncols     22
nrows     62
xllcorner      0.00000000
yllcorner      0.00000000
cellsize      0.50000000
nodata_value -9999
0.0000E+00 0.0000E+00 0.0000E+00 0.0000E+00 0.0000E+00 0.0000E+00 0.0000E+00 0.0000E+00 0.0000E+00 0.0000E+00 0.0000E+00 0.0000E+00 0.0000E+00 0.0000E+00 0.0000E+00 0.0000E+00 0.0000E+00 0.0000E+00 0.0000E+00 0.0000E+00 0.0000E+00 0.0000E+00
0.0000E+00 0.3197E-01 0.3019E-01 0.9770E-02 0.3235E-01 0.1889E-01 0.2513E-01 0.2265E-01 0.1877E-01 0.1174E-01 0.2137E-02 0.1457E-01 0.2741E-01 0.1544E-01 0.4957E-02 0.4890E-01 0.4582E-01 0.3382E-01 0.4192E-01 0.1133E-01 0.2737E-01 0.0000E+00
0.0000E+00 0.2351E-01 0.6050E-01 0.4289E-01 0.2783E-01 0.5360E-01 0.4901E-01 0.1904E-01 0.6158E-01 0.5828E-01 0.4430E-01 0.1607E-01 0.7474E-01 0.5065E-01 0.6538E-01 0.7958E-01 0.8068E-01 0.5468E-01 0.7352E-01 0.6018E-01 0.4868E-01 0.0000E+00
0.0000E+00 0.6652E-01 0.6116E-01 0.8718E-01 0.2905E-01 0.8011E-01 0.7132E-01 0.1334E-01 0.7686E-01 0.8782E-01 0.8770E-01 0.5781E-01 0.1067E+00 0.3750E-01 0.8053E-01 0.9785E-01 0.9823E-01 0.4487E-01 0.7521E-01 0.5676E-01 0.5720E-01 0.0000E+00
0.0000E+00 0.9257E-01 0.1031E+00 0.1166E+00 0.7242E-01 0.6099E-01 0.1206E+00 0.4321E-01 0.9933E-01 0.1055E+00 0.5114E-01 0.7587E-01 0.1085E+00 0.8338E-01 0.1040E+00 0.1163E+00 0.8608E-01 0.5415E-01 0.8078E-01 0.3077E-01 0.7277E-01 0.0000E+00
0.0000E+00 0.9791E-01 0.1132E+00 0.9952E-01 0.8246E-01 0.9582E-01 0.1124E+00 0.7016E-01 0.1101E+00 0.9510E-01 0.8486E-01 0.4122E-01 0.1274E+00 0.9836E-01 0.1349E+00 0.1526E+00 0.1041E+00 0.1177E+00 0.1489E+00 0.5379E-01 0.9456E-01 0.0000E+00
0.0000E+00 0.6787E-01 0.1267E+00 0.5113E-01 0.6915E-01 0.9450E-01 0.1015E+00 0.7556E-01 0.1232E+00 0.5715E-01 0.5658E-01 0.9656E-01 0.1391E+00 0.1415E+00 0.1228E+00 0.1215E+00 0.1264E+00 0.1422E+00 0.1632E+00 0.1003E+00 0.1114E+00 0.0000E+00
0.0000E+00 0.9638E-01 0.9790E-01 0.2890E-02 0.6755E-01 0.6384E-01 0.6423E-01 0.6106E-01 0.1065E+00 0.1140E+00 0.1017E+00 0.1149E+00 0.9963E-01 0.1298E+00 0.1049E+00 0.1426E+00 0.1251E+00 0.1446E+00 0.1498E+00 0.1393E+00 0.1310E+00 0.0000E+00
0.0000E+00 0.1018E+00 0.8453E-01 0.9072E-02 0.5511E-01 0.4420E-01 0.5118E-01 0.6136E-01 0.8683E-01 0.1185E+00 0.1160E+00 0.6477E-01 0.8313E-01 0.1572E+00 0.1224E+00 0.1355E+00 0.1350E+00 0.1571E+00 0.1695E+00 0.1405E+00 0.1204E+00 0.0000E+00
0.0000E+00 0.7941E-01 0.7926E-01 0.6749E-01 0.1088E+00 0.8462E-01 0.1072E+00 0.5815E-01 0.1538E-02 0.9608E-01 0.6227E-01 0.7320E-01 0.2002E-01 0.1283E+00 0.1134E+00 0.1422E+00 0.1140E+00 0.1556E+00 0.1660E+00 0.1521E+00 0.1364E+00 0.0000E+00
0.0000E+00 0.1011E+00 0.1205E+00 0.6814E-01 0.1556E+00 0.9075E-01 0.7473E-01 0.9700E-01 0.8945E-02 0.9197E-01 0.4464E-01 0.4307E-01 0.1748E-01 0.1157E+00 0.1736E+00 0.2376E+00 0.2974E+00 0.1346E+00 0.1288E+00 0.1514E+00 0.1307E+00 0.0000E+00
0.0000E+00 0.6330E-01 0.1472E+00 0.6019E-01 0.8018E-01 0.1166E+00 0.1361E+00 0.9968E-01 0.4670E-01 0.8894E-01 0.3616E-01 0.8453E-01 0.4101E-01 0.1663E-02 0.1088E-02 0.1042E-01 0.2970E+00 0.1216E+00 0.1895E+00 0.1612E+00 0.1284E+00 0.0000E+00
0.0000E+00 0.9929E-01 0.1278E+00 0.3033E-01 0.1172E+00 0.9244E-01 0.1346E+00 0.6119E-01 0.7282E-01 0.8648E-01 0.7487E-01 0.8159E-01 0.1932E-01 0.6626E-02 0.5344E-02 0.5058E-02 0.3164E+00 0.6175E-02 0.1778E+00 0.1577E+00 0.1109E+00 0.0000E+00
0.0000E+00 0.5791E-01 0.8995E-01 0.3401E-02 0.8043E-01 0.9351E-01 0.1598E+00 0.8951E-01 0.5619E-01 0.1150E+00 0.6490E-01 0.7640E-01 0.2802E-01 0.4120E-01 0.9761E-02 0.4986E-01 0.3208E+00 0.5501E-01 0.2066E+00 0.1505E+00 0.1278E+00 0.0000E+00
0.0000E+00 0.1432E+00 0.7840E-01 0.8337E-02 0.7123E-01 0.1099E+00 0.1688E+00 0.5092E-01 0.3450E-01 0.1151E+00 0.9180E-01 0.9928E-01 0.6771E-01 0.8057E-01 0.7338E-01 0.7265E-01 0.3022E+00 0.6718E-01 0.1772E+00 0.1486E+00 0.1427E+00 0.0000E+00
0.0000E+00 0.1200E+00 0.1179E+00 0.3320E-01 0.7067E-01 0.1327E+00 0.1209E+00 0.8371E-01 0.7989E-01 0.1487E+00 0.1207E+00 0.1317E+00 0.8207E-01 0.4835E-01 0.7100E-01 0.8365E-01 0.3108E+00 0.6091E-01 0.2320E+00 0.1617E+00 0.1332E+00 0.0000E+00
0.0000E+00 0.1769E+00 0.1941E+00 0.4171E-01 0.6694E-01 0.1049E+00 0.1327E+00 0.1025E+00 0.9160E-01 0.1593E+00 0.1325E+00 0.1434E+00 0.9055E-01 0.6932E-01 0.8570E-01 0.8428E-01 0.3142E+00 0.4843E-01 0.2474E+00 0.1614E+00 0.1361E+00 0.0000E+00
0.0000E+00 0.1834E+00 0.1750E+00 0.5196E-01 0.6438E-01 0.6573E-01 0.1521E+00 0.1133E+00 0.9420E-01 0.1663E+00 0.1379E+00 0.1383E+00 0.1081E+00 0.1128E+00 0.8857E-02 0.1193E+00 0.3235E+00 0.4546E-01 0.2387E+00 0.1692E+00 0.1528E+00 0.0000E+00
0.0000E+00 0.2016E+00 0.2219E+00 0.2875E-01 0.6413E-01 0.6106E-01 0.2104E+00 0.1485E+00 0.1526E+00 0.2414E+00 0.1807E+00 0.9786E-01 0.1251E+00 0.1494E+00 0.6487E-01 0.1108E+00 0.3119E+00 0.1734E-01 0.2563E+00 0.1202E+00 0.9370E-01 0.0000E+00
0.0000E+00 0.1963E+00 0.2230E+00 0.7185E-01 0.7474E-01 0.1187E+00 0.2097E+00 0.1140E+00 0.1008E+00 0.2388E+00 0.1974E+00 0.1006E+00 0.8826E-01 0.1403E+00 0.5642E-01 0.9835E-01 0.2686E+00 0.5561E-01 0.2520E+00 0.1428E+00 0.1284E+00 0.0000E+00
0.0000E+00 0.1234E+00 0.2440E+00 0.9111E-01 0.7256E-01 0.1440E+00 0.2371E+00 0.1731E+00 0.1411E+00 0.2460E+00 0.2160E+00 0.1282E+00 0.6047E-01 0.1491E+00 0.5817E-01 0.1155E+00 0.2501E+00 0.4444E-02 0.2416E+00 0.1560E+00 0.1482E+00 0.0000E+00
0.0000E+00 0.1734E+00 0.3068E+00 0.5768E-01 0.6901E-01 0.1567E+00 0.2199E+00 0.1591E+00 0.1509E+00 0.2486E+00 0.2147E+00 0.8508E-01 0.5170E-01 0.9280E-01 0.5478E-01 0.7398E-01 0.2422E+00 0.1929E-01 0.2530E+00 0.1855E+00 0.1643E+00 0.0000E+00
0.0000E+00 0.1291E+00 0.3208E+00 0.5334E-01 0.8426E-01 0.2145E+00 0.1499E+00 0.1854E+00 0.1903E+00 0.2391E+00 0.1842E+00 0.1911E+00 0.9409E-01 0.9007E-01 0.3671E-01 0.6849E-01 0.2357E+00 0.7506E-02 0.2588E+00 0.1869E+00 0.1692E+00 0.0000E+00
0.0000E+00 0.1586E+00 0.3216E+00 0.1568E+00 0.1070E+00 0.1966E+00 0.1646E+00 0.1921E+00 0.2371E+00 0.2412E+00 0.1543E+00 0.1855E+00 0.1170E+00 0.1615E+00 0.3188E-01 0.7068E-01 0.2330E+00 0.6823E-01 0.2094E+00 0.2095E+00 0.1771E+00 0.0000E+00
0.0000E+00 0.1279E+00 0.3195E+00 0.1934E+00 0.1865E+00 0.2124E+00 0.1957E+00 0.1782E+00 0.1685E+00 0.2679E+00 0.1312E+00 0.2035E+00 0.1397E+00 0.1001E+00 0.1067E+00 0.6633E-01 0.2330E+00 0.9056E-01 0.2497E+00 0.1523E+00 0.1715E+00 0.0000E+00
0.0000E+00 0.1933E+00 0.2550E+00 0.1764E+00 0.1686E+00 0.2493E+00 0.2072E+00 0.1610E+00 0.1609E+00 0.3390E+00 0.1423E+00 0.1572E+00 0.2074E+00 0.1727E+00 0.1435E+00 0.1638E+00 0.3338E+00 0.1219E+00 0.2431E+00 0.1487E+00 0.1894E+00 0.0000E+00
0.0000E+00 0.1656E+00 0.2916E+00 0.2082E+00 0.1808E+00 0.2840E+00 0.2244E+00 0.1552E+00 0.2232E+00 0.2821E+00 0.1981E+00 0.2387E+00 0.2198E+00 0.2003E+00 0.1688E+00 0.1286E+00 0.3381E+00 0.1575E+00 0.2551E+00 0.1619E+00 0.1529E+00 0.0000E+00
0.0000E+00 0.2148E+00 0.2937E+00 0.1940E+00 0.2366E+00 0.2600E+00 0.2771E+00 0.1933E+00 0.2217E+00 0.3101E+00 0.2258E+00 0.1867E+00 0.2177E+00 0.1740E+00 0.1625E+00 0.1919E+00 0.3461E+00 0.1713E+00 0.2665E+00 0.1908E+00 0.1365E+00 0.0000E+00
0.0000E+00 0.1606E+00 0.3054E+00 0.2401E+00 0.2605E+00 0.2572E+00 0.2822E+00 0.1843E+00 0.2376E+00 0.3085E+00 0.2165E+00 0.1387E+00 0.2114E+00 0.2074E+00 0.1822E+00 0.2216E+00 0.4007E+00 0.1665E+00 0.2668E+00 0.1859E+00 0.1564E+00 0.0000E+00
0.0000E+00 0.1223E+00 0.3264E+00 0.2644E+00 0.2052E+00 0.1862E+00 0.2799E+00 0.2035E+00 0.2405E+00 0.2435E+00 0.2351E+00 0.1993E+00 0.1735E+00 0.1634E+00 0.2087E+00 0.1726E+00 0.3537E+00 0.1052E+00 0.2450E+00 0.1839E+00 0.1202E+00 0.0000E+00
0.0000E+00 0.1156E+00 0.3310E+00 0.2722E+00 0.2417E+00 0.2420E+00 0.2641E+00 0.1946E+00 0.2305E+00 0.2113E+00 0.2415E+00 0.2233E+00 0.1526E+00 0.1915E+00 0.2113E+00 0.1241E+00 0.2984E+00 0.7795E-01 0.1916E+00 0.2162E+00 0.1687E+00 0.0000E+00
0.0000E+00 0.1139E+00 0.3317E+00 0.2000E+00 0.2352E+00 0.2519E+00 0.2567E+00 0.1690E+00 0.1993E+00 0.2592E+00 0.1913E+00 0.2284E+00 0.1792E+00 0.1907E+00 0.1969E+00 0.1028E+00 0.2756E+00 0.7249E-01 0.1706E+00 0.1420E+00 0.2253E+00 0.0000E+00
0.0000E+00 0.2184E+00 0.3573E+00 0.2488E+00 0.2709E+00 0.2412E+00 0.1735E+00 0.1640E+00 0.2214E+00 0.2026E+00 0.2243E+00 0.2378E+00 0.1854E+00 0.1841E+00 0.1544E+00 0.1709E+00 0.2624E+00 0.6995E-01 0.1689E+00 0.1357E+00 0.2397E+00 0.0000E+00
0.0000E+00 0.2741E+00 0.3617E+00 0.2276E+00 0.2939E+00 0.1670E+00 0.1464E+00 0.1251E+00 0.1632E+00 0.1955E+00 0.1695E+00 0.2233E+00 0.1550E+00 0.1988E+00 0.1861E+00 0.1928E+00 0.3254E+00 0.1359E+00 0.2574E+00 0.1294E+00 0.2419E+00 0.0000E+00
0.0000E+00 0.2669E+00 0.2853E+00 0.1837E+00 0.2843E+00 0.2041E+00 0.1569E+00 0.1122E+00 0.1956E+00 0.1816E+00 0.1440E+00 0.2193E+00 0.2002E+00 0.1943E+00 0.1612E+00 0.2292E+00 0.3564E+00 0.1938E+00 0.1968E+00 0.1363E+00 0.2171E+00 0.0000E+00
0.0000E+00 0.2548E+00 0.2816E+00 0.1466E+00 0.2483E+00 0.2662E+00 0.2622E+00 0.1437E+00 0.1572E+00 0.2511E+00 0.1882E+00 0.2154E+00 0.2114E+00 0.1769E+00 0.1784E+00 0.2554E+00 0.4002E+00 0.2218E+00 0.2122E+00 0.1612E+00 0.1515E+00 0.0000E+00
0.0000E+00 0.2355E+00 0.2889E+00 0.1544E+00 0.3034E+00 0.3167E+00 0.3057E+00 0.1997E+00 0.1476E+00 0.2964E+00 0.2291E+00 0.2358E+00 0.2062E+00 0.1738E+00 0.1488E+00 0.2668E+00 0.4146E+00 0.2532E+00 0.2899E+00 0.1427E+00 0.1878E+00 0.0000E+00
0.0000E+00 0.2706E+00 0.3149E+00 0.1983E+00 0.3498E+00 0.2680E+00 0.2275E+00 0.2652E+00 0.2039E+00 0.3302E+00 0.1676E+00 0.2575E+00 0.2042E+00 0.1263E+00 0.1168E+00 0.1797E+00 0.4522E+00 0.2426E+00 0.2276E+00 0.1901E+00 0.1974E+00 0.0000E+00
0.0000E+00 0.3004E+00 0.3680E+00 0.2282E+00 0.3390E+00 0.3014E+00 0.2776E+00 0.2722E+00 0.2561E+00 0.3335E+00 0.2282E+00 0.2244E+00 0.2342E+00 0.1342E+00 0.1129E+00 0.2460E+00 0.4809E+00 0.2742E+00 0.2346E+00 0.1847E+00 0.1906E+00 0.0000E+00
0.0000E+00 0.2887E+00 0.3481E+00 0.1950E+00 0.2277E+00 0.2971E+00 0.2987E+00 0.3186E+00 0.2756E+00 0.3632E+00 0.1897E+00 0.2502E+00 0.2637E+00 0.2343E+00 0.2159E+00 0.3159E+00 0.4929E+00 0.2689E+00 0.1899E+00 0.1918E+00 0.2001E+00 0.0000E+00
0.0000E+00 0.2376E+00 0.4051E+00 0.1714E+00 0.2130E+00 0.2497E+00 0.2387E+00 0.3115E+00 0.2990E+00 0.3790E+00 0.2204E+00 0.2965E+00 0.2262E+00 0.2932E+00 0.1428E+00 0.2105E+00 0.4687E+00 0.2506E+00 0.1687E+00 0.1264E+00 0.1289E+00 0.0000E+00
0.0000E+00 0.4885E+00 0.3627E+00 0.1145E-01 0.2339E+00 0.2517E+00 0.2499E+00 0.3196E+00 0.3036E+00 0.3876E+00 0.2276E+00 0.2993E+00 0.2598E+00 0.2089E+00 0.1055E+00 0.1507E+00 0.3827E+00 0.1826E+00 0.1590E+00 0.1017E+00 0.1040E+00 0.0000E+00
0.0000E+00 0.4464E+00 0.3548E-01 0.6204E-01 0.2663E+00 0.2726E+00 0.2695E+00 0.2714E+00 0.3093E+00 0.3891E+00 0.2320E+00 0.2763E+00 0.2487E+00 0.1532E+00 0.9556E-01 0.1348E+00 0.3390E+00 0.1507E+00 0.1868E+00 0.1150E+00 0.1267E+00 0.0000E+00
0.0000E+00 0.4702E+00 0.1949E-01 0.9754E-01 0.3115E+00 0.1973E+00 0.2965E+00 0.2848E+00 0.3038E+00 0.3872E+00 0.2737E+00 0.2986E+00 0.2614E+00 0.2139E+00 0.9157E-01 0.1265E+00 0.3096E+00 0.2057E+00 0.2183E+00 0.1981E+00 0.1891E+00 0.0000E+00
0.0000E+00 0.4628E+00 0.7823E-01 0.1096E+00 0.3079E+00 0.2598E+00 0.2992E+00 0.2661E+00 0.2871E+00 0.3668E+00 0.2800E+00 0.2793E+00 0.2627E+00 0.2158E+00 0.8850E-01 0.1212E+00 0.2947E+00 0.2107E+00 0.2757E+00 0.2024E+00 0.2248E+00 0.0000E+00
0.0000E+00 0.4290E+00 0.7864E-01 0.5424E-01 0.3427E+00 0.1735E+00 0.2047E+00 0.2260E+00 0.2720E+00 0.3380E+00 0.1964E+00 0.2530E+00 0.2251E+00 0.2166E+00 0.1118E+00 0.1180E+00 0.2804E+00 0.1517E+00 0.3064E+00 0.2037E+00 0.1415E+00 0.0000E+00
0.0000E+00 0.4184E+00 0.3886E-01 0.3158E+00 0.3053E+00 0.1774E-02 0.1599E+00 0.1738E+00 0.2760E+00 0.3055E+00 0.2080E+00 0.2376E+00 0.2218E+00 0.1953E+00 0.1552E+00 0.2008E+00 0.3340E+00 0.2078E+00 0.2544E+00 0.2124E+00 0.1747E+00 0.0000E+00
0.0000E+00 0.4091E+00 0.8612E-01 0.3249E+00 0.5310E-02 0.6676E-02 0.1427E+00 0.1516E+00 0.2475E+00 0.2916E+00 0.2065E+00 0.2083E+00 0.2229E+00 0.2178E+00 0.1817E+00 0.1490E+00 0.3713E+00 0.2310E+00 0.2038E+00 0.2240E+00 0.1975E+00 0.0000E+00
0.0000E+00 0.4053E+00 0.7459E-01 0.3032E+00 0.8124E-02 0.1216E-01 0.1331E+00 0.1987E+00 0.2420E+00 0.2917E+00 0.2001E+00 0.1882E+00 0.2084E+00 0.2148E+00 0.1452E+00 0.1520E+00 0.4073E+00 0.2111E+00 0.2680E+00 0.2363E+00 0.1618E+00 0.0000E+00
0.0000E+00 0.4071E+00 0.1010E+00 0.3044E+00 0.7537E-01 0.7337E-01 0.1283E+00 0.2269E+00 0.2141E+00 0.2497E+00 0.2169E+00 0.1812E+00 0.1801E+00 0.1885E+00 0.1223E+00 0.1871E+00 0.4173E+00 0.2241E+00 0.3012E+00 0.2475E+00 0.1284E+00 0.0000E+00
0.0000E+00 0.3999E+00 0.7348E-01 0.3339E+00 0.9026E-01 0.8833E-01 0.1869E+00 0.2440E+00 0.2103E+00 0.2440E+00 0.2063E+00 0.1808E+00 0.1635E+00 0.1421E+00 0.1082E+00 0.1658E+00 0.4088E+00 0.2424E+00 0.3197E+00 0.2447E+00 0.1867E+00 0.0000E+00
0.0000E+00 0.3803E+00 0.9786E-01 0.3529E+00 0.9513E-01 0.7741E-01 0.2043E+00 0.2233E+00 0.2063E+00 0.2054E+00 0.2027E+00 0.1898E+00 0.1761E+00 0.1125E+00 0.1805E+00 0.2109E+00 0.3898E+00 0.2189E+00 0.2960E+00 0.2225E+00 0.2203E+00 0.0000E+00
0.0000E+00 0.3760E+00 0.8216E-01 0.3387E+00 0.8802E-01 0.9451E-01 0.1871E+00 0.2085E+00 0.1947E+00 0.2369E+00 0.2089E+00 0.1704E+00 0.1977E+00 0.1590E+00 0.1730E+00 0.2220E+00 0.3744E+00 0.1792E+00 0.2502E+00 0.1930E+00 0.1937E+00 0.0000E+00
0.0000E+00 0.3361E+00 0.4927E-01 0.3396E+00 0.1171E+00 0.1210E+00 0.2324E+00 0.2107E+00 0.1882E+00 0.1982E+00 0.2024E+00 0.1641E+00 0.1984E+00 0.2016E+00 0.1975E+00 0.2391E+00 0.3473E+00 0.2015E+00 0.2476E+00 0.2031E+00 0.2099E+00 0.0000E+00
0.0000E+00 0.3175E+00 0.4564E-01 0.3513E+00 0.1333E+00 0.1340E+00 0.2389E+00 0.2221E+00 0.1933E+00 0.2417E+00 0.1968E+00 0.1886E+00 0.1830E+00 0.2158E+00 0.1980E+00 0.2449E+00 0.3682E+00 0.2196E+00 0.2813E+00 0.1916E+00 0.2244E+00 0.0000E+00
0.0000E+00 0.3041E+00 0.4541E-01 0.3570E+00 0.1595E+00 0.1398E+00 0.2594E+00 0.2201E+00 0.1510E+00 0.2812E+00 0.2042E+00 0.1861E+00 0.1700E+00 0.2020E+00 0.1932E+00 0.2459E+00 0.3702E+00 0.2435E+00 0.2570E+00 0.2014E+00 0.1863E+00 0.0000E+00
0.0000E+00 0.2971E+00 0.9087E-01 0.4032E+00 0.1730E+00 0.1523E+00 0.2730E+00 0.2706E+00 0.1485E+00 0.2964E+00 0.2036E+00 0.1834E+00 0.1459E+00 0.1747E+00 0.1879E+00 0.2060E+00 0.3870E+00 0.2159E+00 0.2523E+00 0.2035E+00 0.1979E+00 0.0000E+00
0.0000E+00 0.3723E+00 0.1720E+00 0.4314E+00 0.1894E+00 0.1719E+00 0.2768E+00 0.2697E+00 0.1816E+00 0.2848E+00 0.1887E+00 0.1835E+00 0.1290E+00 0.1172E+00 0.1294E+00 0.1901E+00 0.3621E+00 0.2080E+00 0.2427E+00 0.1954E+00 0.2111E+00 0.0000E+00
0.0000E+00 0.4215E+00 0.1807E+00 0.4455E+00 0.2101E+00 0.1929E+00 0.2528E+00 0.2652E+00 0.2122E+00 0.2868E+00 0.1961E+00 0.1835E+00 0.1071E+00 0.1026E+00 0.1022E+00 0.1828E+00 0.3339E+00 0.1794E+00 0.2361E+00 0.1906E+00 0.1894E+00 0.0000E+00
0.0000E+00 0.3699E+00 0.2221E+00 0.4564E+00 0.2142E+00 0.2208E+00 0.2694E+00 0.2892E+00 0.2100E+00 0.3025E+00 0.2137E+00 0.1391E+00 0.9679E-01 0.9374E-01 0.8961E-01 0.1496E+00 0.3028E+00 0.1585E+00 0.1924E+00 0.1385E+00 0.1466E+00 0.0000E+00
0.0000E+00 0.3243E+00 0.6720E+00 0.6581E+00 0.3870E+00 0.3473E+00 0.2601E+00 0.3196E+00 0.1792E+00 0.2251E+00 0.1485E+00 0.1922E+00 0.8997E-01 0.7836E-01 0.4187E+00 0.3668E+00 0.2674E+00 0.1156E+00 0.1554E+00 0.1148E+00 0.1109E+00 0.0000E+00
0.0000E+00 0.0000E+00 0.0000E+00 0.0000E+00 0.0000E+00 0.0000E+00 0.0000E+00 0.0000E+00 0.0000E+00 0.0000E+00 0.0000E+00 0.0000E+00 0.0000E+00 0.0000E+00 0.0000E+00 0.0000E+00 0.0000E+00 0.0000E+00 0.0000E+00 0.0000E+00 0.0000E+00 0.0000E+00
