p3_rainE_lowsm_dschg.asc
ncols     22
nrows     62
xllcorner      0.00000000
yllcorner      0.00000000
cellsize      0.50000000
nodata_value -9999
0.0000E+00 0.0000E+00 0.0000E+00 0.0000E+00 0.0000E+00 0.0000E+00 0.0000E+00 0.0000E+00 0.0000E+00 0.0000E+00 0.0000E+00 0.0000E+00 0.0000E+00 0.0000E+00 0.0000E+00 0.0000E+00 0.0000E+00 0.0000E+00 0.0000E+00 0.0000E+00 0.0000E+00 0.0000E+00
0.0000E+00 0.1446E-03 0.3424E-03 0.4603E-04 0.1185E-02 0.2687E-03 0.7776E-03 0.8943E-03 0.1965E-03 0.3408E-08 0.0000E+00 0.1236E-03 0.6855E-03 0.8352E-03 0.0000E+00 0.7843E-03 0.9123E-03 0.8906E-03 0.1187E-02 0.8676E-04 0.1772E-03 0.0000E+00
0.0000E+00 0.6290E-04 0.6981E-03 0.6100E-03 0.6352E-03 0.1057E-02 0.1119E-02 0.3720E-03 0.4932E-03 0.9398E-03 0.4900E-03 0.7056E-04 0.1356E-02 0.1071E-02 0.6328E-03 0.1560E-02 0.1954E-02 0.1338E-02 0.2359E-02 0.1123E-02 0.3102E-03 0.0000E+00
0.0000E+00 0.6405E-03 0.8573E-03 0.1535E-02 0.3022E-03 0.1422E-02 0.1349E-02 0.1249E-03 0.1161E-02 0.1961E-02 0.1012E-02 0.9477E-03 0.2016E-02 0.5535E-03 0.1230E-02 0.2456E-02 0.2982E-02 0.1042E-02 0.3610E-02 0.1745E-02 0.4212E-03 0.0000E+00
0.0000E+00 0.1250E-02 0.1769E-02 0.2050E-02 0.2436E-03 0.1041E-02 0.2391E-02 0.2146E-03 0.1443E-02 0.2846E-02 0.7754E-03 0.1715E-02 0.2481E-02 0.1160E-02 0.2126E-02 0.3482E-02 0.3170E-02 0.2285E-02 0.4861E-02 0.7479E-03 0.5961E-03 0.0000E+00
0.0000E+00 0.1895E-02 0.2382E-02 0.2491E-02 0.8827E-03 0.1505E-02 0.2765E-02 0.3484E-03 0.1866E-02 0.3725E-02 0.1800E-02 0.9581E-03 0.2430E-02 0.1781E-02 0.2886E-02 0.4367E-02 0.3355E-02 0.3283E-02 0.6011E-02 0.6348E-03 0.8768E-03 0.0000E+00
0.0000E+00 0.1216E-02 0.5347E-02 0.2200E-02 0.8243E-03 0.1643E-02 0.2786E-02 0.3011E-03 0.1691E-02 0.2382E-02 0.1398E-02 0.1238E-02 0.2062E-02 0.2173E-02 0.3923E-02 0.5232E-02 0.4098E-02 0.4311E-02 0.6645E-02 0.1676E-02 0.1549E-02 0.0000E+00
0.0000E+00 0.1734E-02 0.4852E-02 0.0000E+00 0.5959E-03 0.1377E-02 0.2074E-02 0.2265E-03 0.1626E-02 0.2423E-02 0.1268E-02 0.1408E-02 0.1590E-02 0.2585E-02 0.4131E-02 0.5815E-02 0.4719E-02 0.5485E-02 0.6623E-02 0.2315E-02 0.1650E-02 0.0000E+00
0.0000E+00 0.1739E-02 0.3879E-02 0.0000E+00 0.3472E-03 0.8631E-03 0.1400E-02 0.1204E-03 0.1521E-02 0.3721E-02 0.1120E-02 0.8915E-03 0.1434E-02 0.4401E-02 0.4839E-02 0.6206E-02 0.5219E-02 0.6471E-02 0.6181E-02 0.2232E-02 0.1162E-02 0.0000E+00
0.0000E+00 0.1537E-02 0.3008E-02 0.2203E-03 0.5373E-03 0.5062E-03 0.1018E-02 0.9811E-04 0.0000E+00 0.2932E-02 0.5905E-03 0.5049E-03 0.1459E-03 0.4423E-02 0.5705E-02 0.6588E-02 0.5151E-02 0.7453E-02 0.6424E-02 0.3002E-02 0.1246E-02 0.0000E+00
0.0000E+00 0.1885E-02 0.3995E-02 0.1401E-02 0.1458E-02 0.2029E-03 0.4984E-03 0.5557E-04 0.0000E+00 0.2170E-02 0.1861E-03 0.1532E-03 0.6391E-05 0.4482E-02 0.9656E-02 0.1648E-01 0.2242E-01 0.8619E-02 0.6078E-02 0.3895E-02 0.1682E-02 0.0000E+00
0.0000E+00 0.1348E-02 0.4489E-02 0.2652E-02 0.7513E-03 0.3260E-03 0.6236E-03 0.4862E-04 0.1161E-03 0.1455E-02 0.1930E-05 0.3905E-03 0.4254E-04 0.0000E+00 0.0000E+00 0.8678E-04 0.2331E-01 0.9664E-02 0.1463E-01 0.4550E-02 0.2205E-02 0.0000E+00
0.0000E+00 0.1862E-02 0.5076E-02 0.1171E-02 0.2938E-02 0.5073E-03 0.1528E-02 0.1033E-04 0.4346E-03 0.8338E-03 0.7621E-03 0.1044E-02 0.7605E-06 0.0000E+00 0.0000E+00 0.0000E+00 0.2309E-01 0.0000E+00 0.1328E-01 0.4957E-02 0.2128E-02 0.0000E+00
0.0000E+00 0.1068E-02 0.3883E-02 0.0000E+00 0.1962E-02 0.5503E-03 0.2563E-02 0.1053E-02 0.4930E-03 0.9695E-03 0.3753E-03 0.2226E-02 0.1243E-03 0.1782E-03 0.0000E+00 0.1146E-03 0.2360E-01 0.8021E-03 0.1375E-01 0.4805E-02 0.2226E-02 0.0000E+00
0.0000E+00 0.1660E-02 0.2867E-02 0.0000E+00 0.1290E-02 0.3485E-03 0.3448E-02 0.2541E-03 0.2803E-03 0.7583E-03 0.2473E-03 0.1656E-02 0.8730E-03 0.8304E-03 0.9193E-03 0.8614E-03 0.2302E-01 0.1449E-02 0.1303E-01 0.4178E-02 0.2001E-02 0.0000E+00
0.0000E+00 0.1359E-02 0.2593E-02 0.8403E-04 0.7379E-03 0.1595E-02 0.2788E-02 0.1283E-02 0.1180E-02 0.1930E-02 0.6945E-03 0.1800E-02 0.1866E-02 0.7909E-03 0.1805E-02 0.1117E-02 0.2259E-01 0.1308E-02 0.1433E-01 0.5051E-02 0.2612E-02 0.0000E+00
0.0000E+00 0.2245E-02 0.3826E-02 0.1618E-03 0.3240E-03 0.2604E-02 0.2368E-02 0.2315E-02 0.2086E-02 0.2806E-02 0.1596E-02 0.2829E-02 0.2889E-02 0.1549E-02 0.2152E-02 0.2233E-02 0.2372E-01 0.1044E-02 0.1521E-01 0.5815E-02 0.3793E-02 0.0000E+00
0.0000E+00 0.3495E-02 0.3688E-02 0.3411E-03 0.1433E-04 0.1371E-02 0.2789E-02 0.2374E-02 0.3109E-02 0.3826E-02 0.2495E-02 0.4009E-02 0.3764E-02 0.2214E-02 0.0000E+00 0.3384E-02 0.2489E-01 0.1043E-02 0.1648E-01 0.6993E-02 0.4357E-02 0.0000E+00
0.0000E+00 0.4430E-02 0.4863E-02 0.7624E-04 0.1181E-07 0.7552E-03 0.3559E-02 0.3123E-02 0.3719E-02 0.4470E-02 0.3253E-02 0.3159E-02 0.4574E-02 0.2968E-02 0.7773E-03 0.4389E-02 0.2579E-01 0.1251E-02 0.1842E-01 0.5874E-02 0.3152E-02 0.0000E+00
0.0000E+00 0.4813E-02 0.6114E-02 0.4206E-03 0.0000E+00 0.9243E-03 0.4809E-02 0.2434E-02 0.2684E-02 0.4784E-02 0.4427E-02 0.3246E-02 0.3539E-02 0.3698E-02 0.8145E-03 0.4045E-02 0.2375E-01 0.1043E-02 0.1998E-01 0.7010E-02 0.4149E-02 0.0000E+00
0.0000E+00 0.3516E-02 0.7244E-02 0.7090E-03 0.0000E+00 0.1093E-02 0.5676E-02 0.3146E-02 0.3567E-02 0.6029E-02 0.5603E-02 0.3990E-02 0.2565E-02 0.4023E-02 0.1305E-02 0.4983E-02 0.2198E-01 0.0000E+00 0.2114E-01 0.8015E-02 0.4974E-02 0.0000E+00
0.0000E+00 0.3456E-02 0.8494E-02 0.2845E-03 0.0000E+00 0.2341E-02 0.5739E-02 0.3280E-02 0.3651E-02 0.7280E-02 0.6335E-02 0.3126E-02 0.1618E-02 0.2907E-02 0.7442E-03 0.3733E-02 0.2031E-01 0.1473E-03 0.2254E-01 0.8588E-02 0.4795E-02 0.0000E+00
0.0000E+00 0.2602E-02 0.8769E-02 0.1366E-03 0.1080E-04 0.3592E-02 0.4578E-02 0.4327E-02 0.4656E-02 0.8366E-02 0.7335E-02 0.4277E-02 0.1313E-02 0.2404E-02 0.3148E-03 0.2831E-02 0.1862E-01 0.0000E+00 0.2199E-01 0.9834E-02 0.5824E-02 0.0000E+00
0.0000E+00 0.2553E-02 0.1001E-01 0.1042E-02 0.1447E-03 0.4843E-02 0.5404E-02 0.4419E-02 0.5277E-02 0.8293E-02 0.6496E-02 0.5026E-02 0.1174E-02 0.2398E-02 0.1065E-03 0.2073E-02 0.1705E-01 0.9657E-03 0.2015E-01 0.1038E-01 0.6550E-02 0.0000E+00
0.0000E+00 0.2287E-02 0.1117E-01 0.1933E-02 0.6672E-03 0.4876E-02 0.5775E-02 0.3996E-02 0.4411E-02 0.7685E-02 0.5266E-02 0.4117E-02 0.8949E-03 0.1683E-02 0.6431E-03 0.1360E-02 0.1566E-01 0.1442E-02 0.2100E-01 0.9350E-02 0.6661E-02 0.0000E+00
0.0000E+00 0.3057E-02 0.1024E-01 0.2554E-02 0.3317E-03 0.3958E-02 0.5317E-02 0.3308E-02 0.3661E-02 0.8046E-02 0.4383E-02 0.3240E-02 0.5858E-03 0.1349E-02 0.5838E-03 0.1280E-02 0.1654E-01 0.2071E-02 0.2217E-01 0.1054E-01 0.7836E-02 0.0000E+00
0.0000E+00 0.2706E-02 0.1044E-01 0.3399E-02 0.1577E-02 0.4148E-02 0.5178E-02 0.3102E-02 0.4800E-02 0.7615E-02 0.3893E-02 0.2860E-02 0.2802E-03 0.1384E-02 0.6526E-03 0.8144E-03 0.1587E-01 0.1485E-02 0.2309E-01 0.1152E-01 0.7745E-02 0.0000E+00
0.0000E+00 0.3872E-02 0.1167E-01 0.3349E-02 0.1695E-02 0.4069E-02 0.5201E-02 0.3257E-02 0.5530E-02 0.8601E-02 0.4786E-02 0.2147E-02 0.1219E-03 0.1618E-02 0.1128E-02 0.1837E-02 0.1706E-01 0.2507E-02 0.2302E-01 0.1013E-01 0.7120E-02 0.0000E+00
0.0000E+00 0.2925E-02 0.1209E-01 0.4049E-02 0.1955E-02 0.4168E-02 0.5265E-02 0.3343E-02 0.5977E-02 0.9317E-02 0.5465E-02 0.1352E-02 0.1296E-03 0.2281E-02 0.1595E-02 0.2778E-02 0.1822E-01 0.3690E-02 0.2425E-01 0.9961E-02 0.8103E-02 0.0000E+00
0.0000E+00 0.1987E-02 0.1256E-01 0.5087E-02 0.1612E-02 0.3363E-02 0.5624E-02 0.4384E-02 0.6451E-02 0.8303E-02 0.6237E-02 0.9077E-03 0.4516E-04 0.1623E-02 0.1512E-02 0.2120E-02 0.1802E-01 0.2969E-02 0.2431E-01 0.1032E-01 0.7310E-02 0.0000E+00
0.0000E+00 0.1421E-02 0.1372E-01 0.5821E-02 0.2640E-02 0.3980E-02 0.5980E-02 0.4703E-02 0.6760E-02 0.7689E-02 0.5384E-02 0.1340E-02 0.1058E-04 0.1473E-02 0.1699E-02 0.1358E-02 0.1618E-01 0.2059E-02 0.2224E-01 0.1098E-01 0.7485E-02 0.0000E+00
0.0000E+00 0.1013E-02 0.1497E-01 0.4985E-02 0.3329E-02 0.4763E-02 0.7007E-02 0.5878E-02 0.6716E-02 0.8511E-02 0.5033E-02 0.2255E-02 0.1057E-02 0.1374E-02 0.1926E-02 0.6736E-03 0.1435E-01 0.1349E-02 0.2038E-01 0.9474E-02 0.8207E-02 0.0000E+00
0.0000E+00 0.1204E-02 0.1440E-01 0.5989E-02 0.4458E-02 0.5661E-02 0.5687E-02 0.6029E-02 0.7038E-02 0.7544E-02 0.5404E-02 0.3164E-02 0.2237E-02 0.1379E-02 0.1490E-02 0.8418E-03 0.1268E-01 0.8205E-03 0.1898E-01 0.9014E-02 0.8959E-02 0.0000E+00
0.0000E+00 0.1196E-02 0.1377E-01 0.6229E-02 0.5467E-02 0.4306E-02 0.4572E-02 0.4831E-02 0.5970E-02 0.7155E-02 0.4885E-02 0.4338E-02 0.1652E-02 0.2167E-02 0.1581E-02 0.7871E-03 0.1213E-01 0.1347E-02 0.1993E-01 0.8474E-02 0.9958E-02 0.0000E+00
0.0000E+00 0.1172E-02 0.1274E-01 0.5954E-02 0.6478E-02 0.4682E-02 0.5757E-02 0.3947E-02 0.5651E-02 0.6299E-02 0.4038E-02 0.5589E-02 0.1525E-02 0.2329E-02 0.1198E-02 0.1217E-02 0.1145E-01 0.2533E-02 0.1808E-01 0.9683E-02 0.1121E-01 0.0000E+00
0.0000E+00 0.1298E-02 0.1266E-01 0.4872E-02 0.6922E-02 0.5580E-02 0.6932E-02 0.3771E-02 0.4839E-02 0.7114E-02 0.4679E-02 0.5092E-02 0.1687E-02 0.2083E-02 0.1224E-02 0.2130E-02 0.1202E-01 0.3679E-02 0.1779E-01 0.1053E-01 0.9767E-02 0.0000E+00
0.0000E+00 0.8523E-03 0.1165E-01 0.4106E-02 0.6862E-02 0.6459E-02 0.7878E-02 0.4555E-02 0.4103E-02 0.7792E-02 0.5577E-02 0.5136E-02 0.1484E-02 0.2049E-02 0.1103E-02 0.3137E-02 0.1223E-01 0.4891E-02 0.1874E-01 0.9522E-02 0.9693E-02 0.0000E+00
0.0000E+00 0.4566E-03 0.1048E-01 0.3435E-02 0.7573E-02 0.6304E-02 0.6760E-02 0.5446E-02 0.4044E-02 0.8382E-02 0.4533E-02 0.5166E-02 0.1174E-02 0.1259E-02 0.5249E-03 0.1935E-02 0.1319E-01 0.5378E-02 0.1719E-01 0.9750E-02 0.9797E-02 0.0000E+00
0.0000E+00 0.2720E-03 0.9263E-02 0.2770E-02 0.8026E-02 0.7178E-02 0.7339E-02 0.6695E-02 0.5218E-02 0.9628E-02 0.4524E-02 0.4234E-02 0.1178E-02 0.8274E-03 0.9431E-04 0.2888E-02 0.1363E-01 0.6012E-02 0.1646E-01 0.1056E-01 0.9666E-02 0.0000E+00
0.0000E+00 0.1541E-03 0.8391E-02 0.2149E-02 0.6600E-02 0.6641E-02 0.8038E-02 0.7561E-02 0.6077E-02 0.1030E-01 0.3728E-02 0.3463E-02 0.1310E-02 0.1611E-02 0.3693E-04 0.3782E-02 0.1420E-01 0.6455E-02 0.1468E-01 0.1044E-01 0.9720E-02 0.0000E+00
0.0000E+00 0.7999E-04 0.8965E-02 0.1577E-02 0.5806E-02 0.5774E-02 0.7439E-02 0.7642E-02 0.6529E-02 0.1050E-01 0.3883E-02 0.3199E-02 0.1383E-02 0.2800E-02 0.5787E-07 0.2668E-02 0.1398E-01 0.6740E-02 0.1302E-01 0.8887E-02 0.8246E-02 0.0000E+00
0.0000E+00 0.7008E-02 0.7989E-02 0.0000E+00 0.5114E-02 0.5083E-02 0.6763E-02 0.7948E-02 0.6491E-02 0.1088E-01 0.5129E-02 0.3049E-02 0.2269E-02 0.1954E-02 0.3223E-15 0.1811E-02 0.1216E-01 0.5406E-02 0.1141E-01 0.7363E-02 0.6943E-02 0.0000E+00
0.0000E+00 0.5913E-02 0.1982E-04 0.1815E-04 0.4475E-02 0.4196E-02 0.5853E-02 0.7258E-02 0.6566E-02 0.1129E-01 0.6380E-02 0.4078E-02 0.3451E-02 0.1225E-02 0.0000E+00 0.1143E-02 0.1039E-01 0.4268E-02 0.1037E-01 0.6805E-02 0.6301E-02 0.0000E+00
0.0000E+00 0.5190E-02 0.2952E-07 0.2985E-04 0.3955E-02 0.3204E-02 0.5137E-02 0.6994E-02 0.6858E-02 0.1183E-01 0.7383E-02 0.5035E-02 0.4185E-02 0.2247E-02 0.0000E+00 0.5899E-03 0.8636E-02 0.4671E-02 0.1009E-01 0.8017E-02 0.7508E-02 0.0000E+00
0.0000E+00 0.4636E-02 0.1213E-04 0.5422E-04 0.3524E-02 0.2651E-02 0.4719E-02 0.6889E-02 0.7318E-02 0.1235E-01 0.8552E-02 0.6213E-02 0.5434E-02 0.2300E-02 0.0000E+00 0.1779E-03 0.6873E-02 0.3996E-02 0.9525E-02 0.9268E-02 0.8676E-02 0.0000E+00
0.0000E+00 0.4071E-02 0.7233E-04 0.3219E-05 0.4179E-02 0.1655E-02 0.3587E-02 0.6484E-02 0.8331E-02 0.1300E-01 0.7444E-02 0.7050E-02 0.6685E-02 0.2744E-02 0.1150E-04 0.5356E-06 0.5326E-02 0.3121E-02 0.8970E-02 0.1052E-01 0.6873E-02 0.0000E+00
0.0000E+00 0.3881E-02 0.5939E-05 0.2462E-02 0.3309E-02 0.0000E+00 0.2448E-02 0.5324E-02 0.9346E-02 0.1333E-01 0.7763E-02 0.7457E-02 0.7936E-02 0.2910E-02 0.1548E-03 0.2627E-03 0.4673E-02 0.2743E-02 0.8039E-02 0.1166E-01 0.8036E-02 0.0000E+00
0.0000E+00 0.3878E-02 0.3835E-03 0.2701E-02 0.0000E+00 0.0000E+00 0.1408E-02 0.4123E-02 0.9999E-02 0.1414E-01 0.8899E-02 0.7185E-02 0.8898E-02 0.3031E-02 0.5612E-03 0.6922E-04 0.4462E-02 0.2631E-02 0.6653E-02 0.1153E-01 0.8532E-02 0.0000E+00
0.0000E+00 0.3661E-02 0.5549E-03 0.1753E-02 0.0000E+00 0.0000E+00 0.6001E-03 0.4807E-02 0.1052E-01 0.1494E-01 0.9318E-02 0.6536E-02 0.9707E-02 0.3547E-02 0.5017E-03 0.1162E-04 0.5091E-02 0.2260E-02 0.5697E-02 0.1088E-01 0.7350E-02 0.0000E+00
0.0000E+00 0.3679E-02 0.1325E-02 0.2966E-02 0.9142E-03 0.1921E-03 0.7838E-04 0.5496E-02 0.1098E-01 0.1551E-01 0.1031E-01 0.5979E-02 0.9982E-02 0.3703E-02 0.2840E-03 0.3621E-04 0.5552E-02 0.2849E-02 0.5087E-02 0.1020E-01 0.6577E-02 0.0000E+00
0.0000E+00 0.3660E-02 0.1097E-02 0.3564E-02 0.1362E-02 0.3816E-03 0.1109E-02 0.6205E-02 0.1088E-01 0.1596E-01 0.1114E-01 0.5901E-02 0.9729E-02 0.3831E-02 0.1475E-03 0.5382E-04 0.5683E-02 0.3748E-02 0.5588E-02 0.1133E-01 0.7543E-02 0.0000E+00
0.0000E+00 0.3711E-02 0.1720E-02 0.4152E-02 0.1494E-02 0.6205E-03 0.9019E-03 0.6287E-02 0.1101E-01 0.1420E-01 0.1231E-01 0.6350E-02 0.9685E-02 0.2835E-02 0.4847E-04 0.1908E-03 0.5497E-02 0.4253E-02 0.6407E-02 0.1196E-01 0.8464E-02 0.0000E+00
0.0000E+00 0.3676E-02 0.1953E-02 0.4279E-02 0.1480E-02 0.8701E-03 0.1031E-02 0.6290E-02 0.1120E-01 0.1475E-01 0.1275E-01 0.6646E-02 0.9903E-02 0.2342E-02 0.1534E-03 0.3218E-03 0.5016E-02 0.4178E-02 0.5595E-02 0.1294E-01 0.9296E-02 0.0000E+00
0.0000E+00 0.2313E-02 0.1205E-02 0.5073E-02 0.1925E-02 0.1511E-02 0.1746E-02 0.6983E-02 0.1137E-01 0.1370E-01 0.1291E-01 0.7147E-02 0.1047E-01 0.3202E-02 0.8571E-03 0.5127E-03 0.3830E-02 0.4515E-02 0.4327E-02 0.1280E-01 0.9751E-02 0.0000E+00
0.0000E+00 0.1225E-02 0.6080E-03 0.4848E-02 0.2439E-02 0.2410E-02 0.2638E-02 0.8153E-02 0.1188E-01 0.1412E-01 0.1323E-01 0.8163E-02 0.1062E-01 0.4235E-02 0.1737E-02 0.8649E-03 0.3058E-02 0.4066E-02 0.3317E-02 0.1158E-01 0.8986E-02 0.0000E+00
0.0000E+00 0.3587E-03 0.1863E-03 0.6081E-02 0.2947E-02 0.3112E-02 0.3666E-02 0.9132E-02 0.1042E-01 0.1458E-01 0.1381E-01 0.8848E-02 0.1146E-01 0.5409E-02 0.2362E-02 0.1296E-02 0.2411E-02 0.3921E-02 0.2372E-02 0.1163E-01 0.9772E-02 0.0000E+00
0.0000E+00 0.2223E-04 0.4305E-03 0.6925E-02 0.3455E-02 0.3765E-02 0.4688E-02 0.9656E-02 0.9694E-02 0.1489E-01 0.1359E-01 0.8970E-02 0.1140E-01 0.5090E-02 0.3125E-02 0.1544E-02 0.2218E-02 0.3596E-02 0.3010E-02 0.1130E-01 0.8953E-02 0.0000E+00
0.0000E+00 0.1718E-03 0.9830E-03 0.7624E-02 0.4132E-02 0.4269E-02 0.5563E-02 0.1011E-01 0.9238E-02 0.1474E-01 0.1371E-01 0.9396E-02 0.1076E-01 0.3818E-02 0.2508E-02 0.1840E-02 0.2435E-02 0.3582E-02 0.3477E-02 0.1193E-01 0.8747E-02 0.0000E+00
0.0000E+00 0.3092E-03 0.1735E-02 0.8614E-02 0.5021E-02 0.5021E-02 0.5289E-02 0.9732E-02 0.9124E-02 0.1428E-01 0.1434E-01 0.1056E-01 0.9221E-02 0.2701E-02 0.1647E-02 0.1694E-02 0.2646E-02 0.3686E-02 0.4277E-02 0.1271E-01 0.8470E-02 0.0000E+00
0.0000E+00 0.1251E-03 0.2682E-02 0.8753E-02 0.5633E-02 0.5511E-02 0.4839E-02 0.9133E-02 0.8657E-02 0.1354E-01 0.1376E-01 0.9269E-02 0.7801E-02 0.1752E-02 0.1026E-02 0.1142E-02 0.1971E-02 0.3625E-02 0.4350E-02 0.1234E-01 0.8047E-02 0.0000E+00
0.0000E+00 0.2013E-04 0.2859E-01 0.2513E-01 0.1679E-01 0.1047E-01 0.4510E-02 0.1709E-01 0.8283E-02 0.1226E-01 0.1316E-01 0.1681E-01 0.7292E-02 0.8579E-03 0.2201E-02 0.1717E-02 0.1196E-02 0.2457E-02 0.2728E-02 0.1120E-01 0.7264E-02 0.0000E+00
0.0000E+00 0.0000E+00 0.0000E+00 0.0000E+00 0.0000E+00 0.0000E+00 0.0000E+00 0.0000E+00 0.0000E+00 0.0000E+00 0.0000E+00 0.0000E+00 0.0000E+00 0.0000E+00 0.0000E+00 0.0000E+00 0.0000E+00 0.0000E+00 0.0000E+00 0.0000E+00 0.0000E+00 0.0000E+00
