p3_rainA_lowsm_dschg.asc
ncols     22
nrows     62
xllcorner      0.00000000
yllcorner      0.00000000
cellsize      0.50000000
nodata_value -9999
0.0000E+00 0.0000E+00 0.0000E+00 0.0000E+00 0.0000E+00 0.0000E+00 0.0000E+00 0.0000E+00 0.0000E+00 0.0000E+00 0.0000E+00 0.0000E+00 0.0000E+00 0.0000E+00 0.0000E+00 0.0000E+00 0.0000E+00 0.0000E+00 0.0000E+00 0.0000E+00 0.0000E+00 0.0000E+00
0.0000E+00 0.7155E-02 0.8259E-02 0.6389E-02 0.1090E-01 0.7934E-02 0.9623E-02 0.9977E-02 0.7536E-02 0.5641E-02 0.5178E-02 0.7097E-02 0.9330E-02 0.9784E-02 0.5591E-02 0.9660E-02 0.1005E-01 0.9975E-02 0.1091E-01 0.6765E-02 0.7449E-02 0.0000E+00
0.0000E+00 0.1279E-01 0.1650E-01 0.1532E-01 0.1639E-01 0.1757E-01 0.1786E-01 0.1521E-01 0.1558E-01 0.1577E-01 0.1391E-01 0.1292E-01 0.1860E-01 0.1773E-01 0.1478E-01 0.1926E-01 0.2049E-01 0.1857E-01 0.2174E-01 0.1719E-01 0.1463E-01 0.0000E+00
0.0000E+00 0.2175E-01 0.2391E-01 0.2538E-01 0.2152E-01 0.2586E-01 0.2567E-01 0.2019E-01 0.2480E-01 0.2612E-01 0.2272E-01 0.2284E-01 0.2780E-01 0.2269E-01 0.2383E-01 0.2921E-01 0.3086E-01 0.2461E-01 0.3310E-01 0.2629E-01 0.2161E-01 0.0000E+00
0.0000E+00 0.3082E-01 0.3391E-01 0.3413E-01 0.2739E-01 0.3130E-01 0.3607E-01 0.2703E-01 0.3276E-01 0.3604E-01 0.2877E-01 0.3237E-01 0.3638E-01 0.3174E-01 0.3378E-01 0.3956E-01 0.3866E-01 0.3595E-01 0.4446E-01 0.3009E-01 0.2891E-01 0.0000E+00
0.0000E+00 0.3993E-01 0.4295E-01 0.4260E-01 0.3652E-01 0.3986E-01 0.4433E-01 0.3409E-01 0.4113E-01 0.4592E-01 0.3912E-01 0.3687E-01 0.4323E-01 0.4080E-01 0.4327E-01 0.4945E-01 0.4642E-01 0.4621E-01 0.5519E-01 0.3634E-01 0.3681E-01 0.0000E+00
0.0000E+00 0.4450E-01 0.1010E+00 0.4861E-01 0.4301E-01 0.4714E-01 0.5140E-01 0.4007E-01 0.4716E-01 0.4907E-01 0.4476E-01 0.4475E-01 0.4864E-01 0.4910E-01 0.5366E-01 0.5927E-01 0.5581E-01 0.5658E-01 0.6438E-01 0.4675E-01 0.4599E-01 0.0000E+00
0.0000E+00 0.5319E-01 0.1063E+00 0.5220E-02 0.4858E-01 0.5274E-01 0.5574E-01 0.4583E-01 0.5361E-01 0.5602E-01 0.5093E-01 0.5205E-01 0.5379E-01 0.5738E-01 0.6141E-01 0.6818E-01 0.6480E-01 0.6739E-01 0.7161E-01 0.5584E-01 0.5323E-01 0.0000E+00
0.0000E+00 0.5990E-01 0.1099E+00 0.1048E-01 0.5375E-01 0.5751E-01 0.6014E-01 0.5118E-01 0.5997E-01 0.1218E+00 0.5698E-01 0.5671E-01 0.5989E-01 0.1254E+00 0.7068E-01 0.7649E-01 0.7341E-01 0.7761E-01 0.7716E-01 0.6255E-01 0.5785E-01 0.0000E+00
0.0000E+00 0.6580E-01 0.1136E+00 0.1815E-01 0.6103E-01 0.6256E-01 0.6537E-01 0.5686E-01 0.5317E-02 0.1257E+00 0.6151E-01 0.6158E-01 0.7234E-02 0.1389E+00 0.8047E-01 0.8476E-01 0.8020E-01 0.8781E-01 0.8501E-01 0.7200E-01 0.6486E-01 0.0000E+00
0.0000E+00 0.7383E-01 0.1239E+00 0.2901E-01 0.7101E-01 0.6770E-01 0.6996E-01 0.6216E-01 0.1045E-01 0.1299E+00 0.6609E-01 0.6624E-01 0.5802E-02 0.1458E+00 0.2315E+00 0.3240E+00 0.4137E+00 0.9859E-01 0.9080E-01 0.8186E-01 0.7320E-01 0.0000E+00
0.0000E+00 0.7860E-01 0.1324E+00 0.4006E-01 0.7514E-01 0.7464E-01 0.7694E-01 0.6760E-01 0.1737E-01 0.1340E+00 0.7110E-01 0.7376E-01 0.1196E-01 0.5293E-02 0.5283E-02 0.6805E-02 0.4300E+00 0.1090E+00 0.2037E+00 0.9091E-01 0.8182E-01 0.0000E+00
0.0000E+00 0.8720E-01 0.1412E+00 0.4279E-01 0.1283E+00 0.8183E-01 0.8684E-01 0.7265E-01 0.2544E-01 0.1381E+00 0.8051E-01 0.8279E-01 0.1725E-01 0.1057E-01 0.1036E-01 0.5288E-02 0.4363E+00 0.5227E-02 0.2063E+00 0.9915E-01 0.8810E-01 0.0000E+00
0.0000E+00 0.9110E-01 0.1441E+00 0.5210E-02 0.1315E+00 0.8841E-01 0.9719E-01 0.8301E-01 0.3230E-01 0.1451E+00 0.8549E-01 0.9364E-01 0.2427E-01 0.1799E-01 0.1565E-01 0.1224E-01 0.4449E+00 0.1493E-01 0.2149E+00 0.1055E+00 0.9504E-01 0.0000E+00
0.0000E+00 0.9997E-01 0.1475E+00 0.1043E-01 0.1354E+00 0.9344E-01 0.1070E+00 0.8664E-01 0.3770E-01 0.1508E+00 0.9067E-01 0.9848E-01 0.3375E-01 0.2719E-01 0.2571E-01 0.2176E-01 0.4501E+00 0.2413E-01 0.2196E+00 0.1099E+00 0.1008E+00 0.0000E+00
0.0000E+00 0.1054E+00 0.1533E+00 0.1712E-01 0.1396E+00 0.1045E+00 0.1118E+00 0.9695E-01 0.4765E-01 0.1616E+00 0.9895E-01 0.1055E+00 0.4400E-01 0.3396E-01 0.3562E-01 0.2967E-01 0.4557E+00 0.3074E-01 0.2574E+00 0.1197E+00 0.1097E+00 0.0000E+00
0.0000E+00 0.1153E+00 0.1643E+00 0.2391E-01 0.1441E+00 0.1148E+00 0.1165E+00 0.1073E+00 0.5759E-01 0.1714E+00 0.1088E+00 0.1158E+00 0.5433E-01 0.4343E-01 0.4383E-01 0.7707E-01 0.4664E+00 0.1046E-01 0.2744E+00 0.1291E+00 0.1206E+00 0.0000E+00
0.0000E+00 0.1266E+00 0.1709E+00 0.3130E-01 0.1484E+00 0.1175E+00 0.1247E+00 0.1145E+00 0.6792E-01 0.1817E+00 0.1187E+00 0.1266E+00 0.6418E-01 0.5258E-01 0.5469E-02 0.8786E-01 0.4772E+00 0.1046E-01 0.2926E+00 0.1399E+00 0.1294E+00 0.0000E+00
0.0000E+00 0.1366E+00 0.1817E+00 0.3594E-01 0.1525E+00 0.1211E+00 0.1342E+00 0.1238E+00 0.7690E-01 0.1907E+00 0.1281E+00 0.1309E+00 0.7381E-01 0.6200E-01 0.1510E-01 0.9813E-01 0.4871E+00 0.1136E-01 0.3131E+00 0.1435E+00 0.1322E+00 0.0000E+00
0.0000E+00 0.1448E+00 0.1931E+00 0.4412E-01 0.1570E+00 0.1281E+00 0.1455E+00 0.1282E+00 0.8059E-01 0.1987E+00 0.1389E+00 0.1379E+00 0.7768E-01 0.7133E-01 0.2235E-01 0.1041E+00 0.4884E+00 0.1046E-01 0.3322E+00 0.1542E+00 0.1425E+00 0.0000E+00
0.0000E+00 0.1474E+00 0.2037E+00 0.5199E-01 0.1612E+00 0.1352E+00 0.1553E+00 0.1374E+00 0.9044E-01 0.2100E+00 0.1497E+00 0.1472E+00 0.8112E-01 0.7935E-01 0.3097E-01 0.1141E+00 0.4901E+00 0.5289E-02 0.3482E+00 0.1644E+00 0.1521E+00 0.0000E+00
0.0000E+00 0.1536E+00 0.2147E+00 0.5648E-01 0.1653E+00 0.1465E+00 0.1625E+00 0.1446E+00 0.9772E-01 0.2213E+00 0.1590E+00 0.1508E+00 0.8465E-01 0.8252E-01 0.3561E-01 0.1169E+00 0.4920E+00 0.7273E-02 0.3669E+00 0.1733E+00 0.1584E+00 0.0000E+00
0.0000E+00 0.1570E+00 0.2227E+00 0.6172E-01 0.1704E+00 0.1575E+00 0.1656E+00 0.1550E+00 0.1079E+00 0.2318E+00 0.1692E+00 0.1615E+00 0.9007E-01 0.8751E-01 0.4033E-01 0.1204E+00 0.4938E+00 0.5249E-02 0.3776E+00 0.1846E+00 0.1687E+00 0.0000E+00
0.0000E+00 0.1635E+00 0.2340E+00 0.7168E-01 0.1768E+00 0.1689E+00 0.1752E+00 0.1621E+00 0.1169E+00 0.2386E+00 0.1735E+00 0.1709E+00 0.9610E-01 0.9412E-01 0.4527E-01 0.1244E+00 0.4958E+00 0.1022E-01 0.3791E+00 0.1934E+00 0.1780E+00 0.0000E+00
0.0000E+00 0.1691E+00 0.2448E+00 0.8157E-01 0.1853E+00 0.1761E+00 0.1833E+00 0.1673E+00 0.1211E+00 0.2434E+00 0.1762E+00 0.1744E+00 0.1013E+00 0.9838E-01 0.5404E-01 0.1285E+00 0.4982E+00 0.1894E-01 0.3890E+00 0.1972E+00 0.1853E+00 0.0000E+00
0.0000E+00 0.1785E+00 0.2492E+00 0.9057E-01 0.1895E+00 0.1797E+00 0.1885E+00 0.1708E+00 0.1249E+00 0.2515E+00 0.1795E+00 0.1776E+00 0.1063E+00 0.1037E+00 0.6051E-01 0.1347E+00 0.5080E+00 0.2806E-01 0.3997E+00 0.2084E+00 0.1961E+00 0.0000E+00
0.0000E+00 0.1840E+00 0.2568E+00 0.1003E+00 0.2008E+00 0.1870E+00 0.1947E+00 0.1765E+00 0.1357E+00 0.2568E+00 0.1838E+00 0.1825E+00 0.1114E+00 0.1103E+00 0.6721E-01 0.1394E+00 0.5130E+00 0.3308E-01 0.4097E+00 0.2185E+00 0.2029E+00 0.0000E+00
0.0000E+00 0.1948E+00 0.2680E+00 0.1072E+00 0.2080E+00 0.1931E+00 0.2015E+00 0.1836E+00 0.1450E+00 0.2669E+00 0.1936E+00 0.1865E+00 0.1169E+00 0.1178E+00 0.7567E-01 0.1497E+00 0.5242E+00 0.4346E-01 0.4168E+00 0.2212E+00 0.2077E+00 0.0000E+00
0.0000E+00 0.1983E+00 0.2764E+00 0.1164E+00 0.2156E+00 0.1999E+00 0.2085E+00 0.1904E+00 0.1534E+00 0.2762E+00 0.2027E+00 0.1902E+00 0.1227E+00 0.1269E+00 0.8408E-01 0.1598E+00 0.5349E+00 0.5433E-01 0.4280E+00 0.2275E+00 0.2179E+00 0.0000E+00
0.0000E+00 0.2015E+00 0.2849E+00 0.1267E+00 0.2205E+00 0.2032E+00 0.2165E+00 0.2008E+00 0.1618E+00 0.2798E+00 0.2121E+00 0.1948E+00 0.1274E+00 0.1310E+00 0.9031E-01 0.1645E+00 0.5414E+00 0.5935E-01 0.4354E+00 0.2357E+00 0.2223E+00 0.0000E+00
0.0000E+00 0.2060E+00 0.2956E+00 0.1360E+00 0.2307E+00 0.2121E+00 0.2245E+00 0.2087E+00 0.1697E+00 0.2845E+00 0.2158E+00 0.2029E+00 0.1323E+00 0.1369E+00 0.9757E-01 0.1680E+00 0.5429E+00 0.6301E-01 0.4365E+00 0.2449E+00 0.2299E+00 0.0000E+00
0.0000E+00 0.2109E+00 0.3069E+00 0.1403E+00 0.2399E+00 0.2215E+00 0.2348E+00 0.2194E+00 0.1764E+00 0.2941E+00 0.2211E+00 0.2128E+00 0.1426E+00 0.1430E+00 0.1050E+00 0.1719E+00 0.5445E+00 0.6728E-01 0.4381E+00 0.2473E+00 0.2392E+00 0.0000E+00
0.0000E+00 0.2179E+00 0.3122E+00 0.1506E+00 0.2505E+00 0.2313E+00 0.2372E+00 0.2269E+00 0.1844E+00 0.2978E+00 0.2291E+00 0.2227E+00 0.1534E+00 0.1496E+00 0.1100E+00 0.1790E+00 0.5464E+00 0.7187E-01 0.4410E+00 0.2528E+00 0.2486E+00 0.0000E+00
0.0000E+00 0.2241E+00 0.3171E+00 0.1583E+00 0.2608E+00 0.2337E+00 0.2400E+00 0.2296E+00 0.1875E+00 0.3033E+00 0.2337E+00 0.2334E+00 0.1584E+00 0.1590E+00 0.1168E+00 0.1852E+00 0.5517E+00 0.8057E-01 0.4512E+00 0.2580E+00 0.2588E+00 0.0000E+00
0.0000E+00 0.2302E+00 0.3208E+00 0.1642E+00 0.2710E+00 0.2418E+00 0.2512E+00 0.2331E+00 0.1931E+00 0.3071E+00 0.2373E+00 0.2448E+00 0.1642E+00 0.1664E+00 0.1217E+00 0.1933E+00 0.5568E+00 0.9144E-01 0.4528E+00 0.2692E+00 0.2701E+00 0.0000E+00
0.0000E+00 0.2370E+00 0.3276E+00 0.1672E+00 0.2793E+00 0.2516E+00 0.2620E+00 0.2391E+00 0.1969E+00 0.3166E+00 0.2462E+00 0.2501E+00 0.1712E+00 0.1718E+00 0.1282E+00 0.2032E+00 0.5657E+00 0.1022E+00 0.4592E+00 0.2790E+00 0.2730E+00 0.0000E+00
0.0000E+00 0.2414E+00 0.3310E+00 0.1710E+00 0.2859E+00 0.2614E+00 0.2720E+00 0.2486E+00 0.2011E+00 0.3257E+00 0.2561E+00 0.2570E+00 0.1765E+00 0.1782E+00 0.1341E+00 0.2134E+00 0.5737E+00 0.1131E+00 0.4692E+00 0.2831E+00 0.2798E+00 0.0000E+00
0.0000E+00 0.2457E+00 0.3338E+00 0.1750E+00 0.2951E+00 0.2678E+00 0.2754E+00 0.2584E+00 0.2077E+00 0.3344E+00 0.2593E+00 0.2638E+00 0.1812E+00 0.1819E+00 0.1382E+00 0.2159E+00 0.5838E+00 0.1218E+00 0.4717E+00 0.2909E+00 0.2872E+00 0.0000E+00
0.0000E+00 0.2501E+00 0.3366E+00 0.1792E+00 0.3033E+00 0.2775E+00 0.2842E+00 0.2697E+00 0.2185E+00 0.3457E+00 0.2658E+00 0.2669E+00 0.1873E+00 0.1867E+00 0.1425E+00 0.2259E+00 0.5924E+00 0.1308E+00 0.4764E+00 0.3005E+00 0.2937E+00 0.0000E+00
0.0000E+00 0.2546E+00 0.3404E+00 0.1835E+00 0.3054E+00 0.2825E+00 0.2934E+00 0.2795E+00 0.2282E+00 0.3548E+00 0.2698E+00 0.2704E+00 0.1940E+00 0.1961E+00 0.1477E+00 0.2357E+00 0.6014E+00 0.1392E+00 0.4781E+00 0.3072E+00 0.3008E+00 0.0000E+00
0.0000E+00 0.2591E+00 0.5316E+00 0.1879E+00 0.3088E+00 0.2860E+00 0.2983E+00 0.2867E+00 0.2366E+00 0.3624E+00 0.2771E+00 0.2759E+00 0.2005E+00 0.2070E+00 0.1518E+00 0.2383E+00 0.6081E+00 0.1470E+00 0.4800E+00 0.3094E+00 0.3031E+00 0.0000E+00
0.0000E+00 0.7967E+00 0.5348E+00 0.5528E-02 0.3125E+00 0.2899E+00 0.3025E+00 0.2945E+00 0.2434E+00 0.3705E+00 0.2883E+00 0.2816E+00 0.2103E+00 0.2109E+00 0.1558E+00 0.2410E+00 0.6101E+00 0.1496E+00 0.4819E+00 0.3116E+00 0.3056E+00 0.0000E+00
0.0000E+00 0.7994E+00 0.5961E-02 0.1136E-01 0.3163E+00 0.2932E+00 0.3059E+00 0.2990E+00 0.2506E+00 0.3786E+00 0.2997E+00 0.2919E+00 0.2211E+00 0.2143E+00 0.1599E+00 0.2443E+00 0.6122E+00 0.1524E+00 0.4852E+00 0.3168E+00 0.3103E+00 0.0000E+00
0.0000E+00 0.8031E+00 0.1116E-01 0.1715E-01 0.3204E+00 0.2961E+00 0.3099E+00 0.3049E+00 0.2584E+00 0.3872E+00 0.3100E+00 0.3019E+00 0.2304E+00 0.2245E+00 0.1641E+00 0.2477E+00 0.6142E+00 0.1606E+00 0.4913E+00 0.3277E+00 0.3215E+00 0.0000E+00
0.0000E+00 0.8072E+00 0.1694E-01 0.2312E-01 0.3249E+00 0.3006E+00 0.3150E+00 0.3113E+00 0.2668E+00 0.3958E+00 0.3207E+00 0.3127E+00 0.2417E+00 0.2315E+00 0.1682E+00 0.2514E+00 0.6163E+00 0.1647E+00 0.4965E+00 0.3391E+00 0.3323E+00 0.0000E+00
0.0000E+00 0.8112E+00 0.2323E-01 0.2829E-01 0.6310E+00 0.3034E+00 0.3178E+00 0.3168E+00 0.2771E+00 0.4047E+00 0.3244E+00 0.3223E+00 0.2531E+00 0.2397E+00 0.1732E+00 0.2548E+00 0.6184E+00 0.1681E+00 0.5017E+00 0.3504E+00 0.3340E+00 0.0000E+00
0.0000E+00 0.8169E+00 0.2843E-01 0.6652E+00 0.6340E+00 0.5220E-02 0.3206E+00 0.3196E+00 0.2873E+00 0.4127E+00 0.3323E+00 0.3306E+00 0.2645E+00 0.2468E+00 0.1796E+00 0.2619E+00 0.6232E+00 0.1732E+00 0.5059E+00 0.3612E+00 0.3448E+00 0.0000E+00
0.0000E+00 0.8234E+00 0.3671E-01 0.6727E+00 0.5205E-02 0.1033E-01 0.3235E+00 0.3222E+00 0.2964E+00 0.4222E+00 0.3429E+00 0.3365E+00 0.2746E+00 0.2536E+00 0.1877E+00 0.2656E+00 0.6295E+00 0.1794E+00 0.5082E+00 0.3680E+00 0.3534E+00 0.0000E+00
0.0000E+00 0.8291E+00 0.4409E-01 0.6755E+00 0.1043E-01 0.1563E-01 0.3266E+00 0.3313E+00 0.3051E+00 0.4317E+00 0.3512E+00 0.3408E+00 0.2841E+00 0.2620E+00 0.1934E+00 0.2697E+00 0.6386E+00 0.1847E+00 0.5117E+00 0.3730E+00 0.3568E+00 0.0000E+00
0.0000E+00 0.8357E+00 0.5360E-01 0.6866E+00 0.2048E-01 0.2306E-01 0.3302E+00 0.3405E+00 0.3136E+00 0.4405E+00 0.3614E+00 0.3455E+00 0.2920E+00 0.2692E+00 0.1978E+00 0.2745E+00 0.6472E+00 0.1935E+00 0.5164E+00 0.3779E+00 0.3612E+00 0.0000E+00
0.0000E+00 0.8422E+00 0.5956E-01 0.6954E+00 0.2903E-01 0.3047E-01 0.3404E+00 0.3497E+00 0.3203E+00 0.4489E+00 0.3710E+00 0.3518E+00 0.2980E+00 0.2761E+00 0.2022E+00 0.2793E+00 0.6549E+00 0.2033E+00 0.5250E+00 0.3885E+00 0.3713E+00 0.0000E+00
0.0000E+00 0.8491E+00 0.6854E-01 0.7041E+00 0.3653E-01 0.3806E-01 0.3463E+00 0.3569E+00 0.3278E+00 0.4505E+00 0.3818E+00 0.3601E+00 0.3046E+00 0.2789E+00 0.2068E+00 0.2855E+00 0.6616E+00 0.2118E+00 0.5347E+00 0.3976E+00 0.3812E+00 0.0000E+00
0.0000E+00 0.8556E+00 0.7618E-01 0.7113E+00 0.4329E-01 0.4568E-01 0.3529E+00 0.3638E+00 0.3354E+00 0.4592E+00 0.3902E+00 0.3678E+00 0.3122E+00 0.2832E+00 0.2129E+00 0.2918E+00 0.6673E+00 0.2184E+00 0.5396E+00 0.4077E+00 0.3909E+00 0.0000E+00
0.0000E+00 0.8578E+00 0.8003E-01 0.7207E+00 0.5174E-01 0.5476E-01 0.3620E+00 0.3729E+00 0.3431E+00 0.4629E+00 0.3977E+00 0.3763E+00 0.3208E+00 0.2928E+00 0.2220E+00 0.2986E+00 0.6705E+00 0.2264E+00 0.5427E+00 0.4145E+00 0.3993E+00 0.0000E+00
0.0000E+00 0.8602E+00 0.8428E-01 0.7267E+00 0.6041E-01 0.6467E-01 0.3717E+00 0.3837E+00 0.3517E+00 0.4713E+00 0.4058E+00 0.3865E+00 0.3282E+00 0.3031E+00 0.2318E+00 0.3063E+00 0.6747E+00 0.2313E+00 0.5458E+00 0.4179E+00 0.4040E+00 0.0000E+00
0.0000E+00 0.8624E+00 0.8867E-01 0.7380E+00 0.6904E-01 0.7392E-01 0.3819E+00 0.3938E+00 0.3544E+00 0.4798E+00 0.4146E+00 0.3956E+00 0.3378E+00 0.3139E+00 0.2407E+00 0.3144E+00 0.6790E+00 0.2374E+00 0.5487E+00 0.4252E+00 0.4135E+00 0.0000E+00
0.0000E+00 0.8648E+00 0.9619E-01 0.7476E+00 0.7763E-01 0.8298E-01 0.3921E+00 0.4025E+00 0.3593E+00 0.4878E+00 0.4210E+00 0.4029E+00 0.3446E+00 0.3196E+00 0.2501E+00 0.3217E+00 0.6848E+00 0.2429E+00 0.5577E+00 0.4314E+00 0.4178E+00 0.0000E+00
0.0000E+00 0.8705E+00 0.1048E+00 0.7568E+00 0.8676E-01 0.9158E-01 0.4018E+00 0.4110E+00 0.3648E+00 0.4944E+00 0.4285E+00 0.4111E+00 0.3494E+00 0.3219E+00 0.2547E+00 0.3292E+00 0.6923E+00 0.2494E+00 0.5663E+00 0.4404E+00 0.4240E+00 0.0000E+00
0.0000E+00 0.8763E+00 0.1142E+00 0.7669E+00 0.9661E-01 0.1010E+00 0.4077E+00 0.4168E+00 0.3714E+00 0.5000E+00 0.4375E+00 0.4218E+00 0.3514E+00 0.3244E+00 0.2577E+00 0.3347E+00 0.6998E+00 0.2564E+00 0.5759E+00 0.4500E+00 0.4301E+00 0.0000E+00
0.0000E+00 0.8790E+00 0.1242E+00 0.7743E+00 0.1055E+00 0.1095E+00 0.4125E+00 0.4216E+00 0.3769E+00 0.5045E+00 0.4428E+00 0.4248E+00 0.3535E+00 0.3271E+00 0.2610E+00 0.3382E+00 0.7022E+00 0.2628E+00 0.5833E+00 0.4561E+00 0.4358E+00 0.0000E+00
0.0000E+00 0.8815E+00 0.1563E+01 0.1429E+01 0.6495E+00 0.5350E+00 0.4175E+00 0.8101E+00 0.3827E+00 0.5075E+00 0.4479E+00 0.7910E+00 0.3586E+00 0.3298E+00 0.1307E+01 0.1044E+01 0.7037E+00 0.2655E+00 0.5852E+00 0.4597E+00 0.4402E+00 0.0000E+00
0.0000E+00 0.0000E+00 0.0000E+00 0.0000E+00 0.0000E+00 0.0000E+00 0.0000E+00 0.0000E+00 0.0000E+00 0.0000E+00 0.0000E+00 0.0000E+00 0.0000E+00 0.0000E+00 0.0000E+00 0.0000E+00 0.0000E+00 0.0000E+00 0.0000E+00 0.0000E+00 0.0000E+00 0.0000E+00
