p3_rainC_lowsm_sedtr.asc
ncols     22
nrows     62
xllcorner      0.00000000
yllcorner      0.00000000
cellsize      0.50000000
nodata_value -9999
0.0000E+00 0.0000E+00 0.0000E+00 0.0000E+00 0.0000E+00 0.0000E+00 0.0000E+00 0.0000E+00 0.0000E+00 0.0000E+00 0.0000E+00 0.0000E+00 0.0000E+00 0.0000E+00 0.0000E+00 0.0000E+00 0.0000E+00 0.0000E+00 0.0000E+00 0.0000E+00 0.0000E+00 0.0000E+00
0.0000E+00 0.2542E-01 0.2605E-01 0.5254E-02 0.3104E-01 0.1487E-01 0.2208E-01 0.2073E-01 0.1471E-01 0.3940E-02 0.1889E-03 0.9855E-02 0.2431E-01 0.1405E-01 0.1172E-02 0.4440E-01 0.4308E-01 0.3108E-01 0.4038E-01 0.7278E-02 0.2099E-01 0.0000E+00
0.0000E+00 0.1463E-01 0.5298E-01 0.3306E-01 0.2461E-01 0.4601E-01 0.4244E-01 0.1558E-01 0.5204E-01 0.4788E-01 0.3365E-01 0.9267E-02 0.6760E-01 0.4571E-01 0.5111E-01 0.7323E-01 0.7662E-01 0.5017E-01 0.7045E-01 0.5189E-01 0.3824E-01 0.0000E+00
0.0000E+00 0.5010E-01 0.5207E-01 0.7572E-01 0.2276E-01 0.6856E-01 0.6057E-01 0.9394E-02 0.6380E-01 0.7690E-01 0.7092E-01 0.4507E-01 0.9756E-01 0.3097E-01 0.6325E-01 0.9050E-01 0.9338E-01 0.3795E-01 0.7199E-01 0.4888E-01 0.4376E-01 0.0000E+00
0.0000E+00 0.7202E-01 0.9159E-01 0.1036E+00 0.5245E-01 0.4776E-01 0.1072E+00 0.2995E-01 0.8209E-01 0.9479E-01 0.3684E-01 0.6241E-01 0.9830E-01 0.6900E-01 0.8697E-01 0.1083E+00 0.8083E-01 0.4706E-01 0.7745E-01 0.2525E-01 0.5658E-01 0.0000E+00
0.0000E+00 0.7798E-01 0.1006E+00 0.8717E-01 0.5855E-01 0.7626E-01 0.9825E-01 0.4767E-01 0.8889E-01 0.8558E-01 0.6825E-01 0.3132E-01 0.1147E+00 0.8129E-01 0.1174E+00 0.1435E+00 0.9695E-01 0.1072E+00 0.1443E+00 0.4233E-01 0.7548E-01 0.0000E+00
0.0000E+00 0.5138E-01 0.1105E+00 0.4248E-01 0.4340E-01 0.6993E-01 0.8728E-01 0.4825E-01 0.9610E-01 0.4986E-01 0.4274E-01 0.7798E-01 0.1195E+00 0.1211E+00 0.1068E+00 0.1130E+00 0.1172E+00 0.1300E+00 0.1575E+00 0.8232E-01 0.9082E-01 0.0000E+00
0.0000E+00 0.7692E-01 0.8355E-01 0.3441E-03 0.3805E-01 0.4163E-01 0.5405E-01 0.3538E-01 0.7629E-01 0.9809E-01 0.7834E-01 0.8838E-01 0.7715E-01 0.1091E+00 0.9054E-01 0.1335E+00 0.1153E+00 0.1321E+00 0.1434E+00 0.1178E+00 0.1083E+00 0.0000E+00
0.0000E+00 0.8099E-01 0.7108E-01 0.1582E-02 0.2889E-01 0.2524E-01 0.3873E-01 0.3282E-01 0.5686E-01 0.8513E-01 0.8288E-01 0.4219E-01 0.5718E-01 0.1209E+00 0.1080E+00 0.1262E+00 0.1240E+00 0.1444E+00 0.1613E+00 0.1175E+00 0.9246E-01 0.0000E+00
0.0000E+00 0.5598E-01 0.6589E-01 0.4415E-01 0.7271E-01 0.5160E-01 0.7790E-01 0.2846E-01 0.2464E-03 0.6827E-01 0.3732E-01 0.4619E-01 0.1466E-01 0.9977E-01 0.9986E-01 0.1320E+00 0.1038E+00 0.1430E+00 0.1567E+00 0.1283E+00 0.9992E-01 0.0000E+00
0.0000E+00 0.7494E-01 0.1020E+00 0.4773E-01 0.1166E+00 0.4981E-01 0.4624E-01 0.5462E-01 0.1670E-02 0.6144E-01 0.2579E-01 0.2638E-01 0.7854E-02 0.9055E-01 0.1418E+00 0.2022E+00 0.2577E+00 0.1227E+00 0.1205E+00 0.1285E+00 0.9402E-01 0.0000E+00
0.0000E+00 0.4257E-01 0.1250E+00 0.4546E-01 0.4924E-01 0.6614E-01 0.9051E-01 0.4987E-01 0.2345E-01 0.5377E-01 0.1980E-01 0.5637E-01 0.2197E-01 0.2122E-03 0.1442E-03 0.6344E-02 0.2582E+00 0.1106E+00 0.1745E+00 0.1392E+00 0.9254E-01 0.0000E+00
0.0000E+00 0.7357E-01 0.1046E+00 0.1970E-01 0.8209E-01 0.4117E-01 0.8841E-01 0.2395E-01 0.4794E-01 0.4517E-01 0.4957E-01 0.5268E-01 0.7119E-02 0.1389E-02 0.5944E-03 0.9696E-03 0.2799E+00 0.9820E-03 0.1642E+00 0.1365E+00 0.7713E-01 0.0000E+00
0.0000E+00 0.3803E-01 0.7192E-01 0.4032E-03 0.4928E-01 0.4151E-01 0.1154E+00 0.5591E-01 0.3586E-01 0.6513E-01 0.3925E-01 0.5088E-01 0.1296E-01 0.2560E-01 0.1788E-02 0.2962E-01 0.2844E+00 0.4258E-01 0.1930E+00 0.1299E+00 0.9305E-01 0.0000E+00
0.0000E+00 0.1116E+00 0.6301E-01 0.1353E-02 0.3799E-01 0.5036E-01 0.1268E+00 0.2198E-01 0.1900E-01 0.6207E-01 0.5576E-01 0.7421E-01 0.4634E-01 0.5845E-01 0.5287E-01 0.5147E-01 0.2641E+00 0.5313E-01 0.1649E+00 0.1277E+00 0.1050E+00 0.0000E+00
0.0000E+00 0.8696E-01 0.9459E-01 0.1661E-01 0.3505E-01 0.7589E-01 0.8420E-01 0.5370E-01 0.5875E-01 0.9019E-01 0.7977E-01 0.1037E+00 0.6202E-01 0.3024E-01 0.5237E-01 0.6117E-01 0.2718E+00 0.4602E-01 0.2097E+00 0.1401E+00 0.9616E-01 0.0000E+00
0.0000E+00 0.1373E+00 0.1615E+00 0.2125E-01 0.2693E-01 0.5572E-01 0.9751E-01 0.7410E-01 0.7071E-01 0.1001E+00 0.9259E-01 0.1151E+00 0.7289E-01 0.5104E-01 0.6876E-01 0.5784E-01 0.2747E+00 0.4597E-01 0.2265E+00 0.1398E+00 0.1012E+00 0.0000E+00
0.0000E+00 0.1436E+00 0.1387E+00 0.2985E-01 0.2113E-01 0.2994E-01 0.1175E+00 0.8643E-01 0.7553E-01 0.1092E+00 0.1013E+00 0.1121E+00 0.9207E-01 0.9296E-01 0.2364E-02 0.9475E-01 0.2838E+00 0.4311E-01 0.2182E+00 0.1481E+00 0.1187E+00 0.0000E+00
0.0000E+00 0.1625E+00 0.1821E+00 0.1300E-01 0.1758E-01 0.2864E-01 0.1745E+00 0.1210E+00 0.1336E+00 0.1836E+00 0.1454E+00 0.7555E-01 0.1098E+00 0.1280E+00 0.5105E-01 0.8772E-01 0.2708E+00 0.1701E-01 0.2377E+00 0.9999E-01 0.6379E-01 0.0000E+00
0.0000E+00 0.1583E+00 0.1819E+00 0.4449E-01 0.2087E-01 0.7868E-01 0.1749E+00 0.8901E-01 0.8431E-01 0.1806E+00 0.1634E+00 0.7944E-01 0.7495E-01 0.1193E+00 0.4144E-01 0.7649E-01 0.2270E+00 0.5279E-01 0.2323E+00 0.1223E+00 0.9723E-01 0.0000E+00
0.0000E+00 0.8993E-01 0.2036E+00 0.5834E-01 0.1600E-01 0.9826E-01 0.2033E+00 0.1444E+00 0.1223E+00 0.1884E+00 0.1834E+00 0.1057E+00 0.4885E-01 0.1280E+00 0.4182E-01 0.9333E-01 0.2085E+00 0.7340E-03 0.2206E+00 0.1351E+00 0.1160E+00 0.0000E+00
0.0000E+00 0.1376E+00 0.2662E+00 0.3008E-01 0.1143E-01 0.1115E+00 0.1873E+00 0.1301E+00 0.1303E+00 0.1920E+00 0.1837E+00 0.6553E-01 0.3630E-01 0.7557E-01 0.3671E-01 0.5466E-01 0.2013E+00 0.1401E-01 0.2279E+00 0.1637E+00 0.1300E+00 0.0000E+00
0.0000E+00 0.9735E-01 0.2787E+00 0.2659E-01 0.1657E-01 0.1663E+00 0.1204E+00 0.1555E+00 0.1674E+00 0.1870E+00 0.1560E+00 0.1654E+00 0.6791E-01 0.7030E-01 0.2268E-01 0.4938E-01 0.1951E+00 0.8056E-03 0.2351E+00 0.1648E+00 0.1348E+00 0.0000E+00
0.0000E+00 0.1225E+00 0.2786E+00 0.1143E+00 0.2946E-01 0.1490E+00 0.1350E+00 0.1611E+00 0.2113E+00 0.1922E+00 0.1289E+00 0.1571E+00 0.7910E-01 0.1283E+00 0.1822E-01 0.4805E-01 0.1920E+00 0.6425E-01 0.1854E+00 0.1871E+00 0.1428E+00 0.0000E+00
0.0000E+00 0.9532E-01 0.2768E+00 0.1442E+00 0.9271E-01 0.1652E+00 0.1647E+00 0.1474E+00 0.1446E+00 0.2195E+00 0.1083E+00 0.1709E+00 0.8637E-01 0.6914E-01 0.7697E-01 0.3974E-01 0.1913E+00 0.8406E-01 0.2274E+00 0.1299E+00 0.1376E+00 0.0000E+00
0.0000E+00 0.1545E+00 0.2139E+00 0.1289E+00 0.7446E-01 0.1995E+00 0.1736E+00 0.1313E+00 0.1369E+00 0.2887E+00 0.1187E+00 0.1262E+00 0.1307E+00 0.1202E+00 0.1011E+00 0.1120E+00 0.2877E+00 0.1107E+00 0.2199E+00 0.1262E+00 0.1558E+00 0.0000E+00
0.0000E+00 0.1264E+00 0.2516E+00 0.1629E+00 0.8856E-01 0.2306E+00 0.1872E+00 0.1256E+00 0.1945E+00 0.2326E+00 0.1672E+00 0.1968E+00 0.1294E+00 0.1349E+00 0.1152E+00 0.7415E-01 0.2851E+00 0.1375E+00 0.2316E+00 0.1398E+00 0.1198E+00 0.0000E+00
0.0000E+00 0.1725E+00 0.2546E+00 0.1517E+00 0.1445E+00 0.2067E+00 0.2340E+00 0.1582E+00 0.1912E+00 0.2598E+00 0.1914E+00 0.1466E+00 0.1179E+00 0.1103E+00 0.1047E+00 0.1278E+00 0.2931E+00 0.1495E+00 0.2420E+00 0.1666E+00 0.1043E+00 0.0000E+00
0.0000E+00 0.1191E+00 0.2679E+00 0.1984E+00 0.1681E+00 0.2038E+00 0.2351E+00 0.1482E+00 0.2053E+00 0.2581E+00 0.1814E+00 0.1055E+00 0.1041E+00 0.1418E+00 0.1259E+00 0.1531E+00 0.3475E+00 0.1451E+00 0.2425E+00 0.1603E+00 0.1245E+00 0.0000E+00
0.0000E+00 0.8713E-01 0.2894E+00 0.2232E+00 0.1214E+00 0.1415E+00 0.2312E+00 0.1670E+00 0.2076E+00 0.1961E+00 0.1998E+00 0.1499E+00 0.7948E-01 0.1010E+00 0.1513E+00 0.1075E+00 0.2962E+00 0.8979E-01 0.2189E+00 0.1573E+00 0.8989E-01 0.0000E+00
0.0000E+00 0.8145E-01 0.2950E+00 0.2321E+00 0.1600E+00 0.1950E+00 0.2156E+00 0.1589E+00 0.1976E+00 0.1693E+00 0.2043E+00 0.1694E+00 0.6596E-01 0.1236E+00 0.1500E+00 0.7123E-01 0.2378E+00 0.6578E-01 0.1669E+00 0.1885E+00 0.1369E+00 0.0000E+00
0.0000E+00 0.7914E-01 0.2963E+00 0.1642E+00 0.1581E+00 0.2048E+00 0.2101E+00 0.1353E+00 0.1669E+00 0.2172E+00 0.1554E+00 0.1754E+00 0.9717E-01 0.1200E+00 0.1379E+00 0.5931E-01 0.2189E+00 0.5733E-01 0.1471E+00 0.1169E+00 0.1914E+00 0.0000E+00
0.0000E+00 0.1678E+00 0.3229E+00 0.2135E+00 0.1965E+00 0.1960E+00 0.1390E+00 0.1329E+00 0.1887E+00 0.1633E+00 0.1870E+00 0.1876E+00 0.1120E+00 0.1133E+00 0.1019E+00 0.1168E+00 0.2079E+00 0.5033E-01 0.1459E+00 0.1115E+00 0.2037E+00 0.0000E+00
0.0000E+00 0.2093E+00 0.3269E+00 0.1939E+00 0.2217E+00 0.1297E+00 0.1190E+00 0.1015E+00 0.1358E+00 0.1579E+00 0.1363E+00 0.1775E+00 0.9133E-01 0.1298E+00 0.1305E+00 0.1306E+00 0.2669E+00 0.1060E+00 0.2343E+00 0.1057E+00 0.2051E+00 0.0000E+00
0.0000E+00 0.1945E+00 0.2515E+00 0.1535E+00 0.2153E+00 0.1680E+00 0.1312E+00 0.9215E-01 0.1655E+00 0.1463E+00 0.1166E+00 0.1753E+00 0.1371E+00 0.1289E+00 0.1082E+00 0.1601E+00 0.2929E+00 0.1573E+00 0.1713E+00 0.1135E+00 0.1803E+00 0.0000E+00
0.0000E+00 0.1794E+00 0.2498E+00 0.1156E+00 0.1837E+00 0.2286E+00 0.2372E+00 0.1210E+00 0.1304E+00 0.2135E+00 0.1589E+00 0.1769E+00 0.1487E+00 0.1147E+00 0.1152E+00 0.1843E+00 0.3340E+00 0.1825E+00 0.1852E+00 0.1384E+00 0.1182E+00 0.0000E+00
0.0000E+00 0.1595E+00 0.2571E+00 0.1229E+00 0.2402E+00 0.2765E+00 0.2784E+00 0.1729E+00 0.1215E+00 0.2562E+00 0.1978E+00 0.1996E+00 0.1438E+00 0.1127E+00 0.8439E-01 0.1965E+00 0.3462E+00 0.2128E+00 0.2622E+00 0.1190E+00 0.1556E+00 0.0000E+00
0.0000E+00 0.1880E+00 0.2808E+00 0.1590E+00 0.2860E+00 0.2265E+00 0.1995E+00 0.2337E+00 0.1698E+00 0.2878E+00 0.1375E+00 0.2216E+00 0.1424E+00 0.7086E-01 0.5503E-01 0.1172E+00 0.3839E+00 0.2021E+00 0.1965E+00 0.1649E+00 0.1650E+00 0.0000E+00
0.0000E+00 0.2079E+00 0.3276E+00 0.1808E+00 0.2750E+00 0.2595E+00 0.2488E+00 0.2406E+00 0.2181E+00 0.2912E+00 0.1943E+00 0.1900E+00 0.1666E+00 0.7879E-01 0.4731E-01 0.1818E+00 0.4117E+00 0.2336E+00 0.2023E+00 0.1581E+00 0.1579E+00 0.0000E+00
0.0000E+00 0.1907E+00 0.3062E+00 0.1498E+00 0.1699E+00 0.2535E+00 0.2682E+00 0.2852E+00 0.2350E+00 0.3212E+00 0.1561E+00 0.2137E+00 0.1901E+00 0.1690E+00 0.1153E+00 0.2480E+00 0.4222E+00 0.2286E+00 0.1619E+00 0.1641E+00 0.1666E+00 0.0000E+00
0.0000E+00 0.1463E+00 0.3377E+00 0.1276E+00 0.1610E+00 0.2063E+00 0.2082E+00 0.2756E+00 0.2565E+00 0.3360E+00 0.1839E+00 0.2534E+00 0.1564E+00 0.2219E+00 0.5590E-01 0.1471E+00 0.3957E+00 0.2119E+00 0.1441E+00 0.1003E+00 0.9988E-01 0.0000E+00
0.0000E+00 0.3598E+00 0.3033E+00 0.3626E-02 0.1821E+00 0.2079E+00 0.2188E+00 0.2818E+00 0.2594E+00 0.3434E+00 0.1915E+00 0.2525E+00 0.1895E+00 0.1396E+00 0.3160E-01 0.1007E+00 0.3042E+00 0.1455E+00 0.1356E+00 0.7997E-01 0.8165E-01 0.0000E+00
0.0000E+00 0.3275E+00 0.2000E-01 0.3309E-01 0.2111E+00 0.2252E+00 0.2354E+00 0.2321E+00 0.2632E+00 0.3440E+00 0.1960E+00 0.2306E+00 0.1822E+00 0.9043E-01 0.2391E-01 0.9085E-01 0.2627E+00 0.1172E+00 0.1584E+00 0.9274E-01 0.1032E+00 0.0000E+00
0.0000E+00 0.3630E+00 0.6806E-02 0.5444E-01 0.2489E+00 0.1560E+00 0.2579E+00 0.2445E+00 0.2565E+00 0.3417E+00 0.2395E+00 0.2551E+00 0.1985E+00 0.1473E+00 0.1936E-01 0.8557E-01 0.2357E+00 0.1702E+00 0.1863E+00 0.1734E+00 0.1649E+00 0.0000E+00
0.0000E+00 0.3613E+00 0.3656E-01 0.6022E-01 0.2435E+00 0.2087E+00 0.2565E+00 0.2255E+00 0.2395E+00 0.3211E+00 0.2453E+00 0.2379E+00 0.2005E+00 0.1478E+00 0.1531E-01 0.8182E-01 0.2224E+00 0.1730E+00 0.2366E+00 0.1782E+00 0.1996E+00 0.0000E+00
0.0000E+00 0.3304E+00 0.3537E-01 0.2301E-01 0.2622E+00 0.1357E+00 0.1673E+00 0.1853E+00 0.2255E+00 0.2925E+00 0.1583E+00 0.2136E+00 0.1710E+00 0.1476E+00 0.2099E-01 0.7914E-01 0.2102E+00 0.1212E+00 0.2603E+00 0.1795E+00 0.1156E+00 0.0000E+00
0.0000E+00 0.3230E+00 0.1196E-01 0.2338E+00 0.2343E+00 0.1897E-03 0.1326E+00 0.1392E+00 0.2319E+00 0.2600E+00 0.1718E+00 0.2006E+00 0.1689E+00 0.1280E+00 0.4682E-01 0.1435E+00 0.2577E+00 0.1669E+00 0.2053E+00 0.1884E+00 0.1499E+00 0.0000E+00
0.0000E+00 0.3170E+00 0.5277E-01 0.2530E+00 0.7118E-03 0.7588E-03 0.1183E+00 0.1214E+00 0.2033E+00 0.2480E+00 0.1717E+00 0.1714E+00 0.1783E+00 0.1514E+00 0.7094E-01 0.9527E-01 0.2902E+00 0.1828E+00 0.1605E+00 0.1997E+00 0.1722E+00 0.0000E+00
0.0000E+00 0.3162E+00 0.4610E-01 0.2280E+00 0.1100E-02 0.2432E-02 0.1108E+00 0.1678E+00 0.2004E+00 0.2513E+00 0.1664E+00 0.1541E+00 0.1694E+00 0.1503E+00 0.4752E-01 0.9482E-01 0.3251E+00 0.1630E+00 0.2151E+00 0.2115E+00 0.1359E+00 0.0000E+00
0.0000E+00 0.3208E+00 0.7341E-01 0.2330E+00 0.5685E-01 0.4337E-01 0.1070E+00 0.1952E+00 0.1712E+00 0.2098E+00 0.1846E+00 0.1492E+00 0.1386E+00 0.1273E+00 0.3476E-01 0.1154E+00 0.3352E+00 0.1738E+00 0.2407E+00 0.2218E+00 0.1039E+00 0.0000E+00
0.0000E+00 0.3145E+00 0.5074E-01 0.2682E+00 0.7102E-01 0.5554E-01 0.1607E+00 0.2119E+00 0.1697E+00 0.2069E+00 0.1746E+00 0.1508E+00 0.1217E+00 0.8789E-01 0.2720E-01 0.9566E-01 0.3284E+00 0.1913E+00 0.2589E+00 0.2186E+00 0.1624E+00 0.0000E+00
0.0000E+00 0.2924E+00 0.7527E-01 0.2884E+00 0.7407E-01 0.4889E-01 0.1734E+00 0.1912E+00 0.1678E+00 0.1679E+00 0.1724E+00 0.1608E+00 0.1368E+00 0.6703E-01 0.7461E-01 0.1311E+00 0.3122E+00 0.1684E+00 0.2367E+00 0.1962E+00 0.1949E+00 0.0000E+00
0.0000E+00 0.2889E+00 0.6232E-01 0.2725E+00 0.6638E-01 0.6517E-01 0.1566E+00 0.1778E+00 0.1571E+00 0.2033E+00 0.1798E+00 0.1430E+00 0.1592E+00 0.1122E+00 0.6740E-01 0.1365E+00 0.3001E+00 0.1297E+00 0.1900E+00 0.1668E+00 0.1668E+00 0.0000E+00
0.0000E+00 0.2394E+00 0.3116E-01 0.2744E+00 0.9072E-01 0.8938E-01 0.2016E+00 0.1812E+00 0.1519E+00 0.1653E+00 0.1740E+00 0.1384E+00 0.1605E+00 0.1524E+00 0.9369E-01 0.1504E+00 0.2732E+00 0.1528E+00 0.1908E+00 0.1788E+00 0.1840E+00 0.0000E+00
0.0000E+00 0.2211E+00 0.2447E-01 0.2867E+00 0.1060E+00 0.1040E+00 0.2069E+00 0.1937E+00 0.1588E+00 0.2106E+00 0.1690E+00 0.1654E+00 0.1463E+00 0.1650E+00 0.1020E+00 0.1561E+00 0.2953E+00 0.1690E+00 0.2230E+00 0.1676E+00 0.1982E+00 0.0000E+00
0.0000E+00 0.2076E+00 0.2110E-01 0.2936E+00 0.1308E+00 0.1114E+00 0.2277E+00 0.1922E+00 0.1171E+00 0.2506E+00 0.1771E+00 0.1639E+00 0.1343E+00 0.1520E+00 0.1064E+00 0.1590E+00 0.2968E+00 0.1893E+00 0.1987E+00 0.1780E+00 0.1597E+00 0.0000E+00
0.0000E+00 0.2008E+00 0.5367E-01 0.3426E+00 0.1434E+00 0.1252E+00 0.2414E+00 0.2434E+00 0.1155E+00 0.2652E+00 0.1764E+00 0.1618E+00 0.1102E+00 0.1250E+00 0.1106E+00 0.1255E+00 0.3123E+00 0.1622E+00 0.1954E+00 0.1798E+00 0.1719E+00 0.0000E+00
0.0000E+00 0.2711E+00 0.1221E+00 0.3697E+00 0.1594E+00 0.1451E+00 0.2454E+00 0.2407E+00 0.1464E+00 0.2519E+00 0.1615E+00 0.1622E+00 0.9431E-01 0.7576E-01 0.6469E-01 0.1157E+00 0.2875E+00 0.1546E+00 0.1890E+00 0.1723E+00 0.1850E+00 0.0000E+00
0.0000E+00 0.3137E+00 0.1264E+00 0.3812E+00 0.1800E+00 0.1660E+00 0.2212E+00 0.2343E+00 0.1740E+00 0.2530E+00 0.1692E+00 0.1627E+00 0.7491E-01 0.6813E-01 0.4725E-01 0.1127E+00 0.2604E+00 0.1294E+00 0.1873E+00 0.1689E+00 0.1634E+00 0.0000E+00
0.0000E+00 0.2570E+00 0.1669E+00 0.3887E+00 0.1843E+00 0.1930E+00 0.2375E+00 0.2562E+00 0.1685E+00 0.2673E+00 0.1860E+00 0.1140E+00 0.6712E-01 0.6125E-01 0.4250E-01 0.7813E-01 0.2297E+00 0.1120E+00 0.1432E+00 0.1180E+00 0.1201E+00 0.0000E+00
0.0000E+00 0.2109E+00 0.5053E+00 0.5131E+00 0.3222E+00 0.2951E+00 0.2268E+00 0.2477E+00 0.1373E+00 0.1884E+00 0.1194E+00 0.1411E+00 0.6231E-01 0.4939E-01 0.2543E+00 0.2376E+00 0.1972E+00 0.7467E-01 0.1131E+00 0.9859E-01 0.8719E-01 0.0000E+00
0.0000E+00 0.0000E+00 0.0000E+00 0.0000E+00 0.0000E+00 0.0000E+00 0.0000E+00 0.0000E+00 0.0000E+00 0.0000E+00 0.0000E+00 0.0000E+00 0.0000E+00 0.0000E+00 0.0000E+00 0.0000E+00 0.0000E+00 0.0000E+00 0.0000E+00 0.0000E+00 0.0000E+00 0.0000E+00
