p3_rainE_medsm_dschg.asc
ncols     22
nrows     62
xllcorner      0.00000000
yllcorner      0.00000000
cellsize      0.50000000
nodata_value -9999
0.0000E+00 0.0000E+00 0.0000E+00 0.0000E+00 0.0000E+00 0.0000E+00 0.0000E+00 0.0000E+00 0.0000E+00 0.0000E+00 0.0000E+00 0.0000E+00 0.0000E+00 0.0000E+00 0.0000E+00 0.0000E+00 0.0000E+00 0.0000E+00 0.0000E+00 0.0000E+00 0.0000E+00 0.0000E+00
0.0000E+00 0.2324E-03 0.5265E-03 0.1602E-03 0.1198E-02 0.4631E-03 0.8844E-03 0.9865E-03 0.3294E-03 0.9076E-04 0.6913E-04 0.2546E-03 0.7837E-03 0.9135E-03 0.1015E-03 0.8938E-03 0.9855E-03 0.9798E-03 0.1197E-02 0.2054E-03 0.3167E-03 0.0000E+00
0.0000E+00 0.2903E-03 0.1054E-02 0.8420E-03 0.1032E-02 0.1348E-02 0.1414E-02 0.7354E-03 0.8166E-03 0.1093E-02 0.7096E-03 0.3077E-03 0.1565E-02 0.1356E-02 0.8820E-03 0.1768E-02 0.2063E-02 0.1588E-02 0.2392E-02 0.1296E-02 0.5557E-03 0.0000E+00
0.0000E+00 0.9665E-03 0.1377E-02 0.1829E-02 0.7806E-03 0.1905E-02 0.1825E-02 0.5979E-03 0.1607E-02 0.2179E-02 0.1403E-02 0.1270E-02 0.2318E-02 0.1044E-02 0.1649E-02 0.2731E-02 0.3141E-02 0.1534E-02 0.3643E-02 0.2057E-02 0.7641E-03 0.0000E+00
0.0000E+00 0.1756E-02 0.2357E-02 0.2501E-02 0.7778E-03 0.1716E-02 0.2915E-02 0.7759E-03 0.2071E-02 0.3143E-02 0.1421E-02 0.2139E-02 0.2959E-02 0.1791E-02 0.2613E-02 0.3803E-02 0.3590E-02 0.2779E-02 0.4894E-02 0.1412E-02 0.1028E-02 0.0000E+00
0.0000E+00 0.2529E-02 0.3119E-02 0.3095E-02 0.1565E-02 0.2357E-02 0.3470E-02 0.1033E-02 0.2649E-02 0.3996E-02 0.2505E-02 0.1710E-02 0.3104E-02 0.2571E-02 0.3470E-02 0.4753E-02 0.4042E-02 0.3844E-02 0.6068E-02 0.1526E-02 0.1535E-02 0.0000E+00
0.0000E+00 0.2166E-02 0.7048E-02 0.3133E-02 0.1627E-02 0.2668E-02 0.3575E-02 0.1029E-02 0.2609E-02 0.3142E-02 0.2405E-02 0.2192E-02 0.2908E-02 0.3153E-02 0.4544E-02 0.5688E-02 0.4896E-02 0.4911E-02 0.6825E-02 0.2614E-02 0.2314E-02 0.0000E+00
0.0000E+00 0.2837E-02 0.6857E-02 0.7054E-04 0.1532E-02 0.2515E-02 0.3144E-02 0.1040E-02 0.2704E-02 0.3309E-02 0.2421E-02 0.2485E-02 0.2721E-02 0.3720E-02 0.5007E-02 0.6387E-02 0.5588E-02 0.6102E-02 0.7135E-02 0.3379E-02 0.2598E-02 0.0000E+00
0.0000E+00 0.2984E-02 0.6247E-02 0.1325E-03 0.1380E-02 0.2197E-02 0.2762E-02 0.9817E-03 0.2787E-02 0.6092E-02 0.2411E-02 0.2176E-02 0.2694E-02 0.6955E-02 0.5846E-02 0.6971E-02 0.6269E-02 0.7127E-02 0.6918E-02 0.3525E-02 0.2200E-02 0.0000E+00
0.0000E+00 0.2973E-02 0.5777E-02 0.4860E-03 0.1697E-02 0.1964E-02 0.2499E-02 0.9712E-03 0.5717E-04 0.5647E-02 0.2097E-02 0.1951E-02 0.2655E-03 0.7310E-02 0.6792E-02 0.7532E-02 0.6450E-02 0.8180E-02 0.7356E-02 0.4397E-02 0.2458E-02 0.0000E+00
0.0000E+00 0.3470E-02 0.6833E-02 0.1683E-02 0.2682E-02 0.1769E-02 0.2220E-02 0.8652E-03 0.1223E-03 0.5218E-02 0.1830E-02 0.1735E-02 0.9616E-04 0.7511E-02 0.1411E-01 0.2208E-01 0.2944E-01 0.9361E-02 0.7278E-02 0.5367E-02 0.3052E-02 0.0000E+00
0.0000E+00 0.3182E-02 0.7487E-02 0.2934E-02 0.2287E-02 0.1954E-02 0.2396E-02 0.8407E-03 0.3441E-03 0.4796E-02 0.1684E-02 0.2144E-02 0.2177E-03 0.4170E-04 0.6940E-04 0.2137E-03 0.3057E-01 0.1045E-01 0.1713E-01 0.6113E-02 0.3697E-02 0.0000E+00
0.0000E+00 0.3811E-02 0.8202E-02 0.2113E-02 0.5459E-02 0.2276E-02 0.3381E-02 0.7406E-03 0.8368E-03 0.4413E-02 0.2571E-02 0.2934E-02 0.2624E-03 0.1116E-03 0.1006E-03 0.7463E-04 0.3056E-01 0.6667E-04 0.1628E-01 0.6669E-02 0.3748E-02 0.0000E+00
0.0000E+00 0.3352E-02 0.7433E-02 0.6350E-04 0.4837E-02 0.2431E-02 0.4453E-02 0.1825E-02 0.1050E-02 0.4667E-02 0.2302E-02 0.4127E-02 0.5310E-03 0.4371E-03 0.1503E-03 0.3054E-03 0.3120E-01 0.9574E-03 0.1692E-01 0.6756E-02 0.3946E-02 0.0000E+00
0.0000E+00 0.4085E-02 0.6842E-02 0.1278E-03 0.4441E-02 0.2202E-02 0.5415E-02 0.1342E-02 0.9976E-03 0.4629E-02 0.2160E-02 0.3847E-02 0.1383E-02 0.1234E-02 0.1141E-02 0.1181E-02 0.3094E-01 0.1758E-02 0.1648E-01 0.6304E-02 0.3874E-02 0.0000E+00
0.0000E+00 0.3928E-02 0.6771E-02 0.3353E-03 0.4094E-02 0.3440E-02 0.5134E-02 0.2419E-02 0.1975E-02 0.5815E-02 0.2747E-02 0.4109E-02 0.2424E-02 0.1427E-02 0.2115E-02 0.1601E-02 0.3074E-01 0.1849E-02 0.1845E-01 0.7224E-02 0.4648E-02 0.0000E+00
0.0000E+00 0.4902E-02 0.8006E-02 0.5837E-03 0.3832E-02 0.4483E-02 0.4784E-02 0.3498E-02 0.2947E-02 0.6770E-02 0.3725E-02 0.5192E-02 0.3497E-02 0.2303E-02 0.2657E-02 0.3665E-02 0.3189E-01 0.1090E-02 0.1962E-01 0.8073E-02 0.5843E-02 0.0000E+00
0.0000E+00 0.6152E-02 0.8156E-02 0.9285E-03 0.3460E-02 0.3754E-02 0.5291E-02 0.3814E-02 0.4017E-02 0.7830E-02 0.4694E-02 0.6386E-02 0.4452E-02 0.3076E-02 0.8116E-04 0.4845E-02 0.3307E-01 0.1091E-02 0.2110E-01 0.9264E-02 0.6573E-02 0.0000E+00
0.0000E+00 0.7172E-02 0.9343E-02 0.7925E-03 0.3084E-02 0.3274E-02 0.6161E-02 0.4682E-02 0.4755E-02 0.8524E-02 0.5538E-02 0.6014E-02 0.5359E-02 0.3948E-02 0.9604E-03 0.5911E-02 0.3403E-01 0.1251E-02 0.2313E-01 0.8638E-02 0.5819E-02 0.0000E+00
0.0000E+00 0.7733E-02 0.1059E-01 0.1358E-02 0.2798E-02 0.3561E-02 0.7409E-02 0.4368E-02 0.4207E-02 0.9037E-02 0.6730E-02 0.6273E-02 0.4840E-02 0.4784E-02 0.1248E-02 0.5900E-02 0.3258E-01 0.1074E-02 0.2485E-01 0.9796E-02 0.6865E-02 0.0000E+00
0.0000E+00 0.6950E-02 0.1175E-01 0.1850E-02 0.2466E-02 0.3883E-02 0.8350E-02 0.5165E-02 0.5160E-02 0.1028E-01 0.7924E-02 0.7122E-02 0.4203E-02 0.5310E-02 0.1875E-02 0.6883E-02 0.3132E-01 0.7400E-04 0.2610E-01 0.1085E-01 0.7770E-02 0.0000E+00
0.0000E+00 0.6996E-02 0.1300E-01 0.1564E-02 0.2159E-02 0.5131E-02 0.8712E-02 0.5507E-02 0.5561E-02 0.1153E-01 0.8779E-02 0.6571E-02 0.3780E-02 0.4615E-02 0.1474E-02 0.6126E-02 0.3022E-01 0.2973E-03 0.2765E-01 0.1153E-01 0.7803E-02 0.0000E+00
0.0000E+00 0.6450E-02 0.1349E-01 0.1499E-02 0.2062E-02 0.6382E-02 0.8041E-02 0.6593E-02 0.6605E-02 0.1265E-01 0.9825E-02 0.7738E-02 0.3613E-02 0.4400E-02 0.1259E-02 0.5383E-02 0.2913E-01 0.9410E-04 0.2748E-01 0.1277E-01 0.8865E-02 0.0000E+00
0.0000E+00 0.6613E-02 0.1473E-01 0.2485E-02 0.2218E-02 0.7632E-02 0.8960E-02 0.6914E-02 0.7331E-02 0.1284E-01 0.9318E-02 0.8573E-02 0.3636E-02 0.4513E-02 0.1105E-02 0.4912E-02 0.2804E-01 0.1020E-02 0.2629E-01 0.1347E-01 0.9674E-02 0.0000E+00
0.0000E+00 0.6555E-02 0.1591E-01 0.3465E-02 0.2896E-02 0.7902E-02 0.9495E-02 0.6764E-02 0.6927E-02 0.1250E-01 0.8579E-02 0.7861E-02 0.3428E-02 0.4087E-02 0.1789E-02 0.4529E-02 0.2709E-01 0.1678E-02 0.2724E-01 0.1285E-01 0.1005E-01 0.0000E+00
0.0000E+00 0.7386E-02 0.1546E-01 0.4229E-02 0.2517E-02 0.7261E-02 0.9286E-02 0.6196E-02 0.6383E-02 0.1305E-01 0.7951E-02 0.7238E-02 0.3129E-02 0.3846E-02 0.1903E-02 0.4526E-02 0.2805E-01 0.2436E-02 0.2842E-01 0.1406E-01 0.1123E-01 0.0000E+00
0.0000E+00 0.7231E-02 0.1584E-01 0.5170E-02 0.3747E-02 0.7633E-02 0.9337E-02 0.6177E-02 0.7548E-02 0.1290E-01 0.7540E-02 0.6920E-02 0.2941E-02 0.3946E-02 0.2071E-02 0.4272E-02 0.2767E-01 0.2101E-02 0.2941E-01 0.1509E-01 0.1139E-01 0.0000E+00
0.0000E+00 0.8409E-02 0.1707E-01 0.5407E-02 0.4033E-02 0.7618E-02 0.9496E-02 0.6434E-02 0.8384E-02 0.1394E-01 0.8478E-02 0.6432E-02 0.2816E-02 0.4344E-02 0.2663E-02 0.5345E-02 0.2887E-01 0.3180E-02 0.2965E-01 0.1407E-01 0.1105E-01 0.0000E+00
0.0000E+00 0.7689E-02 0.1768E-01 0.6235E-02 0.4498E-02 0.7806E-02 0.9715E-02 0.6670E-02 0.9008E-02 0.1473E-01 0.9264E-02 0.5878E-02 0.2804E-02 0.5131E-02 0.3178E-02 0.6366E-02 0.3004E-01 0.4379E-02 0.3088E-01 0.1404E-01 0.1207E-01 0.0000E+00
0.0000E+00 0.7102E-02 0.1831E-01 0.7315E-02 0.4312E-02 0.7294E-02 0.1016E-01 0.7745E-02 0.9627E-02 0.1406E-01 0.1010E-01 0.5444E-02 0.2573E-02 0.4647E-02 0.3226E-02 0.6127E-02 0.3008E-01 0.4138E-02 0.3117E-01 0.1456E-01 0.1159E-01 0.0000E+00
0.0000E+00 0.6752E-02 0.1948E-01 0.8163E-02 0.5383E-02 0.8011E-02 0.1060E-01 0.8218E-02 0.1009E-01 0.1362E-01 0.9408E-02 0.5948E-02 0.2358E-02 0.4562E-02 0.3536E-02 0.5566E-02 0.2877E-01 0.3561E-02 0.2973E-01 0.1534E-01 0.1194E-01 0.0000E+00
0.0000E+00 0.6439E-02 0.2073E-01 0.7742E-02 0.6199E-02 0.8854E-02 0.1165E-01 0.9405E-02 0.1027E-01 0.1452E-01 0.9189E-02 0.6915E-02 0.3434E-02 0.4540E-02 0.3940E-02 0.5073E-02 0.2728E-01 0.3175E-02 0.2845E-01 0.1433E-01 0.1274E-01 0.0000E+00
0.0000E+00 0.6634E-02 0.2034E-01 0.8796E-02 0.7347E-02 0.9803E-02 0.1067E-01 0.9784E-02 0.1075E-01 0.1387E-01 0.9667E-02 0.7877E-02 0.4631E-02 0.4687E-02 0.3719E-02 0.5329E-02 0.2608E-01 0.2836E-02 0.2757E-01 0.1412E-01 0.1361E-01 0.0000E+00
0.0000E+00 0.6628E-02 0.1998E-01 0.9254E-02 0.8393E-02 0.8849E-02 0.9910E-02 0.8960E-02 0.1007E-01 0.1371E-01 0.9307E-02 0.9068E-02 0.4386E-02 0.5549E-02 0.3870E-02 0.5321E-02 0.2573E-01 0.3494E-02 0.2859E-01 0.1388E-01 0.1465E-01 0.0000E+00
0.0000E+00 0.6604E-02 0.1929E-01 0.9169E-02 0.9448E-02 0.9319E-02 0.1110E-01 0.8382E-02 0.9856E-02 0.1311E-01 0.8768E-02 0.1032E-01 0.4354E-02 0.5892E-02 0.3651E-02 0.5868E-02 0.2530E-01 0.4693E-02 0.2730E-01 0.1510E-01 0.1590E-01 0.0000E+00
0.0000E+00 0.6746E-02 0.1938E-01 0.8428E-02 0.1005E-01 0.1027E-01 0.1229E-01 0.8355E-02 0.9411E-02 0.1398E-01 0.9482E-02 0.1005E-01 0.4610E-02 0.5742E-02 0.3778E-02 0.6841E-02 0.2597E-01 0.5866E-02 0.2729E-01 0.1602E-01 0.1487E-01 0.0000E+00
0.0000E+00 0.6197E-02 0.1855E-01 0.7914E-02 0.1015E-01 0.1122E-01 0.1329E-01 0.9200E-02 0.8971E-02 0.1473E-01 0.1043E-01 0.1028E-01 0.4474E-02 0.5735E-02 0.3746E-02 0.7892E-02 0.2637E-01 0.7086E-02 0.2831E-01 0.1544E-01 0.1498E-01 0.0000E+00
0.0000E+00 0.5659E-02 0.1757E-01 0.7459E-02 0.1093E-01 0.1132E-01 0.1243E-01 0.1015E-01 0.9083E-02 0.1534E-01 0.9635E-02 0.1041E-01 0.4140E-02 0.5240E-02 0.3394E-02 0.7050E-02 0.2739E-01 0.7759E-02 0.2719E-01 0.1580E-01 0.1532E-01 0.0000E+00
0.0000E+00 0.5152E-02 0.1661E-01 0.6978E-02 0.1149E-01 0.1223E-01 0.1310E-01 0.1140E-01 0.1026E-01 0.1658E-01 0.9659E-02 0.9655E-02 0.4066E-02 0.4939E-02 0.3071E-02 0.8044E-02 0.2797E-01 0.8554E-02 0.2672E-01 0.1667E-01 0.1538E-01 0.0000E+00
0.0000E+00 0.4745E-02 0.1595E-01 0.6550E-02 0.1055E-01 0.1187E-01 0.1391E-01 0.1234E-01 0.1121E-01 0.1734E-01 0.9133E-02 0.8972E-02 0.4271E-02 0.5796E-02 0.2875E-02 0.9006E-02 0.2869E-01 0.9152E-02 0.2559E-01 0.1678E-01 0.1557E-01 0.0000E+00
0.0000E+00 0.4296E-02 0.2126E-01 0.6092E-02 0.9789E-02 0.1118E-01 0.1355E-01 0.1261E-01 0.1179E-01 0.1766E-01 0.9442E-02 0.8647E-02 0.4430E-02 0.6993E-02 0.2510E-02 0.8149E-02 0.2870E-01 0.9583E-02 0.2444E-01 0.1566E-01 0.1447E-01 0.0000E+00
0.0000E+00 0.2383E-01 0.2040E-01 0.6941E-04 0.9105E-02 0.1056E-01 0.1293E-01 0.1307E-01 0.1197E-01 0.1816E-01 0.1068E-01 0.8461E-02 0.5407E-02 0.6529E-02 0.2190E-02 0.7369E-02 0.2722E-01 0.8792E-02 0.2325E-01 0.1465E-01 0.1345E-01 0.0000E+00
0.0000E+00 0.2294E-01 0.1076E-03 0.1620E-03 0.8481E-02 0.9861E-02 0.1215E-01 0.1256E-01 0.1226E-01 0.1865E-01 0.1193E-01 0.9509E-02 0.6602E-02 0.5955E-02 0.1850E-02 0.6669E-02 0.2579E-01 0.8114E-02 0.2235E-01 0.1434E-01 0.1303E-01 0.0000E+00
0.0000E+00 0.2227E-01 0.1744E-03 0.2380E-03 0.7950E-02 0.9109E-02 0.1140E-01 0.1251E-01 0.1271E-01 0.1924E-01 0.1297E-01 0.1051E-01 0.7440E-02 0.6998E-02 0.1561E-02 0.5994E-02 0.2446E-01 0.8610E-02 0.2221E-01 0.1556E-01 0.1424E-01 0.0000E+00
0.0000E+00 0.2167E-01 0.2568E-03 0.3255E-03 0.7526E-02 0.8675E-02 0.1100E-01 0.1261E-01 0.1328E-01 0.1984E-01 0.1415E-01 0.1170E-01 0.8687E-02 0.7314E-02 0.1277E-02 0.5375E-02 0.2325E-01 0.8129E-02 0.2184E-01 0.1681E-01 0.1542E-01 0.0000E+00
0.0000E+00 0.2106E-01 0.3746E-03 0.3421E-03 0.1468E-01 0.7894E-02 0.1019E-01 0.1242E-01 0.1433E-01 0.2055E-01 0.1346E-01 0.1258E-01 0.9938E-02 0.7749E-02 0.1142E-02 0.4826E-02 0.2197E-01 0.7544E-02 0.2136E-01 0.1806E-01 0.1424E-01 0.0000E+00
0.0000E+00 0.2087E-01 0.4041E-03 0.1354E-01 0.1397E-01 0.6873E-04 0.9377E-02 0.1155E-01 0.1537E-01 0.2101E-01 0.1388E-01 0.1310E-01 0.1119E-01 0.8033E-02 0.1269E-02 0.5036E-02 0.2145E-01 0.7253E-02 0.2074E-01 0.1922E-01 0.1542E-01 0.0000E+00
0.0000E+00 0.2088E-01 0.9116E-03 0.1388E-01 0.6841E-04 0.1212E-03 0.8590E-02 0.1076E-01 0.1610E-01 0.2187E-01 0.1503E-01 0.1301E-01 0.1221E-01 0.8205E-02 0.1855E-02 0.4468E-02 0.2132E-01 0.7248E-02 0.1965E-01 0.1926E-01 0.1603E-01 0.0000E+00
0.0000E+00 0.2059E-01 0.1256E-02 0.1309E-01 0.1322E-03 0.1773E-03 0.7794E-02 0.1148E-01 0.1673E-01 0.2274E-01 0.1558E-01 0.1243E-01 0.1309E-01 0.8783E-02 0.1838E-02 0.4008E-02 0.2201E-01 0.7018E-02 0.1875E-01 0.1879E-01 0.1516E-01 0.0000E+00
0.0000E+00 0.2061E-01 0.2142E-02 0.1428E-01 0.1123E-02 0.4553E-03 0.7169E-02 0.1224E-01 0.1722E-01 0.2344E-01 0.1662E-01 0.1202E-01 0.1354E-01 0.8962E-02 0.1570E-02 0.3626E-02 0.2261E-01 0.7721E-02 0.1814E-01 0.1832E-01 0.1458E-01 0.0000E+00
0.0000E+00 0.2061E-01 0.2129E-02 0.1496E-01 0.1696E-02 0.7236E-03 0.8191E-02 0.1304E-01 0.1732E-01 0.2393E-01 0.1751E-01 0.1192E-01 0.1351E-01 0.9163E-02 0.1295E-02 0.3325E-02 0.2290E-01 0.8686E-02 0.1873E-01 0.1945E-01 0.1559E-01 0.0000E+00
0.0000E+00 0.2073E-01 0.2886E-02 0.1563E-01 0.2059E-02 0.1095E-02 0.8033E-02 0.1327E-01 0.1768E-01 0.2259E-01 0.1868E-01 0.1242E-01 0.1359E-01 0.8358E-02 0.1064E-02 0.3309E-02 0.2288E-01 0.9300E-02 0.1962E-01 0.2018E-01 0.1652E-01 0.0000E+00
0.0000E+00 0.2073E-01 0.3307E-02 0.1587E-01 0.2149E-02 0.1440E-02 0.8121E-02 0.1341E-01 0.1802E-01 0.2322E-01 0.1924E-01 0.1283E-01 0.1394E-01 0.7856E-02 0.1185E-02 0.3271E-02 0.2257E-01 0.9462E-02 0.1911E-01 0.2119E-01 0.1739E-01 0.0000E+00
0.0000E+00 0.1966E-01 0.2860E-02 0.1674E-01 0.2732E-02 0.2236E-02 0.8895E-02 0.1418E-01 0.1838E-01 0.2230E-01 0.1954E-01 0.1336E-01 0.1459E-01 0.8759E-02 0.2007E-02 0.3401E-02 0.2146E-01 0.9941E-02 0.1798E-01 0.2127E-01 0.1792E-01 0.0000E+00
0.0000E+00 0.1860E-01 0.2441E-02 0.1669E-01 0.3393E-02 0.3214E-02 0.9822E-02 0.1535E-01 0.1895E-01 0.2280E-01 0.1997E-01 0.1440E-01 0.1497E-01 0.9809E-02 0.2989E-02 0.3831E-02 0.2066E-01 0.9587E-02 0.1687E-01 0.2031E-01 0.1726E-01 0.0000E+00
0.0000E+00 0.1749E-01 0.2165E-02 0.1792E-01 0.4007E-02 0.4041E-02 0.1086E-01 0.1639E-01 0.1792E-01 0.2335E-01 0.2064E-01 0.1516E-01 0.1586E-01 0.1100E-01 0.3753E-02 0.4332E-02 0.1988E-01 0.9464E-02 0.1578E-01 0.2054E-01 0.1809E-01 0.0000E+00
0.0000E+00 0.1645E-01 0.2603E-02 0.1881E-01 0.4676E-02 0.4798E-02 0.1190E-01 0.1700E-01 0.1749E-01 0.2375E-01 0.2066E-01 0.1539E-01 0.1602E-01 0.1079E-01 0.4617E-02 0.4675E-02 0.1955E-01 0.9303E-02 0.1645E-01 0.2033E-01 0.1735E-01 0.0000E+00
0.0000E+00 0.1617E-01 0.3258E-02 0.1956E-01 0.5438E-02 0.5488E-02 0.1280E-01 0.1758E-01 0.1716E-01 0.2369E-01 0.2088E-01 0.1587E-01 0.1559E-01 0.9743E-02 0.4299E-02 0.5069E-02 0.1980E-01 0.9336E-02 0.1702E-01 0.2102E-01 0.1717E-01 0.0000E+00
0.0000E+00 0.1592E-01 0.4111E-02 0.2059E-01 0.6390E-02 0.6331E-02 0.1266E-01 0.1736E-01 0.1708E-01 0.2334E-01 0.2160E-01 0.1705E-01 0.1444E-01 0.8826E-02 0.3772E-02 0.4883E-02 0.2004E-01 0.9459E-02 0.1788E-01 0.2188E-01 0.1700E-01 0.0000E+00
0.0000E+00 0.1490E-01 0.5122E-02 0.2090E-01 0.7124E-02 0.6965E-02 0.1214E-01 0.1675E-01 0.1676E-01 0.2261E-01 0.2118E-01 0.1609E-01 0.1341E-01 0.7967E-02 0.3404E-02 0.4348E-02 0.1852E-01 0.9451E-02 0.1813E-01 0.2164E-01 0.1673E-01 0.0000E+00
0.0000E+00 0.1383E-01 0.5344E-01 0.4752E-01 0.2691E-01 0.1905E-01 0.1178E-01 0.3315E-01 0.1658E-01 0.2154E-01 0.2072E-01 0.2954E-01 0.1310E-01 0.7111E-02 0.2207E-01 0.1985E-01 0.1701E-01 0.8583E-02 0.1662E-01 0.2073E-01 0.1612E-01 0.0000E+00
0.0000E+00 0.0000E+00 0.0000E+00 0.0000E+00 0.0000E+00 0.0000E+00 0.0000E+00 0.0000E+00 0.0000E+00 0.0000E+00 0.0000E+00 0.0000E+00 0.0000E+00 0.0000E+00 0.0000E+00 0.0000E+00 0.0000E+00 0.0000E+00 0.0000E+00 0.0000E+00 0.0000E+00 0.0000E+00
