p3_rainB_highsm_dschg.asc
ncols     22
nrows     62
xllcorner      0.00000000
yllcorner      0.00000000
cellsize      0.50000000
nodata_value -9999
0.0000E+00 0.0000E+00 0.0000E+00 0.0000E+00 0.0000E+00 0.0000E+00 0.0000E+00 0.0000E+00 0.0000E+00 0.0000E+00 0.0000E+00 0.0000E+00 0.0000E+00 0.0000E+00 0.0000E+00 0.0000E+00 0.0000E+00 0.0000E+00 0.0000E+00 0.0000E+00 0.0000E+00 0.0000E+00
0.0000E+00 0.2367E-02 0.3225E-02 0.1994E-02 0.4778E-02 0.3091E-02 0.4050E-02 0.4287E-02 0.2747E-02 0.1578E-02 0.1469E-02 0.2473E-02 0.3830E-02 0.4160E-02 0.1648E-02 0.4058E-02 0.4297E-02 0.4293E-02 0.4782E-02 0.2223E-02 0.2709E-02 0.0000E+00
0.0000E+00 0.3935E-02 0.6449E-02 0.5616E-02 0.6481E-02 0.7138E-02 0.7335E-02 0.5754E-02 0.5905E-02 0.5920E-02 0.4982E-02 0.4130E-02 0.7649E-02 0.7333E-02 0.5440E-02 0.8101E-02 0.8821E-02 0.7747E-02 0.9539E-02 0.6759E-02 0.5191E-02 0.0000E+00
0.0000E+00 0.7554E-02 0.9222E-02 0.9901E-02 0.7639E-02 0.1047E-01 0.1039E-01 0.6800E-02 0.9723E-02 0.1044E-01 0.8601E-02 0.8352E-02 0.1146E-01 0.8503E-02 0.9248E-02 0.1237E-01 0.1332E-01 0.9802E-02 0.1453E-01 0.1052E-01 0.7470E-02 0.0000E+00
0.0000E+00 0.1137E-01 0.1350E-01 0.1346E-01 0.9091E-02 0.1199E-01 0.1491E-01 0.9069E-02 0.1285E-01 0.1469E-01 0.1064E-01 0.1238E-01 0.1502E-01 0.1222E-01 0.1350E-01 0.1687E-01 0.1646E-01 0.1482E-01 0.1951E-01 0.1126E-01 0.1002E-01 0.0000E+00
0.0000E+00 0.1516E-01 0.1728E-01 0.1694E-01 0.1289E-01 0.1549E-01 0.1820E-01 0.1151E-01 0.1622E-01 0.1892E-01 0.1515E-01 0.1352E-01 0.1754E-01 0.1601E-01 0.1752E-01 0.2111E-01 0.1963E-01 0.1931E-01 0.2421E-01 0.1334E-01 0.1317E-01 0.0000E+00
0.0000E+00 0.1631E-01 0.4041E-01 0.1917E-01 0.1503E-01 0.1825E-01 0.2089E-01 0.1308E-01 0.1812E-01 0.1944E-01 0.1697E-01 0.1662E-01 0.1902E-01 0.1938E-01 0.2200E-01 0.2532E-01 0.2362E-01 0.2379E-01 0.2812E-01 0.1785E-01 0.1696E-01 0.0000E+00
0.0000E+00 0.1986E-01 0.4228E-01 0.1476E-02 0.1644E-01 0.1967E-01 0.2185E-01 0.1459E-01 0.2020E-01 0.2191E-01 0.1887E-01 0.1931E-01 0.2026E-01 0.2272E-01 0.2517E-01 0.2902E-01 0.2735E-01 0.2851E-01 0.3114E-01 0.2161E-01 0.1970E-01 0.0000E+00
0.0000E+00 0.2223E-01 0.4282E-01 0.2923E-02 0.1742E-01 0.2039E-01 0.2245E-01 0.1576E-01 0.2225E-01 0.4603E-01 0.2054E-01 0.2013E-01 0.2190E-01 0.4790E-01 0.2913E-01 0.3249E-01 0.3099E-01 0.3295E-01 0.3305E-01 0.2409E-01 0.2043E-01 0.0000E+00
0.0000E+00 0.2399E-01 0.4338E-01 0.5814E-02 0.2007E-01 0.2124E-01 0.2337E-01 0.1715E-01 0.1461E-02 0.4654E-01 0.2130E-01 0.2100E-01 0.2528E-02 0.5273E-01 0.3332E-01 0.3597E-01 0.3366E-01 0.3738E-01 0.3632E-01 0.2807E-01 0.2293E-01 0.0000E+00
0.0000E+00 0.2709E-01 0.4778E-01 0.1058E-01 0.2432E-01 0.2227E-01 0.2412E-01 0.1828E-01 0.2911E-02 0.4703E-01 0.2207E-01 0.2179E-01 0.1619E-02 0.5526E-01 0.9047E-01 0.1296E+00 0.1674E+00 0.4206E-01 0.3847E-01 0.3229E-01 0.2626E-01 0.0000E+00
0.0000E+00 0.2805E-01 0.5130E-01 0.1542E-01 0.2519E-01 0.2464E-01 0.2637E-01 0.1958E-01 0.5195E-02 0.4749E-01 0.2318E-01 0.2465E-01 0.3408E-02 0.1476E-02 0.1453E-02 0.2293E-02 0.1738E+00 0.4658E-01 0.8631E-01 0.3599E-01 0.2979E-01 0.0000E+00
0.0000E+00 0.3154E-01 0.5494E-01 0.1583E-01 0.4544E-01 0.2729E-01 0.3059E-01 0.2075E-01 0.8317E-02 0.4796E-01 0.2718E-01 0.2839E-01 0.4858E-02 0.2914E-02 0.2887E-02 0.1489E-02 0.1762E+00 0.1494E-02 0.8687E-01 0.3932E-01 0.3189E-01 0.0000E+00
0.0000E+00 0.3207E-01 0.5529E-01 0.1480E-02 0.4588E-01 0.2949E-01 0.3506E-01 0.2522E-01 0.1075E-01 0.5047E-01 0.2845E-01 0.3310E-01 0.7373E-02 0.5657E-02 0.4302E-02 0.3825E-02 0.1798E+00 0.5549E-02 0.9043E-01 0.4171E-01 0.3431E-01 0.0000E+00
0.0000E+00 0.3569E-01 0.5561E-01 0.2929E-02 0.4632E-01 0.3029E-01 0.3924E-01 0.2588E-01 0.1215E-01 0.5215E-01 0.2954E-01 0.3446E-01 0.1134E-01 0.9475E-02 0.8594E-02 0.7876E-02 0.1817E+00 0.9418E-02 0.9192E-01 0.4270E-01 0.3586E-01 0.0000E+00
0.0000E+00 0.3730E-01 0.5733E-01 0.5156E-02 0.4684E-01 0.3509E-01 0.4069E-01 0.3032E-01 0.1641E-01 0.5682E-01 0.3281E-01 0.3705E-01 0.1575E-01 0.1197E-01 0.1286E-01 0.1097E-01 0.1837E+00 0.1182E-01 0.1064E+00 0.4684E-01 0.3955E-01 0.0000E+00
0.0000E+00 0.4148E-01 0.6210E-01 0.7593E-02 0.4763E-01 0.3950E-01 0.4186E-01 0.3477E-01 0.2065E-01 0.6096E-01 0.3701E-01 0.4149E-01 0.2024E-01 0.1598E-01 0.1616E-01 0.2786E-01 0.1883E+00 0.4539E-02 0.1134E+00 0.5075E-01 0.4425E-01 0.0000E+00
0.0000E+00 0.4646E-01 0.6444E-01 0.1037E-01 0.4814E-01 0.3978E-01 0.4504E-01 0.3748E-01 0.2513E-01 0.6537E-01 0.4119E-01 0.4618E-01 0.2446E-01 0.1975E-01 0.1546E-02 0.3258E-01 0.1930E+00 0.4538E-02 0.1209E+00 0.5544E-01 0.4789E-01 0.0000E+00
0.0000E+00 0.5076E-01 0.6912E-01 0.1139E-01 0.4868E-01 0.4017E-01 0.4896E-01 0.4139E-01 0.2884E-01 0.6910E-01 0.4511E-01 0.4740E-01 0.2856E-01 0.2374E-01 0.5602E-02 0.3702E-01 0.1972E+00 0.5033E-02 0.1298E+00 0.5631E-01 0.4835E-01 0.0000E+00
0.0000E+00 0.5404E-01 0.7407E-01 0.1468E-01 0.4940E-01 0.4274E-01 0.5393E-01 0.4269E-01 0.2974E-01 0.7227E-01 0.4980E-01 0.5003E-01 0.2967E-01 0.2767E-01 0.8357E-02 0.3917E-01 0.1970E+00 0.4538E-02 0.1379E+00 0.6095E-01 0.5271E-01 0.0000E+00
0.0000E+00 0.5431E-01 0.7868E-01 0.1779E-01 0.4997E-01 0.4537E-01 0.5807E-01 0.4647E-01 0.3391E-01 0.7722E-01 0.5449E-01 0.5390E-01 0.3018E-01 0.3095E-01 0.1183E-01 0.4344E-01 0.1968E+00 0.1504E-02 0.1441E+00 0.6536E-01 0.5677E-01 0.0000E+00
0.0000E+00 0.5644E-01 0.8345E-01 0.1867E-01 0.5054E-01 0.5033E-01 0.6087E-01 0.4930E-01 0.3685E-01 0.8216E-01 0.5845E-01 0.5465E-01 0.3069E-01 0.3148E-01 0.1270E-01 0.4385E-01 0.1966E+00 0.2637E-02 0.1516E+00 0.6895E-01 0.5897E-01 0.0000E+00
0.0000E+00 0.5688E-01 0.8671E-01 0.1999E-01 0.5179E-01 0.5512E-01 0.6151E-01 0.5373E-01 0.4125E-01 0.8669E-01 0.6284E-01 0.5929E-01 0.3200E-01 0.3283E-01 0.1362E-01 0.4427E-01 0.1965E+00 0.1571E-02 0.1551E+00 0.7389E-01 0.6337E-01 0.0000E+00
0.0000E+00 0.5921E-01 0.9163E-01 0.2425E-01 0.5391E-01 0.6007E-01 0.6559E-01 0.5640E-01 0.4493E-01 0.8927E-01 0.6401E-01 0.6315E-01 0.3375E-01 0.3503E-01 0.1459E-01 0.4473E-01 0.1963E+00 0.4419E-02 0.1551E+00 0.7755E-01 0.6723E-01 0.0000E+00
0.0000E+00 0.6094E-01 0.9627E-01 0.2850E-01 0.5734E-01 0.6287E-01 0.6883E-01 0.5810E-01 0.4621E-01 0.9072E-01 0.6437E-01 0.6356E-01 0.3471E-01 0.3557E-01 0.1813E-01 0.4515E-01 0.1964E+00 0.7941E-02 0.1593E+00 0.7853E-01 0.7013E-01 0.0000E+00
0.0000E+00 0.6481E-01 0.9764E-01 0.3224E-01 0.5791E-01 0.6344E-01 0.7047E-01 0.5849E-01 0.4690E-01 0.9401E-01 0.6484E-01 0.6389E-01 0.3545E-01 0.3650E-01 0.2035E-01 0.4685E-01 0.2007E+00 0.1175E-01 0.1640E+00 0.8340E-01 0.7479E-01 0.0000E+00
0.0000E+00 0.6652E-01 0.1006E+00 0.3640E-01 0.6281E-01 0.6630E-01 0.7268E-01 0.6026E-01 0.5155E-01 0.9588E-01 0.6563E-01 0.6496E-01 0.3644E-01 0.3852E-01 0.2252E-01 0.4773E-01 0.2022E+00 0.1309E-01 0.1682E+00 0.8776E-01 0.7731E-01 0.0000E+00
0.0000E+00 0.7117E-01 0.1055E+00 0.3907E-01 0.6542E-01 0.6833E-01 0.7514E-01 0.6276E-01 0.5545E-01 0.1002E+00 0.6971E-01 0.6548E-01 0.3768E-01 0.4135E-01 0.2586E-01 0.5214E-01 0.2070E+00 0.1759E-01 0.1711E+00 0.8800E-01 0.7888E-01 0.0000E+00
0.0000E+00 0.7162E-01 0.1090E+00 0.4294E-01 0.6836E-01 0.7078E-01 0.7776E-01 0.6523E-01 0.5886E-01 0.1040E+00 0.7347E-01 0.6572E-01 0.3928E-01 0.4506E-01 0.2920E-01 0.5641E-01 0.2116E+00 0.2235E-01 0.1759E+00 0.9027E-01 0.8322E-01 0.0000E+00
0.0000E+00 0.7185E-01 0.1125E+00 0.4740E-01 0.6980E-01 0.7127E-01 0.8087E-01 0.6963E-01 0.6226E-01 0.1049E+00 0.7733E-01 0.6621E-01 0.4007E-01 0.4573E-01 0.3125E-01 0.5783E-01 0.2140E+00 0.2397E-01 0.1789E+00 0.9356E-01 0.8440E-01 0.0000E+00
0.0000E+00 0.7271E-01 0.1171E+00 0.5132E-01 0.7417E-01 0.7481E-01 0.8400E-01 0.7263E-01 0.6544E-01 0.1061E+00 0.7788E-01 0.6932E-01 0.4100E-01 0.4720E-01 0.3392E-01 0.5824E-01 0.2137E+00 0.2456E-01 0.1787E+00 0.9738E-01 0.8729E-01 0.0000E+00
0.0000E+00 0.7369E-01 0.1220E+00 0.5262E-01 0.7793E-01 0.7868E-01 0.8838E-01 0.7728E-01 0.6799E-01 0.1101E+00 0.7942E-01 0.7345E-01 0.4542E-01 0.4886E-01 0.3679E-01 0.5862E-01 0.2134E+00 0.2520E-01 0.1784E+00 0.9754E-01 0.9111E-01 0.0000E+00
0.0000E+00 0.7613E-01 0.1236E+00 0.5702E-01 0.8250E-01 0.8280E-01 0.8841E-01 0.8014E-01 0.7115E-01 0.1110E+00 0.8253E-01 0.7759E-01 0.5012E-01 0.5102E-01 0.3797E-01 0.6117E-01 0.2131E+00 0.2592E-01 0.1789E+00 0.9932E-01 0.9509E-01 0.0000E+00
0.0000E+00 0.7793E-01 0.1253E+00 0.6009E-01 0.8685E-01 0.8288E-01 0.8843E-01 0.8025E-01 0.7166E-01 0.1128E+00 0.8372E-01 0.8226E-01 0.5150E-01 0.5493E-01 0.4016E-01 0.6306E-01 0.2147E+00 0.2942E-01 0.1832E+00 0.1009E+00 0.9945E-01 0.0000E+00
0.0000E+00 0.7969E-01 0.1262E+00 0.6230E-01 0.9122E-01 0.8600E-01 0.9326E-01 0.8069E-01 0.7330E-01 0.1135E+00 0.8427E-01 0.8719E-01 0.5337E-01 0.5768E-01 0.4104E-01 0.6621E-01 0.2160E+00 0.3417E-01 0.1830E+00 0.1058E+00 0.1044E+00 0.0000E+00
0.0000E+00 0.8199E-01 0.1286E+00 0.6271E-01 0.9460E-01 0.9011E-01 0.9793E-01 0.8259E-01 0.7411E-01 0.1174E+00 0.8788E-01 0.8872E-01 0.5590E-01 0.5926E-01 0.4311E-01 0.7035E-01 0.2195E+00 0.3884E-01 0.1854E+00 0.1099E+00 0.1048E+00 0.0000E+00
0.0000E+00 0.8251E-01 0.1290E+00 0.6321E-01 0.9690E-01 0.9423E-01 0.1022E+00 0.8645E-01 0.7493E-01 0.1211E+00 0.9200E-01 0.9128E-01 0.5732E-01 0.6138E-01 0.4469E-01 0.7471E-01 0.2226E+00 0.4360E-01 0.1897E+00 0.1110E+00 0.1073E+00 0.0000E+00
0.0000E+00 0.8279E-01 0.1288E+00 0.6379E-01 0.1007E+00 0.9652E-01 0.1027E+00 0.9058E-01 0.7720E-01 0.1246E+00 0.9235E-01 0.9363E-01 0.5808E-01 0.6172E-01 0.4519E-01 0.7481E-01 0.2269E+00 0.4719E-01 0.1899E+00 0.1140E+00 0.1102E+00 0.0000E+00
0.0000E+00 0.8306E-01 0.1287E+00 0.6425E-01 0.1040E+00 0.1006E+00 0.1062E+00 0.9552E-01 0.8187E-01 0.1295E+00 0.9442E-01 0.9388E-01 0.5968E-01 0.6257E-01 0.4572E-01 0.7903E-01 0.2303E+00 0.5103E-01 0.1913E+00 0.1180E+00 0.1125E+00 0.0000E+00
0.0000E+00 0.8363E-01 0.1292E+00 0.6477E-01 0.1039E+00 0.1019E+00 0.1100E+00 0.9964E-01 0.8600E-01 0.1333E+00 0.9507E-01 0.9405E-01 0.6196E-01 0.6641E-01 0.4665E-01 0.8317E-01 0.2340E+00 0.5444E-01 0.1911E+00 0.1205E+00 0.1152E+00 0.0000E+00
0.0000E+00 0.8406E-01 0.1947E+00 0.6522E-01 0.1041E+00 0.1024E+00 0.1115E+00 0.1023E+00 0.8933E-01 0.1362E+00 0.9773E-01 0.9564E-01 0.6411E-01 0.7110E-01 0.4720E-01 0.8322E-01 0.2363E+00 0.5755E-01 0.1908E+00 0.1204E+00 0.1151E+00 0.0000E+00
0.0000E+00 0.2787E+00 0.1947E+00 0.1522E-02 0.1043E+00 0.1028E+00 0.1122E+00 0.1053E+00 0.9184E-01 0.1394E+00 0.1026E+00 0.9706E-01 0.6824E-01 0.7204E-01 0.4773E-01 0.8324E-01 0.2360E+00 0.5802E-01 0.1906E+00 0.1202E+00 0.1149E+00 0.0000E+00
0.0000E+00 0.2786E+00 0.1679E-02 0.3083E-02 0.1045E+00 0.1028E+00 0.1124E+00 0.1063E+00 0.9457E-01 0.1426E+00 0.1076E+00 0.1014E+00 0.7293E-01 0.7249E-01 0.4829E-01 0.8335E-01 0.2355E+00 0.5834E-01 0.1910E+00 0.1217E+00 0.1160E+00 0.0000E+00
0.0000E+00 0.2790E+00 0.3124E-02 0.4620E-02 0.1049E+00 0.1028E+00 0.1127E+00 0.1082E+00 0.9763E-01 0.1461E+00 0.1119E+00 0.1056E+00 0.7678E-01 0.7682E-01 0.4886E-01 0.8345E-01 0.2349E+00 0.6149E-01 0.1930E+00 0.1264E+00 0.1208E+00 0.0000E+00
0.0000E+00 0.2796E+00 0.4709E-02 0.6250E-02 0.1055E+00 0.1035E+00 0.1139E+00 0.1105E+00 0.1010E+00 0.1495E+00 0.1165E+00 0.1102E+00 0.8174E-01 0.7946E-01 0.4942E-01 0.8356E-01 0.2345E+00 0.6226E-01 0.1945E+00 0.1313E+00 0.1254E+00 0.0000E+00
0.0000E+00 0.2801E+00 0.6496E-02 0.7586E-02 0.2087E+00 0.1034E+00 0.1138E+00 0.1121E+00 0.1053E+00 0.1532E+00 0.1172E+00 0.1142E+00 0.8666E-01 0.8255E-01 0.5044E-01 0.8372E-01 0.2340E+00 0.6257E-01 0.1959E+00 0.1362E+00 0.1251E+00 0.0000E+00
0.0000E+00 0.2817E+00 0.7888E-02 0.2159E+00 0.2085E+00 0.1464E-02 0.1137E+00 0.1120E+00 0.1097E+00 0.1564E+00 0.1202E+00 0.1175E+00 0.9158E-01 0.8519E-01 0.5232E-01 0.8607E-01 0.2351E+00 0.6361E-01 0.1968E+00 0.1407E+00 0.1297E+00 0.0000E+00
0.0000E+00 0.2840E+00 0.1111E-01 0.2186E+00 0.1490E-02 0.2906E-02 0.1136E+00 0.1118E+00 0.1134E+00 0.1603E+00 0.1248E+00 0.1194E+00 0.9591E-01 0.8759E-01 0.5552E-01 0.8628E-01 0.2371E+00 0.6545E-01 0.1966E+00 0.1432E+00 0.1332E+00 0.0000E+00
0.0000E+00 0.2855E+00 0.1391E-01 0.2185E+00 0.2936E-02 0.4330E-02 0.1135E+00 0.1155E+00 0.1169E+00 0.1643E+00 0.1281E+00 0.1202E+00 0.9996E-01 0.9091E-01 0.5723E-01 0.8676E-01 0.2407E+00 0.6666E-01 0.1968E+00 0.1446E+00 0.1337E+00 0.0000E+00
0.0000E+00 0.2877E+00 0.1793E-01 0.2233E+00 0.7231E-02 0.6978E-02 0.1137E+00 0.1192E+00 0.1203E+00 0.1679E+00 0.1323E+00 0.1213E+00 0.1031E+00 0.9351E-01 0.5770E-01 0.8736E-01 0.2441E+00 0.7019E-01 0.1977E+00 0.1460E+00 0.1347E+00 0.0000E+00
0.0000E+00 0.2898E+00 0.1990E-01 0.2267E+00 0.1059E-01 0.9641E-02 0.1180E+00 0.1230E+00 0.1228E+00 0.1712E+00 0.1363E+00 0.1233E+00 0.1053E+00 0.9606E-01 0.5808E-01 0.8820E-01 0.2469E+00 0.7434E-01 0.2011E+00 0.1505E+00 0.1390E+00 0.0000E+00
0.0000E+00 0.2922E+00 0.2360E-01 0.2302E+00 0.1356E-01 0.1245E-01 0.1198E+00 0.1256E+00 0.1258E+00 0.1711E+00 0.1409E+00 0.1265E+00 0.1078E+00 0.9604E-01 0.5850E-01 0.8986E-01 0.2492E+00 0.7769E-01 0.2050E+00 0.1542E+00 0.1431E+00 0.0000E+00
0.0000E+00 0.2944E+00 0.2661E-01 0.2328E+00 0.1596E-01 0.1524E-01 0.1220E+00 0.1280E+00 0.1287E+00 0.1746E+00 0.1443E+00 0.1294E+00 0.1107E+00 0.9668E-01 0.6017E-01 0.9160E-01 0.2509E+00 0.8017E-01 0.2063E+00 0.1585E+00 0.1471E+00 0.0000E+00
0.0000E+00 0.2941E+00 0.2716E-01 0.2366E+00 0.1932E-01 0.1903E-01 0.1256E+00 0.1317E+00 0.1317E+00 0.1753E+00 0.1471E+00 0.1327E+00 0.1142E+00 0.1007E+00 0.6386E-01 0.9371E-01 0.2510E+00 0.8329E-01 0.2063E+00 0.1609E+00 0.1504E+00 0.0000E+00
0.0000E+00 0.2937E+00 0.2781E-01 0.2386E+00 0.2288E-01 0.2328E-01 0.1297E+00 0.1363E+00 0.1351E+00 0.1785E+00 0.1502E+00 0.1370E+00 0.1172E+00 0.1050E+00 0.6800E-01 0.9652E-01 0.2516E+00 0.8454E-01 0.2061E+00 0.1615E+00 0.1515E+00 0.0000E+00
0.0000E+00 0.2932E+00 0.2850E-01 0.2434E+00 0.2643E-01 0.2716E-01 0.1340E+00 0.1406E+00 0.1354E+00 0.1819E+00 0.1537E+00 0.1407E+00 0.1212E+00 0.1096E+00 0.7158E-01 0.9957E-01 0.2522E+00 0.8644E-01 0.2059E+00 0.1642E+00 0.1554E+00 0.0000E+00
0.0000E+00 0.2928E+00 0.3141E-01 0.2473E+00 0.2996E-01 0.3088E-01 0.1383E+00 0.1440E+00 0.1368E+00 0.1849E+00 0.1561E+00 0.1433E+00 0.1237E+00 0.1113E+00 0.7541E-01 0.1023E+00 0.2539E+00 0.8808E-01 0.2094E+00 0.1663E+00 0.1562E+00 0.0000E+00
0.0000E+00 0.2943E+00 0.3484E-01 0.2510E+00 0.3370E-01 0.3448E-01 0.1422E+00 0.1473E+00 0.1383E+00 0.1872E+00 0.1589E+00 0.1464E+00 0.1252E+00 0.1111E+00 0.7661E-01 0.1051E+00 0.2566E+00 0.9020E-01 0.2127E+00 0.1699E+00 0.1583E+00 0.0000E+00
0.0000E+00 0.2959E+00 0.3874E-01 0.2552E+00 0.3791E-01 0.3843E-01 0.1441E+00 0.1492E+00 0.1405E+00 0.1889E+00 0.1625E+00 0.1510E+00 0.1249E+00 0.1109E+00 0.7663E-01 0.1065E+00 0.2593E+00 0.9256E-01 0.2167E+00 0.1738E+00 0.1602E+00 0.0000E+00
0.0000E+00 0.2956E+00 0.4301E-01 0.2580E+00 0.4160E-01 0.4190E-01 0.1452E+00 0.1503E+00 0.1420E+00 0.1898E+00 0.1641E+00 0.1513E+00 0.1246E+00 0.1107E+00 0.7661E-01 0.1066E+00 0.2588E+00 0.9466E-01 0.2194E+00 0.1758E+00 0.1619E+00 0.0000E+00
0.0000E+00 0.2952E+00 0.5431E+00 0.4963E+00 0.2367E+00 0.1915E+00 0.1465E+00 0.2960E+00 0.1438E+00 0.1900E+00 0.1655E+00 0.2802E+00 0.1260E+00 0.1104E+00 0.4403E+00 0.3638E+00 0.2580E+00 0.9459E-01 0.2188E+00 0.1764E+00 0.1628E+00 0.0000E+00
0.0000E+00 0.0000E+00 0.0000E+00 0.0000E+00 0.0000E+00 0.0000E+00 0.0000E+00 0.0000E+00 0.0000E+00 0.0000E+00 0.0000E+00 0.0000E+00 0.0000E+00 0.0000E+00 0.0000E+00 0.0000E+00 0.0000E+00 0.0000E+00 0.0000E+00 0.0000E+00 0.0000E+00 0.0000E+00
