p3_rainA_highsm_sedtr.asc
ncols     22
nrows     62
xllcorner      0.00000000
yllcorner      0.00000000
cellsize      0.50000000
nodata_value -9999
0.0000E+00 0.0000E+00 0.0000E+00 0.0000E+00 0.0000E+00 0.0000E+00 0.0000E+00 0.0000E+00 0.0000E+00 0.0000E+00 0.0000E+00 0.0000E+00 0.0000E+00 0.0000E+00 0.0000E+00 0.0000E+00 0.0000E+00 0.0000E+00 0.0000E+00 0.0000E+00 0.0000E+00 0.0000E+00
0.0000E+00 0.6753E+00 0.5519E+00 0.2781E+00 0.5804E+00 0.4692E+00 0.5302E+00 0.5001E+00 0.4568E+00 0.3644E+00 0.9243E-01 0.4207E+00 0.5580E+00 0.4169E+00 0.1567E+00 0.7317E+00 0.7011E+00 0.6033E+00 0.6594E+00 0.2756E+00 0.6113E+00 0.0000E+00
0.0000E+00 0.7775E+00 0.1069E+01 0.8039E+00 0.6474E+00 0.9547E+00 0.8869E+00 0.5332E+00 0.9781E+00 0.9761E+00 0.6739E+00 0.4915E+00 0.1128E+01 0.8391E+00 0.8700E+00 0.1236E+01 0.1215E+01 0.9592E+00 0.1139E+01 0.9000E+00 0.1003E+01 0.0000E+00
0.0000E+00 0.1282E+01 0.1289E+01 0.1326E+01 0.7347E+00 0.1321E+01 0.1193E+01 0.4937E+00 0.1347E+01 0.1420E+01 0.1263E+01 0.9847E+00 0.1579E+01 0.8116E+00 0.1248E+01 0.1593E+01 0.1569E+01 0.9894E+00 0.1197E+01 0.1122E+01 0.1329E+01 0.0000E+00
0.0000E+00 0.1664E+01 0.1727E+01 0.1744E+01 0.1266E+01 0.1328E+01 0.1693E+01 0.7968E+00 0.1703E+01 0.1750E+01 0.1187E+01 0.1330E+01 0.1798E+01 0.1246E+01 0.1612E+01 0.1902E+01 0.1634E+01 0.1074E+01 0.1278E+01 0.9409E+00 0.1637E+01 0.0000E+00
0.0000E+00 0.1889E+01 0.1972E+01 0.1828E+01 0.1565E+01 0.1665E+01 0.1875E+01 0.1218E+01 0.1963E+01 0.1877E+01 0.1549E+01 0.1163E+01 0.2098E+01 0.1559E+01 0.2005E+01 0.2281E+01 0.1830E+01 0.1580E+01 0.1808E+01 0.1107E+01 0.1912E+01 0.0000E+00
0.0000E+00 0.1759E+01 0.3222E+01 0.1562E+01 0.1679E+01 0.1821E+01 0.1981E+01 0.1512E+01 0.2219E+01 0.1606E+01 0.1456E+01 0.1586E+01 0.2357E+01 0.2007E+01 0.2140E+01 0.2279E+01 0.2094E+01 0.1922E+01 0.2096E+01 0.1529E+01 0.2167E+01 0.0000E+00
0.0000E+00 0.2006E+01 0.2886E+01 0.1038E+00 0.1805E+01 0.1771E+01 0.1771E+01 0.1601E+01 0.2283E+01 0.1977E+01 0.1814E+01 0.1874E+01 0.2234E+01 0.2143E+01 0.2160E+01 0.2497E+01 0.2235E+01 0.2128E+01 0.2194E+01 0.1947E+01 0.2442E+01 0.0000E+00
0.0000E+00 0.2131E+01 0.2588E+01 0.2422E+00 0.1850E+01 0.1625E+01 0.1596E+01 0.1777E+01 0.2271E+01 0.3644E+01 0.2062E+01 0.1639E+01 0.2221E+01 0.3950E+01 0.2343E+01 0.2566E+01 0.2408E+01 0.2354E+01 0.2455E+01 0.2135E+01 0.2519E+01 0.0000E+00
0.0000E+00 0.2055E+01 0.2366E+01 0.9298E+00 0.2254E+01 0.1887E+01 0.1962E+01 0.1915E+01 0.8176E-01 0.3157E+01 0.1774E+01 0.1764E+01 0.5431E+00 0.3881E+01 0.2385E+01 0.2685E+01 0.2367E+01 0.2484E+01 0.2588E+01 0.2362E+01 0.2736E+01 0.0000E+00
0.0000E+00 0.2236E+01 0.2455E+01 0.1236E+01 0.2651E+01 0.1986E+01 0.1802E+01 0.2324E+01 0.2056E+00 0.2847E+01 0.1600E+01 0.1568E+01 0.4873E+00 0.3508E+01 0.5175E+01 0.6885E+01 0.8210E+01 0.2487E+01 0.2485E+01 0.2508E+01 0.2825E+01 0.0000E+00
0.0000E+00 0.2011E+01 0.2559E+01 0.1389E+01 0.2269E+01 0.2210E+01 0.2222E+01 0.2542E+01 0.8117E+00 0.2594E+01 0.1493E+01 0.1829E+01 0.9793E+00 0.9948E-01 0.7207E-01 0.2912E+00 0.7671E+01 0.2482E+01 0.4423E+01 0.2684E+01 0.2906E+01 0.0000E+00
0.0000E+00 0.2213E+01 0.2461E+01 0.1124E+01 0.3218E+01 0.2134E+01 0.2342E+01 0.2369E+01 0.1282E+01 0.2392E+01 0.1742E+01 0.1885E+01 0.8440E+00 0.1921E+00 0.1624E+00 0.1307E+00 0.7180E+01 0.1433E+00 0.4086E+01 0.2775E+01 0.2856E+01 0.0000E+00
0.0000E+00 0.1966E+01 0.2221E+01 0.1107E+00 0.2833E+01 0.2179E+01 0.2589E+01 0.2577E+01 0.1350E+01 0.2394E+01 0.1744E+01 0.1932E+01 0.9832E+00 0.6213E+00 0.2546E+00 0.8440E+00 0.6737E+01 0.8217E+00 0.3969E+01 0.2825E+01 0.2985E+01 0.0000E+00
0.0000E+00 0.2426E+01 0.2080E+01 0.2161E+00 0.2540E+01 0.2348E+01 0.2746E+01 0.2286E+01 0.1223E+01 0.2324E+01 0.1959E+01 0.2109E+01 0.1404E+01 0.1143E+01 0.9622E+00 0.1295E+01 0.6375E+01 0.1171E+01 0.3688E+01 0.2883E+01 0.3129E+01 0.0000E+00
0.0000E+00 0.2367E+01 0.2200E+01 0.5461E+00 0.2367E+01 0.2566E+01 0.2577E+01 0.2435E+01 0.1603E+01 0.2424E+01 0.2213E+01 0.2354E+01 0.1674E+01 0.1119E+01 0.1238E+01 0.1607E+01 0.6138E+01 0.1271E+01 0.4620E+01 0.3004E+01 0.3140E+01 0.0000E+00
0.0000E+00 0.2716E+01 0.2534E+01 0.7669E+00 0.2187E+01 0.2516E+01 0.2674E+01 0.2565E+01 0.1824E+01 0.2471E+01 0.2389E+01 0.2514E+01 0.1869E+01 0.1398E+01 0.1527E+01 0.2521E+01 0.5893E+01 0.7145E+00 0.4853E+01 0.3063E+01 0.3194E+01 0.0000E+00
0.0000E+00 0.2771E+01 0.2494E+01 0.9902E+00 0.2052E+01 0.2253E+01 0.2833E+01 0.2662E+01 0.1965E+01 0.2512E+01 0.2517E+01 0.2579E+01 0.2085E+01 0.1803E+01 0.2364E+00 0.2564E+01 0.5730E+01 0.6919E+00 0.4938E+01 0.3154E+01 0.3314E+01 0.0000E+00
0.0000E+00 0.2947E+01 0.2745E+01 0.8851E+00 0.1961E+01 0.2113E+01 0.3220E+01 0.2882E+01 0.2393E+01 0.2910E+01 0.2833E+01 0.2421E+01 0.2288E+01 0.2184E+01 0.9505E+00 0.2475E+01 0.5544E+01 0.1489E+00 0.4749E+01 0.2908E+01 0.2972E+01 0.0000E+00
0.0000E+00 0.3024E+01 0.2750E+01 0.1249E+01 0.1971E+01 0.2358E+01 0.3212E+01 0.2769E+01 0.2188E+01 0.2958E+01 0.3013E+01 0.2415E+01 0.2134E+01 0.2300E+01 0.1152E+01 0.2354E+01 0.5364E+01 0.7677E+00 0.4931E+01 0.2974E+01 0.3074E+01 0.0000E+00
0.0000E+00 0.2699E+01 0.2930E+01 0.1502E+01 0.1909E+01 0.2500E+01 0.3443E+01 0.3070E+01 0.2437E+01 0.3051E+01 0.3205E+01 0.2551E+01 0.1888E+01 0.2483E+01 0.1355E+01 0.2395E+01 0.5238E+01 0.1260E+00 0.4662E+01 0.3040E+01 0.3167E+01 0.0000E+00
0.0000E+00 0.2933E+01 0.3329E+01 0.1370E+01 0.1851E+01 0.2574E+01 0.3479E+01 0.3070E+01 0.2585E+01 0.3122E+01 0.3294E+01 0.2362E+01 0.1710E+01 0.2197E+01 0.1392E+01 0.2120E+01 0.5159E+01 0.3724E+00 0.4673E+01 0.3198E+01 0.3266E+01 0.0000E+00
0.0000E+00 0.2774E+01 0.3516E+01 0.1376E+01 0.1905E+01 0.2869E+01 0.3155E+01 0.3229E+01 0.2869E+01 0.3101E+01 0.3217E+01 0.2874E+01 0.1914E+01 0.2156E+01 0.1251E+01 0.1962E+01 0.5088E+01 0.1806E+00 0.4581E+01 0.3212E+01 0.3319E+01 0.0000E+00
0.0000E+00 0.2914E+01 0.3578E+01 0.2072E+01 0.2004E+01 0.2804E+01 0.3186E+01 0.3324E+01 0.3244E+01 0.3171E+01 0.3127E+01 0.2889E+01 0.2047E+01 0.2553E+01 0.1183E+01 0.1900E+01 0.5054E+01 0.8342E+00 0.4274E+01 0.3347E+01 0.3389E+01 0.0000E+00
0.0000E+00 0.2753E+01 0.3662E+01 0.2475E+01 0.2426E+01 0.2980E+01 0.3370E+01 0.3358E+01 0.2999E+01 0.3414E+01 0.3031E+01 0.3054E+01 0.2247E+01 0.2265E+01 0.1705E+01 0.1767E+01 0.5047E+01 0.1317E+01 0.4214E+01 0.3131E+01 0.3408E+01 0.0000E+00
0.0000E+00 0.3061E+01 0.3508E+01 0.2578E+01 0.2480E+01 0.3300E+01 0.3504E+01 0.3340E+01 0.3008E+01 0.3825E+01 0.3066E+01 0.2947E+01 0.2797E+01 0.2701E+01 0.2103E+01 0.2239E+01 0.5270E+01 0.1784E+01 0.4060E+01 0.3085E+01 0.3503E+01 0.0000E+00
0.0000E+00 0.3018E+01 0.3741E+01 0.2907E+01 0.2637E+01 0.3577E+01 0.3599E+01 0.3300E+01 0.3349E+01 0.3690E+01 0.3316E+01 0.3387E+01 0.3064E+01 0.2971E+01 0.2459E+01 0.2110E+01 0.5316E+01 0.2272E+01 0.4030E+01 0.3136E+01 0.3372E+01 0.0000E+00
0.0000E+00 0.3261E+01 0.3864E+01 0.2992E+01 0.2948E+01 0.3579E+01 0.3955E+01 0.3482E+01 0.3416E+01 0.3845E+01 0.3466E+01 0.3228E+01 0.3199E+01 0.2939E+01 0.2629E+01 0.2453E+01 0.5375E+01 0.2585E+01 0.4060E+01 0.3335E+01 0.3321E+01 0.0000E+00
0.0000E+00 0.3117E+01 0.3985E+01 0.3355E+01 0.3178E+01 0.3638E+01 0.4066E+01 0.3517E+01 0.3590E+01 0.3920E+01 0.3496E+01 0.3002E+01 0.3299E+01 0.3206E+01 0.2910E+01 0.2690E+01 0.5523E+01 0.2755E+01 0.4025E+01 0.3321E+01 0.3382E+01 0.0000E+00
0.0000E+00 0.2966E+01 0.4184E+01 0.3594E+01 0.3114E+01 0.3419E+01 0.4150E+01 0.3634E+01 0.3696E+01 0.3776E+01 0.3642E+01 0.3302E+01 0.3212E+01 0.3082E+01 0.3232E+01 0.2570E+01 0.5414E+01 0.2454E+01 0.3935E+01 0.3346E+01 0.3254E+01 0.0000E+00
0.0000E+00 0.2903E+01 0.4226E+01 0.3768E+01 0.3322E+01 0.3681E+01 0.4166E+01 0.3663E+01 0.3732E+01 0.3694E+01 0.3773E+01 0.3486E+01 0.3142E+01 0.3266E+01 0.3404E+01 0.2330E+01 0.5310E+01 0.2154E+01 0.3793E+01 0.3542E+01 0.3482E+01 0.0000E+00
0.0000E+00 0.2894E+01 0.4322E+01 0.3530E+01 0.3415E+01 0.3782E+01 0.4209E+01 0.3595E+01 0.3648E+01 0.3888E+01 0.3641E+01 0.3596E+01 0.3307E+01 0.3348E+01 0.3462E+01 0.2166E+01 0.5287E+01 0.1996E+01 0.3732E+01 0.3296E+01 0.3762E+01 0.0000E+00
0.0000E+00 0.3381E+01 0.4535E+01 0.3800E+01 0.3666E+01 0.3807E+01 0.3903E+01 0.3632E+01 0.3792E+01 0.3759E+01 0.3801E+01 0.3730E+01 0.3403E+01 0.3401E+01 0.3316E+01 0.2469E+01 0.5276E+01 0.1875E+01 0.3741E+01 0.3269E+01 0.3884E+01 0.0000E+00
0.0000E+00 0.3727E+01 0.4661E+01 0.3770E+01 0.3886E+01 0.3573E+01 0.3729E+01 0.3468E+01 0.3548E+01 0.3758E+01 0.3625E+01 0.3746E+01 0.3329E+01 0.3543E+01 0.3529E+01 0.2605E+01 0.5462E+01 0.2223E+01 0.3990E+01 0.3245E+01 0.3948E+01 0.0000E+00
0.0000E+00 0.3791E+01 0.4447E+01 0.3594E+01 0.3936E+01 0.3743E+01 0.3915E+01 0.3340E+01 0.3680E+01 0.3742E+01 0.3521E+01 0.3765E+01 0.3600E+01 0.3610E+01 0.3469E+01 0.2845E+01 0.5629E+01 0.2622E+01 0.3817E+01 0.3348E+01 0.3891E+01 0.0000E+00
0.0000E+00 0.3850E+01 0.4458E+01 0.3332E+01 0.3901E+01 0.4021E+01 0.4290E+01 0.3433E+01 0.3508E+01 0.3988E+01 0.3679E+01 0.3850E+01 0.3720E+01 0.3563E+01 0.3594E+01 0.3072E+01 0.5768E+01 0.2905E+01 0.3844E+01 0.3406E+01 0.3718E+01 0.0000E+00
0.0000E+00 0.3904E+01 0.4574E+01 0.3329E+01 0.4260E+01 0.4318E+01 0.4472E+01 0.3647E+01 0.3423E+01 0.4197E+01 0.3856E+01 0.3998E+01 0.3768E+01 0.3582E+01 0.3486E+01 0.3238E+01 0.5877E+01 0.3210E+01 0.4107E+01 0.3392E+01 0.3896E+01 0.0000E+00
0.0000E+00 0.4215E+01 0.4781E+01 0.3569E+01 0.4580E+01 0.4208E+01 0.4237E+01 0.3966E+01 0.3682E+01 0.4403E+01 0.3696E+01 0.4181E+01 0.3880E+01 0.3326E+01 0.3229E+01 0.2982E+01 0.6045E+01 0.3290E+01 0.4005E+01 0.3606E+01 0.3983E+01 0.0000E+00
0.0000E+00 0.4489E+01 0.5177E+01 0.3753E+01 0.4626E+01 0.4387E+01 0.4425E+01 0.4091E+01 0.3921E+01 0.4480E+01 0.3958E+01 0.4165E+01 0.4081E+01 0.3347E+01 0.3102E+01 0.3281E+01 0.6215E+01 0.3581E+01 0.4032E+01 0.3596E+01 0.3986E+01 0.0000E+00
0.0000E+00 0.4560E+01 0.5166E+01 0.3563E+01 0.4301E+01 0.4450E+01 0.4551E+01 0.4373E+01 0.4059E+01 0.4681E+01 0.3927E+01 0.4406E+01 0.4334E+01 0.3816E+01 0.3654E+01 0.3700E+01 0.6324E+01 0.3658E+01 0.3966E+01 0.3673E+01 0.4061E+01 0.0000E+00
0.0000E+00 0.4466E+01 0.8095E+01 0.3442E+01 0.4263E+01 0.4359E+01 0.4410E+01 0.4443E+01 0.4251E+01 0.4839E+01 0.4103E+01 0.4706E+01 0.4276E+01 0.4156E+01 0.3278E+01 0.3361E+01 0.6347E+01 0.3665E+01 0.3930E+01 0.3523E+01 0.3855E+01 0.0000E+00
0.0000E+00 0.1162E+02 0.7803E+01 0.3408E+00 0.4408E+01 0.4446E+01 0.4494E+01 0.4540E+01 0.4383E+01 0.4970E+01 0.4205E+01 0.4810E+01 0.4481E+01 0.3878E+01 0.3008E+01 0.3108E+01 0.6215E+01 0.3374E+01 0.3926E+01 0.3427E+01 0.3727E+01 0.0000E+00
0.0000E+00 0.1120E+02 0.7452E+00 0.1147E+01 0.4647E+01 0.4633E+01 0.4666E+01 0.4452E+01 0.4485E+01 0.5072E+01 0.4289E+01 0.4771E+01 0.4484E+01 0.3646E+01 0.2849E+01 0.2997E+01 0.6153E+01 0.3112E+01 0.4034E+01 0.3479E+01 0.3825E+01 0.0000E+00
0.0000E+00 0.1101E+02 0.6930E+00 0.1831E+01 0.4991E+01 0.4425E+01 0.4897E+01 0.4589E+01 0.4547E+01 0.5156E+01 0.4458E+01 0.4976E+01 0.4617E+01 0.3857E+01 0.2744E+01 0.2913E+01 0.6100E+01 0.3304E+01 0.4143E+01 0.3768E+01 0.4024E+01 0.0000E+00
0.0000E+00 0.1073E+02 0.1454E+01 0.2301E+01 0.5068E+01 0.4713E+01 0.5000E+01 0.4590E+01 0.4556E+01 0.5155E+01 0.4516E+01 0.4950E+01 0.4713E+01 0.3952E+01 0.2654E+01 0.2846E+01 0.6093E+01 0.3368E+01 0.4364E+01 0.3832E+01 0.4184E+01 0.0000E+00
0.0000E+00 0.1040E+02 0.1818E+01 0.1923E+01 0.8862E+01 0.4387E+01 0.4717E+01 0.4528E+01 0.4561E+01 0.5120E+01 0.4300E+01 0.4909E+01 0.4574E+01 0.3958E+01 0.2711E+01 0.2806E+01 0.6072E+01 0.3056E+01 0.4533E+01 0.3866E+01 0.3965E+01 0.0000E+00
0.0000E+00 0.1017E+02 0.1560E+01 0.9837E+01 0.8526E+01 0.8619E-01 0.4533E+01 0.4359E+01 0.4645E+01 0.5081E+01 0.4349E+01 0.4915E+01 0.4585E+01 0.3918E+01 0.2917E+01 0.3099E+01 0.6249E+01 0.3276E+01 0.4448E+01 0.3919E+01 0.4051E+01 0.0000E+00
0.0000E+00 0.9959E+01 0.2011E+01 0.9453E+01 0.1336E+00 0.1853E+00 0.4417E+01 0.4251E+01 0.4593E+01 0.5076E+01 0.4357E+01 0.4868E+01 0.4617E+01 0.4075E+01 0.3109E+01 0.2964E+01 0.6387E+01 0.3426E+01 0.4377E+01 0.4030E+01 0.4165E+01 0.0000E+00
0.0000E+00 0.9806E+01 0.2073E+01 0.9099E+01 0.2250E+00 0.2908E+00 0.4337E+01 0.4352E+01 0.4632E+01 0.5129E+01 0.4382E+01 0.4860E+01 0.4600E+01 0.4117E+01 0.3033E+01 0.2996E+01 0.6540E+01 0.3419E+01 0.4621E+01 0.4181E+01 0.4139E+01 0.0000E+00
0.0000E+00 0.9679E+01 0.2338E+01 0.8845E+01 0.9850E+00 0.1029E+01 0.4291E+01 0.4459E+01 0.4568E+01 0.5017E+01 0.4477E+01 0.4889E+01 0.4513E+01 0.4078E+01 0.2977E+01 0.3170E+01 0.6626E+01 0.3514E+01 0.4799E+01 0.4315E+01 0.4069E+01 0.0000E+00
0.0000E+00 0.9550E+01 0.2250E+01 0.8629E+01 0.1402E+01 0.1473E+01 0.4421E+01 0.4549E+01 0.4607E+01 0.5031E+01 0.4478E+01 0.4915E+01 0.4459E+01 0.3937E+01 0.2950E+01 0.3162E+01 0.6668E+01 0.3655E+01 0.4907E+01 0.4357E+01 0.4263E+01 0.0000E+00
0.0000E+00 0.9412E+01 0.2442E+01 0.8456E+01 0.1686E+01 0.1687E+01 0.4501E+01 0.4519E+01 0.4637E+01 0.4937E+01 0.4506E+01 0.4976E+01 0.4531E+01 0.3797E+01 0.3362E+01 0.3393E+01 0.6685E+01 0.3615E+01 0.4865E+01 0.4349E+01 0.4420E+01 0.0000E+00
0.0000E+00 0.9324E+01 0.2403E+01 0.8281E+01 0.1783E+01 0.1973E+01 0.4485E+01 0.4534E+01 0.4627E+01 0.5008E+01 0.4585E+01 0.4942E+01 0.4648E+01 0.3990E+01 0.3432E+01 0.3519E+01 0.6718E+01 0.3489E+01 0.4810E+01 0.4283E+01 0.4354E+01 0.0000E+00
0.0000E+00 0.9217E+01 0.2118E+01 0.8124E+01 0.2092E+01 0.2282E+01 0.4661E+01 0.4542E+01 0.4635E+01 0.4928E+01 0.4620E+01 0.4935E+01 0.4676E+01 0.4130E+01 0.3625E+01 0.3683E+01 0.6756E+01 0.3588E+01 0.4903E+01 0.4389E+01 0.4475E+01 0.0000E+00
0.0000E+00 0.9153E+01 0.1948E+01 0.8070E+01 0.2335E+01 0.2503E+01 0.4703E+01 0.4595E+01 0.4684E+01 0.5056E+01 0.4656E+01 0.5047E+01 0.4665E+01 0.4190E+01 0.3723E+01 0.3796E+01 0.6886E+01 0.3715E+01 0.5098E+01 0.4477E+01 0.4637E+01 0.0000E+00
0.0000E+00 0.9091E+01 0.1834E+01 0.8043E+01 0.2624E+01 0.2664E+01 0.4815E+01 0.4607E+01 0.4569E+01 0.5217E+01 0.4735E+01 0.5058E+01 0.4613E+01 0.4166E+01 0.3796E+01 0.3891E+01 0.6970E+01 0.3892E+01 0.5143E+01 0.4537E+01 0.4527E+01 0.0000E+00
0.0000E+00 0.9059E+01 0.2034E+01 0.8062E+01 0.2836E+01 0.2842E+01 0.4911E+01 0.4869E+01 0.4570E+01 0.5301E+01 0.4801E+01 0.5091E+01 0.4545E+01 0.4123E+01 0.3858E+01 0.3843E+01 0.7105E+01 0.3859E+01 0.5133E+01 0.4605E+01 0.4654E+01 0.0000E+00
0.0000E+00 0.9198E+01 0.2528E+01 0.8081E+01 0.3061E+01 0.3047E+01 0.4982E+01 0.4903E+01 0.4681E+01 0.5300E+01 0.4802E+01 0.5130E+01 0.4495E+01 0.3963E+01 0.3720E+01 0.3847E+01 0.7076E+01 0.3868E+01 0.5143E+01 0.4622E+01 0.4773E+01 0.0000E+00
0.0000E+00 0.9335E+01 0.2692E+01 0.8074E+01 0.3297E+01 0.3251E+01 0.4994E+01 0.4961E+01 0.4801E+01 0.5370E+01 0.4880E+01 0.5153E+01 0.4395E+01 0.3911E+01 0.3599E+01 0.3898E+01 0.7046E+01 0.3800E+01 0.5162E+01 0.4653E+01 0.4770E+01 0.0000E+00
0.0000E+00 0.9286E+01 0.3044E+01 0.8101E+01 0.3437E+01 0.3506E+01 0.5135E+01 0.5164E+01 0.4853E+01 0.5514E+01 0.5038E+01 0.5078E+01 0.4315E+01 0.3840E+01 0.3496E+01 0.3833E+01 0.7049E+01 0.3757E+01 0.5086E+01 0.4529E+01 0.4670E+01 0.0000E+00
0.0000E+00 0.9166E+01 0.1945E+02 0.1764E+02 0.1055E+02 0.8077E+01 0.5180E+01 0.9434E+01 0.4762E+01 0.5314E+01 0.4871E+01 0.9041E+01 0.4236E+01 0.3718E+01 0.1374E+02 0.1058E+02 0.6973E+01 0.3549E+01 0.5029E+01 0.4469E+01 0.4571E+01 0.0000E+00
0.0000E+00 0.0000E+00 0.0000E+00 0.0000E+00 0.0000E+00 0.0000E+00 0.0000E+00 0.0000E+00 0.0000E+00 0.0000E+00 0.0000E+00 0.0000E+00 0.0000E+00 0.0000E+00 0.0000E+00 0.0000E+00 0.0000E+00 0.0000E+00 0.0000E+00 0.0000E+00 0.0000E+00 0.0000E+00
