p3_rainC_medsm_dschg.asc
ncols     22
nrows     62
xllcorner      0.00000000
yllcorner      0.00000000
cellsize      0.50000000
nodata_value -9999
0.0000E+00 0.0000E+00 0.0000E+00 0.0000E+00 0.0000E+00 0.0000E+00 0.0000E+00 0.0000E+00 0.0000E+00 0.0000E+00 0.0000E+00 0.0000E+00 0.0000E+00 0.0000E+00 0.0000E+00 0.0000E+00 0.0000E+00 0.0000E+00 0.0000E+00 0.0000E+00 0.0000E+00 0.0000E+00
0.0000E+00 0.1339E-02 0.1855E-02 0.1110E-02 0.2779E-02 0.1756E-02 0.2347E-02 0.2499E-02 0.1568E-02 0.7858E-03 0.6757E-03 0.1387E-02 0.2200E-02 0.2357E-02 0.8414E-03 0.2366E-02 0.2480E-02 0.2464E-02 0.2745E-02 0.1266E-02 0.1543E-02 0.0000E+00
0.0000E+00 0.2156E-02 0.3700E-02 0.3140E-02 0.3664E-02 0.4098E-02 0.4210E-02 0.3177E-02 0.3340E-02 0.3279E-02 0.2664E-02 0.2221E-02 0.4404E-02 0.4074E-02 0.3034E-02 0.4698E-02 0.5061E-02 0.4436E-02 0.5507E-02 0.3902E-02 0.2883E-02 0.0000E+00
0.0000E+00 0.4160E-02 0.5234E-02 0.5631E-02 0.4079E-02 0.5996E-02 0.5881E-02 0.3675E-02 0.5554E-02 0.5908E-02 0.4745E-02 0.4677E-02 0.6546E-02 0.4551E-02 0.5209E-02 0.7128E-02 0.7678E-02 0.5418E-02 0.8369E-02 0.6089E-02 0.4129E-02 0.0000E+00
0.0000E+00 0.6375E-02 0.7683E-02 0.7692E-02 0.4801E-02 0.6709E-02 0.8505E-02 0.4806E-02 0.7304E-02 0.8361E-02 0.5809E-02 0.6997E-02 0.8546E-02 0.6704E-02 0.7649E-02 0.9707E-02 0.9465E-02 0.8337E-02 0.1124E-01 0.6088E-02 0.5461E-02 0.0000E+00
0.0000E+00 0.8563E-02 0.9840E-02 0.9614E-02 0.6994E-02 0.8688E-02 0.1040E-01 0.6109E-02 0.9199E-02 0.1045E-01 0.8424E-02 0.7345E-02 0.9852E-02 0.8894E-02 0.9947E-02 0.1213E-01 0.1124E-01 0.1089E-01 0.1397E-01 0.7162E-02 0.7218E-02 0.0000E+00
0.0000E+00 0.8984E-02 0.2269E-01 0.1075E-01 0.8038E-02 0.1019E-01 0.1158E-01 0.6766E-02 0.1014E-01 0.1032E-01 0.9346E-02 0.9086E-02 0.1053E-01 0.1081E-01 0.1255E-01 0.1453E-01 0.1354E-01 0.1346E-01 0.1622E-01 0.9783E-02 0.9384E-02 0.0000E+00
0.0000E+00 0.1099E-01 0.2349E-01 0.6799E-03 0.8546E-02 0.1080E-01 0.1181E-01 0.7414E-02 0.1121E-01 0.1163E-01 0.1026E-01 0.1053E-01 0.1099E-01 0.1270E-01 0.1433E-01 0.1664E-01 0.1558E-01 0.1620E-01 0.1787E-01 0.1195E-01 0.1084E-01 0.0000E+00
0.0000E+00 0.1223E-01 0.2343E-01 0.1334E-02 0.8841E-02 0.1089E-01 0.1185E-01 0.7852E-02 0.1222E-01 0.2474E-01 0.1102E-01 0.1063E-01 0.1176E-01 0.2627E-01 0.1661E-01 0.1859E-01 0.1765E-01 0.1862E-01 0.1878E-01 0.1324E-01 0.1086E-01 0.0000E+00
0.0000E+00 0.1306E-01 0.2343E-01 0.2926E-02 0.1023E-01 0.1107E-01 0.1205E-01 0.8391E-02 0.6228E-03 0.2470E-01 0.1108E-01 0.1085E-01 0.1413E-02 0.2884E-01 0.1903E-01 0.2049E-01 0.1904E-01 0.2119E-01 0.2050E-01 0.1554E-01 0.1219E-01 0.0000E+00
0.0000E+00 0.1479E-01 0.2598E-01 0.5691E-02 0.1266E-01 0.1129E-01 0.1214E-01 0.8660E-02 0.1280E-02 0.2465E-01 0.1118E-01 0.1102E-01 0.8116E-03 0.3015E-01 0.5003E-01 0.7223E-01 0.9361E-01 0.2387E-01 0.2154E-01 0.1797E-01 0.1407E-01 0.0000E+00
0.0000E+00 0.1506E-01 0.2792E-01 0.8507E-02 0.1286E-01 0.1235E-01 0.1324E-01 0.9130E-02 0.2557E-02 0.2453E-01 0.1148E-01 0.1257E-01 0.1761E-02 0.5547E-03 0.6846E-03 0.1282E-02 0.9726E-01 0.2648E-01 0.4849E-01 0.2011E-01 0.1598E-01 0.0000E+00
0.0000E+00 0.1692E-01 0.2996E-01 0.8425E-02 0.2382E-01 0.1376E-01 0.1569E-01 0.9367E-02 0.4328E-02 0.2445E-01 0.1377E-01 0.1474E-01 0.2398E-02 0.1228E-02 0.1218E-02 0.6944E-03 0.9843E-01 0.6574E-03 0.4839E-01 0.2197E-01 0.1704E-01 0.0000E+00
0.0000E+00 0.1687E-01 0.2974E-01 0.6470E-03 0.2376E-01 0.1481E-01 0.1821E-01 0.1195E-01 0.5643E-02 0.2575E-01 0.1416E-01 0.1746E-01 0.3764E-02 0.2776E-02 0.1816E-02 0.2016E-02 0.1004E+00 0.3014E-02 0.5040E-01 0.2316E-01 0.1829E-01 0.0000E+00
0.0000E+00 0.1891E-01 0.2953E-01 0.1303E-02 0.2368E-01 0.1496E-01 0.2062E-01 0.1193E-01 0.6268E-02 0.2644E-01 0.1449E-01 0.1805E-01 0.6047E-02 0.4999E-02 0.4310E-02 0.4323E-02 0.1012E+00 0.5244E-02 0.5093E-01 0.2342E-01 0.1896E-01 0.0000E+00
0.0000E+00 0.1959E-01 0.3027E-01 0.2552E-02 0.2363E-01 0.1773E-01 0.2123E-01 0.1450E-01 0.8714E-02 0.2914E-01 0.1631E-01 0.1940E-01 0.8597E-02 0.6307E-02 0.6785E-02 0.5995E-02 0.1021E+00 0.6467E-02 0.5865E-01 0.2570E-01 0.2107E-01 0.0000E+00
0.0000E+00 0.2199E-01 0.3304E-01 0.3881E-02 0.2376E-01 0.2018E-01 0.2157E-01 0.1708E-01 0.1116E-01 0.3153E-01 0.1872E-01 0.2197E-01 0.1117E-01 0.8612E-02 0.8669E-02 0.1478E-01 0.1046E+00 0.2630E-02 0.6250E-01 0.2797E-01 0.2380E-01 0.0000E+00
0.0000E+00 0.2490E-01 0.3429E-01 0.5413E-02 0.2361E-01 0.2002E-01 0.2326E-01 0.1857E-01 0.1372E-01 0.3404E-01 0.2113E-01 0.2469E-01 0.1361E-01 0.1079E-01 0.7308E-03 0.1751E-01 0.1073E+00 0.2635E-02 0.6676E-01 0.3069E-01 0.2588E-01 0.0000E+00
0.0000E+00 0.2740E-01 0.3696E-01 0.5763E-02 0.2341E-01 0.1986E-01 0.2551E-01 0.2084E-01 0.1586E-01 0.3595E-01 0.2334E-01 0.2515E-01 0.1599E-01 0.1310E-01 0.3049E-02 0.2007E-01 0.1097E+00 0.2939E-02 0.7188E-01 0.3085E-01 0.2566E-01 0.0000E+00
0.0000E+00 0.2924E-01 0.3985E-01 0.7605E-02 0.2338E-01 0.2119E-01 0.2838E-01 0.2133E-01 0.1612E-01 0.3769E-01 0.2604E-01 0.2651E-01 0.1637E-01 0.1536E-01 0.4559E-02 0.2114E-01 0.1090E+00 0.2531E-02 0.7641E-01 0.3348E-01 0.2817E-01 0.0000E+00
0.0000E+00 0.2900E-01 0.4253E-01 0.9344E-02 0.2322E-01 0.2259E-01 0.3076E-01 0.2344E-01 0.1852E-01 0.4056E-01 0.2878E-01 0.2873E-01 0.1629E-01 0.1719E-01 0.6526E-02 0.2355E-01 0.1082E+00 0.6940E-03 0.7977E-01 0.3597E-01 0.3046E-01 0.0000E+00
0.0000E+00 0.3003E-01 0.4530E-01 0.9570E-02 0.2310E-01 0.2549E-01 0.3232E-01 0.2490E-01 0.2015E-01 0.4344E-01 0.3105E-01 0.2882E-01 0.1627E-01 0.1716E-01 0.6737E-02 0.2342E-01 0.1076E+00 0.1506E-02 0.8410E-01 0.3801E-01 0.3153E-01 0.0000E+00
0.0000E+00 0.2986E-01 0.4713E-01 0.1007E-01 0.2346E-01 0.2819E-01 0.3226E-01 0.2747E-01 0.2261E-01 0.4606E-01 0.3355E-01 0.3148E-01 0.1668E-01 0.1770E-01 0.7069E-02 0.2295E-01 0.1069E+00 0.7950E-03 0.8578E-01 0.4088E-01 0.3407E-01 0.0000E+00
0.0000E+00 0.3105E-01 0.4999E-01 0.1253E-01 0.2443E-01 0.3107E-01 0.3458E-01 0.2895E-01 0.2468E-01 0.4745E-01 0.3389E-01 0.3369E-01 0.1749E-01 0.1878E-01 0.7385E-02 0.2284E-01 0.1061E+00 0.2469E-02 0.8522E-01 0.4296E-01 0.3623E-01 0.0000E+00
0.0000E+00 0.3179E-01 0.5267E-01 0.1499E-01 0.2634E-01 0.3252E-01 0.3636E-01 0.2966E-01 0.2510E-01 0.4798E-01 0.3369E-01 0.3360E-01 0.1776E-01 0.1870E-01 0.9410E-02 0.2278E-01 0.1056E+00 0.4521E-02 0.8759E-01 0.4319E-01 0.3781E-01 0.0000E+00
0.0000E+00 0.3393E-01 0.5321E-01 0.1715E-01 0.2633E-01 0.3250E-01 0.3706E-01 0.2947E-01 0.2513E-01 0.4977E-01 0.3348E-01 0.3337E-01 0.1778E-01 0.1894E-01 0.1052E-01 0.2353E-01 0.1080E+00 0.6684E-02 0.9022E-01 0.4596E-01 0.4048E-01 0.0000E+00
0.0000E+00 0.3465E-01 0.5478E-01 0.1954E-01 0.2916E-01 0.3400E-01 0.3811E-01 0.3027E-01 0.2782E-01 0.5057E-01 0.3358E-01 0.3362E-01 0.1803E-01 0.1993E-01 0.1161E-01 0.2370E-01 0.1085E+00 0.7273E-02 0.9263E-01 0.4846E-01 0.4178E-01 0.0000E+00
0.0000E+00 0.3732E-01 0.5761E-01 0.2096E-01 0.3051E-01 0.3492E-01 0.3933E-01 0.3159E-01 0.3003E-01 0.5304E-01 0.3591E-01 0.3350E-01 0.1840E-01 0.2148E-01 0.1347E-01 0.2625E-01 0.1113E+00 0.9886E-02 0.9415E-01 0.4813E-01 0.4226E-01 0.0000E+00
0.0000E+00 0.3717E-01 0.5955E-01 0.2318E-01 0.3211E-01 0.3615E-01 0.4061E-01 0.3287E-01 0.3198E-01 0.5517E-01 0.3803E-01 0.3323E-01 0.1904E-01 0.2361E-01 0.1517E-01 0.2874E-01 0.1139E+00 0.1264E-01 0.9695E-01 0.4915E-01 0.4467E-01 0.0000E+00
0.0000E+00 0.3690E-01 0.6151E-01 0.2577E-01 0.3266E-01 0.3607E-01 0.4221E-01 0.3539E-01 0.3390E-01 0.5524E-01 0.4026E-01 0.3317E-01 0.1915E-01 0.2369E-01 0.1614E-01 0.2933E-01 0.1151E+00 0.1343E-01 0.9854E-01 0.5092E-01 0.4502E-01 0.0000E+00
0.0000E+00 0.3707E-01 0.6410E-01 0.2804E-01 0.3516E-01 0.3807E-01 0.4381E-01 0.3707E-01 0.3558E-01 0.5552E-01 0.4018E-01 0.3481E-01 0.1929E-01 0.2431E-01 0.1756E-01 0.2919E-01 0.1143E+00 0.1346E-01 0.9777E-01 0.5305E-01 0.4655E-01 0.0000E+00
0.0000E+00 0.3730E-01 0.6694E-01 0.2846E-01 0.3733E-01 0.4028E-01 0.4630E-01 0.3977E-01 0.3688E-01 0.5777E-01 0.4075E-01 0.3719E-01 0.2183E-01 0.2504E-01 0.1912E-01 0.2896E-01 0.1130E+00 0.1347E-01 0.9699E-01 0.5263E-01 0.4868E-01 0.0000E+00
0.0000E+00 0.3850E-01 0.6759E-01 0.3100E-01 0.3998E-01 0.4266E-01 0.4581E-01 0.4134E-01 0.3859E-01 0.5782E-01 0.4240E-01 0.3958E-01 0.2457E-01 0.2612E-01 0.1945E-01 0.3022E-01 0.1121E+00 0.1353E-01 0.9674E-01 0.5332E-01 0.5095E-01 0.0000E+00
0.0000E+00 0.3934E-01 0.6817E-01 0.3271E-01 0.4245E-01 0.4216E-01 0.4537E-01 0.4099E-01 0.3849E-01 0.5852E-01 0.4275E-01 0.4230E-01 0.2519E-01 0.2832E-01 0.2054E-01 0.3095E-01 0.1126E+00 0.1551E-01 0.9916E-01 0.5394E-01 0.5341E-01 0.0000E+00
0.0000E+00 0.4014E-01 0.6818E-01 0.3357E-01 0.4493E-01 0.4378E-01 0.4815E-01 0.4083E-01 0.3905E-01 0.5840E-01 0.4264E-01 0.4518E-01 0.2602E-01 0.2979E-01 0.2078E-01 0.3268E-01 0.1129E+00 0.1827E-01 0.9848E-01 0.5676E-01 0.5622E-01 0.0000E+00
0.0000E+00 0.4127E-01 0.6934E-01 0.3324E-01 0.4679E-01 0.4615E-01 0.5086E-01 0.4165E-01 0.3915E-01 0.6062E-01 0.4460E-01 0.4586E-01 0.2732E-01 0.3045E-01 0.2180E-01 0.3507E-01 0.1149E+00 0.2099E-01 0.9954E-01 0.5909E-01 0.5588E-01 0.0000E+00
0.0000E+00 0.4104E-01 0.6904E-01 0.3316E-01 0.4793E-01 0.4852E-01 0.5330E-01 0.4382E-01 0.3923E-01 0.6270E-01 0.4695E-01 0.4718E-01 0.2784E-01 0.3124E-01 0.2246E-01 0.3756E-01 0.1165E+00 0.2376E-01 0.1020E+00 0.5937E-01 0.5707E-01 0.0000E+00
0.0000E+00 0.4082E-01 0.6838E-01 0.3313E-01 0.4996E-01 0.4968E-01 0.5309E-01 0.4617E-01 0.4037E-01 0.6450E-01 0.4670E-01 0.4834E-01 0.2791E-01 0.3107E-01 0.2238E-01 0.3717E-01 0.1189E+00 0.2581E-01 0.1016E+00 0.6089E-01 0.5859E-01 0.0000E+00
0.0000E+00 0.4062E-01 0.6772E-01 0.3301E-01 0.5174E-01 0.5195E-01 0.5502E-01 0.4904E-01 0.4295E-01 0.6734E-01 0.4770E-01 0.4801E-01 0.2848E-01 0.3126E-01 0.2233E-01 0.3958E-01 0.1207E+00 0.2801E-01 0.1020E+00 0.6309E-01 0.5972E-01 0.0000E+00
0.0000E+00 0.4061E-01 0.6756E-01 0.3297E-01 0.5121E-01 0.5242E-01 0.5718E-01 0.5141E-01 0.4531E-01 0.6944E-01 0.4762E-01 0.4765E-01 0.2965E-01 0.3346E-01 0.2255E-01 0.4197E-01 0.1227E+00 0.2995E-01 0.1012E+00 0.6433E-01 0.6102E-01 0.0000E+00
0.0000E+00 0.4049E-01 0.9998E-01 0.3284E-01 0.5074E-01 0.5225E-01 0.5770E-01 0.5286E-01 0.4718E-01 0.7090E-01 0.4902E-01 0.4788E-01 0.3074E-01 0.3620E-01 0.2236E-01 0.4158E-01 0.1238E+00 0.3163E-01 0.1004E+00 0.6368E-01 0.6023E-01 0.0000E+00
0.0000E+00 0.1393E+00 0.9943E-01 0.6748E-03 0.5032E-01 0.5205E-01 0.5772E-01 0.5452E-01 0.4846E-01 0.7263E-01 0.5189E-01 0.4843E-01 0.3312E-01 0.3644E-01 0.2226E-01 0.4100E-01 0.1228E+00 0.3145E-01 0.9952E-01 0.6297E-01 0.5943E-01 0.0000E+00
0.0000E+00 0.1387E+00 0.8629E-03 0.1469E-02 0.4997E-01 0.5168E-01 0.5731E-01 0.5476E-01 0.4989E-01 0.7434E-01 0.5475E-01 0.5091E-01 0.3584E-01 0.3629E-01 0.2209E-01 0.4048E-01 0.1216E+00 0.3122E-01 0.9907E-01 0.6347E-01 0.5970E-01 0.0000E+00
0.0000E+00 0.1385E+00 0.1548E-02 0.2207E-02 0.4976E-01 0.5117E-01 0.5690E-01 0.5567E-01 0.5157E-01 0.7614E-01 0.5727E-01 0.5336E-01 0.3804E-01 0.3874E-01 0.2200E-01 0.3998E-01 0.1205E+00 0.3294E-01 0.9990E-01 0.6616E-01 0.6246E-01 0.0000E+00
0.0000E+00 0.1384E+00 0.2322E-02 0.3013E-02 0.4972E-01 0.5124E-01 0.5713E-01 0.5682E-01 0.5339E-01 0.7799E-01 0.5980E-01 0.5606E-01 0.4092E-01 0.4019E-01 0.2190E-01 0.3955E-01 0.1195E+00 0.3303E-01 0.1003E+00 0.6900E-01 0.6514E-01 0.0000E+00
0.0000E+00 0.1382E+00 0.3262E-02 0.3539E-02 0.9974E-01 0.5062E-01 0.5658E-01 0.5748E-01 0.5589E-01 0.7994E-01 0.5993E-01 0.5831E-01 0.4378E-01 0.4172E-01 0.2214E-01 0.3923E-01 0.1184E+00 0.3278E-01 0.1006E+00 0.7181E-01 0.6453E-01 0.0000E+00
0.0000E+00 0.1388E+00 0.3878E-02 0.1021E+00 0.9922E-01 0.6752E-03 0.5603E-01 0.5685E-01 0.5834E-01 0.8161E-01 0.6151E-01 0.6010E-01 0.4664E-01 0.4310E-01 0.2301E-01 0.4043E-01 0.1186E+00 0.3307E-01 0.1006E+00 0.7442E-01 0.6715E-01 0.0000E+00
0.0000E+00 0.1398E+00 0.5630E-02 0.1035E+00 0.6653E-03 0.1288E-02 0.5549E-01 0.5636E-01 0.6042E-01 0.8378E-01 0.6412E-01 0.6101E-01 0.4915E-01 0.4432E-01 0.2478E-01 0.4010E-01 0.1194E+00 0.3392E-01 0.9977E-01 0.7564E-01 0.6907E-01 0.0000E+00
0.0000E+00 0.1403E+00 0.7144E-02 0.1029E+00 0.1321E-02 0.1920E-02 0.5491E-01 0.5830E-01 0.6235E-01 0.8600E-01 0.6596E-01 0.6114E-01 0.5144E-01 0.4611E-01 0.2552E-01 0.3996E-01 0.1212E+00 0.3430E-01 0.9929E-01 0.7610E-01 0.6888E-01 0.0000E+00
0.0000E+00 0.1413E+00 0.9469E-02 0.1056E+00 0.3818E-02 0.3318E-02 0.5463E-01 0.6037E-01 0.6398E-01 0.8797E-01 0.6842E-01 0.6145E-01 0.5317E-01 0.4731E-01 0.2549E-01 0.3998E-01 0.1230E+00 0.3628E-01 0.9929E-01 0.7648E-01 0.6897E-01 0.0000E+00
0.0000E+00 0.1422E+00 0.1043E-01 0.1076E+00 0.5738E-02 0.4653E-02 0.5705E-01 0.6251E-01 0.6521E-01 0.8964E-01 0.7070E-01 0.6225E-01 0.5419E-01 0.4857E-01 0.2536E-01 0.4014E-01 0.1245E+00 0.3867E-01 0.1011E+00 0.7904E-01 0.7138E-01 0.0000E+00
0.0000E+00 0.1434E+00 0.1256E-01 0.1095E+00 0.7341E-02 0.6197E-02 0.5778E-01 0.6389E-01 0.6676E-01 0.8890E-01 0.7333E-01 0.6391E-01 0.5531E-01 0.4808E-01 0.2523E-01 0.4087E-01 0.1254E+00 0.4056E-01 0.1033E+00 0.8108E-01 0.7358E-01 0.0000E+00
0.0000E+00 0.1444E+00 0.1419E-01 0.1108E+00 0.8455E-02 0.7680E-02 0.5887E-01 0.6508E-01 0.6830E-01 0.9075E-01 0.7516E-01 0.6551E-01 0.5678E-01 0.4805E-01 0.2589E-01 0.4153E-01 0.1260E+00 0.4178E-01 0.1037E+00 0.8349E-01 0.7581E-01 0.0000E+00
0.0000E+00 0.1436E+00 0.1420E-01 0.1130E+00 0.1034E-01 0.9880E-02 0.6096E-01 0.6716E-01 0.6986E-01 0.9058E-01 0.7669E-01 0.6721E-01 0.5871E-01 0.5031E-01 0.2799E-01 0.4255E-01 0.1254E+00 0.4346E-01 0.1030E+00 0.8472E-01 0.7760E-01 0.0000E+00
0.0000E+00 0.1428E+00 0.1396E-01 0.1140E+00 0.1232E-01 0.1232E-01 0.6328E-01 0.6978E-01 0.7165E-01 0.9225E-01 0.7835E-01 0.6968E-01 0.6028E-01 0.5278E-01 0.3038E-01 0.4406E-01 0.1251E+00 0.4387E-01 0.1022E+00 0.8449E-01 0.7776E-01 0.0000E+00
0.0000E+00 0.1418E+00 0.1396E-01 0.1167E+00 0.1419E-01 0.1457E-01 0.6571E-01 0.7224E-01 0.7127E-01 0.9400E-01 0.8031E-01 0.7176E-01 0.6255E-01 0.5546E-01 0.3245E-01 0.4568E-01 0.1249E+00 0.4456E-01 0.1014E+00 0.8585E-01 0.7991E-01 0.0000E+00
0.0000E+00 0.1410E+00 0.1555E-01 0.1190E+00 0.1621E-01 0.1672E-01 0.6818E-01 0.7416E-01 0.7166E-01 0.9559E-01 0.8147E-01 0.7314E-01 0.6382E-01 0.5622E-01 0.3467E-01 0.4706E-01 0.1254E+00 0.4517E-01 0.1032E+00 0.8662E-01 0.7998E-01 0.0000E+00
0.0000E+00 0.1414E+00 0.1749E-01 0.1210E+00 0.1835E-01 0.1877E-01 0.7047E-01 0.7601E-01 0.7219E-01 0.9657E-01 0.8280E-01 0.7486E-01 0.6424E-01 0.5554E-01 0.3497E-01 0.4851E-01 0.1267E+00 0.4617E-01 0.1050E+00 0.8857E-01 0.8076E-01 0.0000E+00
0.0000E+00 0.1420E+00 0.1972E-01 0.1234E+00 0.2072E-01 0.2101E-01 0.7135E-01 0.7680E-01 0.7311E-01 0.9718E-01 0.8482E-01 0.7748E-01 0.6334E-01 0.5482E-01 0.3461E-01 0.4903E-01 0.1280E+00 0.4732E-01 0.1071E+00 0.9075E-01 0.8157E-01 0.0000E+00
0.0000E+00 0.1412E+00 0.2220E-01 0.1249E+00 0.2283E-01 0.2299E-01 0.7161E-01 0.7698E-01 0.7365E-01 0.9722E-01 0.8540E-01 0.7726E-01 0.6251E-01 0.5413E-01 0.3425E-01 0.4869E-01 0.1267E+00 0.4826E-01 0.1085E+00 0.9152E-01 0.8221E-01 0.0000E+00
0.0000E+00 0.1403E+00 0.2707E+00 0.2466E+00 0.1211E+00 0.9628E-01 0.7204E-01 0.1521E+00 0.7442E-01 0.9666E-01 0.8584E-01 0.1416E+00 0.6295E-01 0.5342E-01 0.2058E+00 0.1725E+00 0.1253E+00 0.4760E-01 0.1073E+00 0.9136E-01 0.8231E-01 0.0000E+00
0.0000E+00 0.0000E+00 0.0000E+00 0.0000E+00 0.0000E+00 0.0000E+00 0.0000E+00 0.0000E+00 0.0000E+00 0.0000E+00 0.0000E+00 0.0000E+00 0.0000E+00 0.0000E+00 0.0000E+00 0.0000E+00 0.0000E+00 0.0000E+00 0.0000E+00 0.0000E+00 0.0000E+00 0.0000E+00
