p3_rainD_lowsm_dschg.asc
ncols     22
nrows     62
xllcorner      0.00000000
yllcorner      0.00000000
cellsize      0.50000000
nodata_value -9999
0.0000E+00 0.0000E+00 0.0000E+00 0.0000E+00 0.0000E+00 0.0000E+00 0.0000E+00 0.0000E+00 0.0000E+00 0.0000E+00 0.0000E+00 0.0000E+00 0.0000E+00 0.0000E+00 0.0000E+00 0.0000E+00 0.0000E+00 0.0000E+00 0.0000E+00 0.0000E+00 0.0000E+00 0.0000E+00
0.0000E+00 0.5822E-03 0.1016E-02 0.3296E-03 0.2370E-02 0.8831E-03 0.1665E-02 0.1855E-02 0.7300E-03 0.1354E-03 0.4540E-04 0.5488E-03 0.1514E-02 0.1758E-02 0.1143E-03 0.1677E-02 0.1885E-02 0.1850E-02 0.2371E-02 0.4417E-03 0.6898E-03 0.0000E+00
0.0000E+00 0.6566E-03 0.2040E-02 0.1656E-02 0.1933E-02 0.2565E-02 0.2641E-02 0.1450E-02 0.1663E-02 0.2066E-02 0.1269E-02 0.6882E-03 0.3004E-02 0.2579E-02 0.1555E-02 0.3335E-02 0.4003E-02 0.2983E-02 0.4722E-02 0.2546E-02 0.1271E-02 0.0000E+00
0.0000E+00 0.2004E-02 0.2695E-02 0.3562E-02 0.1743E-02 0.3567E-02 0.3464E-02 0.1276E-02 0.3142E-02 0.4148E-02 0.2533E-02 0.2515E-02 0.4478E-02 0.2149E-02 0.2937E-02 0.5194E-02 0.6104E-02 0.2945E-02 0.7198E-02 0.3943E-02 0.1795E-02 0.0000E+00
0.0000E+00 0.3405E-02 0.4578E-02 0.4799E-02 0.1906E-02 0.3318E-02 0.5576E-02 0.1745E-02 0.4021E-02 0.6001E-02 0.2558E-02 0.4155E-02 0.5658E-02 0.3544E-02 0.4795E-02 0.7290E-02 0.6819E-02 0.5411E-02 0.9675E-02 0.2824E-02 0.2462E-02 0.0000E+00
0.0000E+00 0.4860E-02 0.5974E-02 0.5944E-02 0.3344E-02 0.4480E-02 0.6589E-02 0.2317E-02 0.5120E-02 0.7848E-02 0.4646E-02 0.3373E-02 0.6028E-02 0.4962E-02 0.6425E-02 0.9145E-02 0.7602E-02 0.7473E-02 0.1201E-01 0.3076E-02 0.3354E-02 0.0000E+00
0.0000E+00 0.4156E-02 0.1354E-01 0.5923E-02 0.3639E-02 0.5110E-02 0.7093E-02 0.2522E-02 0.5155E-02 0.6158E-02 0.4392E-02 0.4256E-02 0.5717E-02 0.6013E-02 0.8542E-02 0.1098E-01 0.9224E-02 0.9579E-02 0.1351E-01 0.5194E-02 0.4834E-02 0.0000E+00
0.0000E+00 0.5400E-02 0.1323E-01 0.5280E-04 0.3614E-02 0.5015E-02 0.6188E-02 0.2659E-02 0.5360E-02 0.6600E-02 0.4542E-02 0.4911E-02 0.5395E-02 0.7103E-02 0.9318E-02 0.1233E-01 0.1066E-01 0.1193E-01 0.1397E-01 0.6616E-02 0.5420E-02 0.0000E+00
0.0000E+00 0.5782E-02 0.1187E-01 0.1185E-03 0.3541E-02 0.4732E-02 0.5701E-02 0.2676E-02 0.5602E-02 0.1213E-01 0.4736E-02 0.4552E-02 0.5602E-02 0.1376E-01 0.1090E-01 0.1343E-01 0.1192E-01 0.1398E-01 0.1377E-01 0.6895E-02 0.4948E-02 0.0000E+00
0.0000E+00 0.5825E-02 0.1107E-01 0.9094E-03 0.4227E-02 0.4582E-02 0.5599E-02 0.2816E-02 0.7364E-04 0.1150E-01 0.4378E-02 0.4335E-02 0.6052E-03 0.1452E-01 0.1273E-01 0.1454E-01 0.1234E-01 0.1603E-01 0.1468E-01 0.8544E-02 0.5487E-02 0.0000E+00
0.0000E+00 0.6814E-02 0.1313E-01 0.3271E-02 0.6125E-02 0.4468E-02 0.5246E-02 0.2834E-02 0.1053E-03 0.1097E-01 0.4062E-02 0.4060E-02 0.1799E-03 0.1497E-01 0.2740E-01 0.4285E-01 0.5692E-01 0.1838E-01 0.1459E-01 0.1040E-01 0.6591E-02 0.0000E+00
0.0000E+00 0.6451E-02 0.1434E-01 0.5748E-02 0.5329E-02 0.5012E-02 0.5806E-02 0.2899E-02 0.6147E-03 0.1041E-01 0.3912E-02 0.4838E-02 0.4602E-03 0.6611E-04 0.6699E-04 0.4511E-03 0.5912E-01 0.2054E-01 0.3399E-01 0.1185E-01 0.7838E-02 0.0000E+00
0.0000E+00 0.7696E-02 0.1571E-01 0.3820E-02 0.1124E-01 0.5657E-02 0.7674E-02 0.2826E-02 0.1585E-02 0.9839E-02 0.5540E-02 0.6288E-02 0.4710E-03 0.1337E-03 0.8896E-04 0.6528E-04 0.5937E-01 0.5375E-04 0.3236E-01 0.1294E-01 0.8033E-02 0.0000E+00
0.0000E+00 0.6949E-02 0.1423E-01 0.5089E-04 0.1004E-01 0.6032E-02 0.9777E-02 0.4935E-02 0.2042E-02 0.1041E-01 0.5185E-02 0.8651E-02 0.1017E-02 0.8204E-03 0.1663E-03 0.5725E-03 0.6069E-01 0.1758E-02 0.3361E-01 0.1319E-01 0.8538E-02 0.0000E+00
0.0000E+00 0.8316E-02 0.1334E-01 0.1057E-03 0.9525E-02 0.5914E-02 0.1163E-01 0.3963E-02 0.2016E-02 0.1044E-01 0.5114E-02 0.8081E-02 0.2633E-02 0.2285E-02 0.2063E-02 0.2191E-02 0.6041E-01 0.3212E-02 0.3295E-01 0.1240E-01 0.8523E-02 0.0000E+00
0.0000E+00 0.8160E-02 0.1340E-01 0.5376E-03 0.9042E-02 0.8375E-02 0.1100E-01 0.6052E-02 0.3882E-02 0.1278E-01 0.6216E-02 0.8628E-02 0.4663E-02 0.2653E-02 0.3908E-02 0.3038E-02 0.6025E-01 0.3447E-02 0.3692E-01 0.1422E-01 0.9931E-02 0.0000E+00
0.0000E+00 0.1000E-01 0.1586E-01 0.9916E-03 0.8670E-02 0.1046E-01 0.1046E-01 0.8156E-02 0.5759E-02 0.1462E-01 0.8080E-02 0.1071E-01 0.6755E-02 0.4287E-02 0.4886E-02 0.6672E-02 0.6254E-01 0.2118E-02 0.3930E-01 0.1585E-01 0.1229E-01 0.0000E+00
0.0000E+00 0.1248E-01 0.1606E-01 0.1687E-02 0.8262E-02 0.8768E-02 0.1154E-01 0.8668E-02 0.7851E-02 0.1670E-01 0.9941E-02 0.1307E-01 0.8596E-02 0.5767E-02 0.9810E-04 0.9000E-02 0.6489E-01 0.2117E-02 0.4226E-01 0.1821E-01 0.1359E-01 0.0000E+00
0.0000E+00 0.1443E-01 0.1841E-01 0.1409E-02 0.7771E-02 0.8011E-02 0.1319E-01 0.1029E-01 0.9232E-02 0.1814E-01 0.1156E-01 0.1216E-01 0.1033E-01 0.7394E-02 0.1764E-02 0.1107E-01 0.6683E-01 0.2477E-02 0.4628E-01 0.1694E-01 0.1208E-01 0.0000E+00
0.0000E+00 0.1543E-01 0.2088E-01 0.2427E-02 0.7434E-02 0.8602E-02 0.1566E-01 0.9496E-02 0.8002E-02 0.1906E-01 0.1391E-01 0.1266E-01 0.9201E-02 0.8979E-02 0.2300E-02 0.1099E-01 0.6444E-01 0.2116E-02 0.4967E-01 0.1924E-01 0.1413E-01 0.0000E+00
0.0000E+00 0.1377E-01 0.2317E-01 0.3327E-02 0.7043E-02 0.9184E-02 0.1749E-01 0.1104E-01 0.9843E-02 0.2153E-01 0.1626E-01 0.1425E-01 0.7844E-02 0.9948E-02 0.3504E-02 0.1293E-01 0.6227E-01 0.6320E-04 0.5207E-01 0.2131E-01 0.1586E-01 0.0000E+00
0.0000E+00 0.1396E-01 0.2565E-01 0.2910E-02 0.6569E-02 0.1165E-01 0.1800E-01 0.1169E-01 0.1045E-01 0.2400E-01 0.1788E-01 0.1306E-01 0.7015E-02 0.8445E-02 0.2973E-02 0.1126E-01 0.6051E-01 0.6093E-03 0.5516E-01 0.2264E-01 0.1601E-01 0.0000E+00
0.0000E+00 0.1293E-01 0.2653E-01 0.2866E-02 0.6462E-02 0.1413E-01 0.1656E-01 0.1380E-01 0.1249E-01 0.2622E-01 0.1994E-01 0.1537E-01 0.7026E-02 0.8028E-02 0.2680E-02 0.1029E-01 0.5875E-01 0.4757E-04 0.5491E-01 0.2511E-01 0.1810E-01 0.0000E+00
0.0000E+00 0.1330E-01 0.2898E-01 0.4740E-02 0.6836E-02 0.1660E-01 0.1830E-01 0.1436E-01 0.1390E-01 0.2654E-01 0.1909E-01 0.1696E-01 0.7216E-02 0.8459E-02 0.2521E-02 0.9776E-02 0.5726E-01 0.1977E-02 0.5277E-01 0.2643E-01 0.1967E-01 0.0000E+00
0.0000E+00 0.1332E-01 0.3133E-01 0.6587E-02 0.8060E-02 0.1709E-01 0.1930E-01 0.1398E-01 0.1297E-01 0.2606E-01 0.1746E-01 0.1583E-01 0.7158E-02 0.8003E-02 0.3802E-02 0.9252E-02 0.5601E-01 0.3150E-02 0.5467E-01 0.2537E-01 0.2031E-01 0.0000E+00
0.0000E+00 0.1497E-01 0.3037E-01 0.7981E-02 0.7527E-02 0.1600E-01 0.1893E-01 0.1292E-01 0.1191E-01 0.2709E-01 0.1613E-01 0.1478E-01 0.7026E-02 0.7947E-02 0.4099E-02 0.9492E-02 0.5794E-01 0.4578E-02 0.5701E-01 0.2777E-01 0.2265E-01 0.0000E+00
0.0000E+00 0.1482E-01 0.3119E-01 0.9754E-02 0.9972E-02 0.1668E-01 0.1901E-01 0.1296E-01 0.1421E-01 0.2683E-01 0.1546E-01 0.1461E-01 0.6892E-02 0.8376E-02 0.4526E-02 0.9233E-02 0.5751E-01 0.4069E-02 0.5899E-01 0.2981E-01 0.2298E-01 0.0000E+00
0.0000E+00 0.1715E-01 0.3365E-01 0.1015E-01 0.1055E-01 0.1675E-01 0.1939E-01 0.1361E-01 0.1579E-01 0.2884E-01 0.1730E-01 0.1400E-01 0.6931E-02 0.9144E-02 0.5685E-02 0.1132E-01 0.5992E-01 0.6158E-02 0.5943E-01 0.2818E-01 0.2244E-01 0.0000E+00
0.0000E+00 0.1597E-01 0.3476E-01 0.1169E-01 0.1136E-01 0.1717E-01 0.1985E-01 0.1414E-01 0.1692E-01 0.3039E-01 0.1877E-01 0.1324E-01 0.7093E-02 0.1062E-01 0.6831E-02 0.1326E-01 0.6226E-01 0.8523E-02 0.6187E-01 0.2841E-01 0.2446E-01 0.0000E+00
0.0000E+00 0.1503E-01 0.3598E-01 0.1380E-01 0.1094E-01 0.1593E-01 0.2082E-01 0.1624E-01 0.1812E-01 0.2926E-01 0.2040E-01 0.1287E-01 0.6843E-02 0.9898E-02 0.7028E-02 0.1261E-01 0.6244E-01 0.7842E-02 0.6253E-01 0.2946E-01 0.2364E-01 0.0000E+00
0.0000E+00 0.1458E-01 0.3831E-01 0.1539E-01 0.1302E-01 0.1731E-01 0.2180E-01 0.1713E-01 0.1909E-01 0.2855E-01 0.1937E-01 0.1394E-01 0.6647E-02 0.1005E-01 0.7683E-02 0.1166E-01 0.6027E-01 0.6669E-02 0.6015E-01 0.3099E-01 0.2439E-01 0.0000E+00
0.0000E+00 0.1427E-01 0.4078E-01 0.1457E-01 0.1450E-01 0.1895E-01 0.2388E-01 0.1947E-01 0.1950E-01 0.3028E-01 0.1906E-01 0.1581E-01 0.8747E-02 0.1027E-01 0.8422E-02 0.1111E-01 0.5847E-01 0.6227E-02 0.5789E-01 0.2907E-01 0.2598E-01 0.0000E+00
0.0000E+00 0.1490E-01 0.4038E-01 0.1663E-01 0.1677E-01 0.2079E-01 0.2210E-01 0.2012E-01 0.2048E-01 0.2907E-01 0.2004E-01 0.1767E-01 0.1111E-01 0.1066E-01 0.8105E-02 0.1175E-01 0.5704E-01 0.5863E-02 0.5645E-01 0.2879E-01 0.2761E-01 0.0000E+00
0.0000E+00 0.1512E-01 0.3997E-01 0.1745E-01 0.1883E-01 0.1897E-01 0.2101E-01 0.1852E-01 0.1904E-01 0.2881E-01 0.1955E-01 0.2002E-01 0.1055E-01 0.1233E-01 0.8614E-02 0.1196E-01 0.5685E-01 0.7115E-02 0.5849E-01 0.2843E-01 0.2966E-01 0.0000E+00
0.0000E+00 0.1531E-01 0.3883E-01 0.1750E-01 0.2090E-01 0.1996E-01 0.2340E-01 0.1754E-01 0.1890E-01 0.2782E-01 0.1883E-01 0.2250E-01 0.1056E-01 0.1302E-01 0.8409E-02 0.1303E-01 0.5652E-01 0.9483E-02 0.5634E-01 0.3086E-01 0.3213E-01 0.0000E+00
0.0000E+00 0.1580E-01 0.3922E-01 0.1596E-01 0.2199E-01 0.2179E-01 0.2576E-01 0.1769E-01 0.1829E-01 0.2953E-01 0.2026E-01 0.2207E-01 0.1110E-01 0.1288E-01 0.8788E-02 0.1490E-01 0.5791E-01 0.1179E-01 0.5658E-01 0.3266E-01 0.3045E-01 0.0000E+00
0.0000E+00 0.1534E-01 0.3794E-01 0.1505E-01 0.2231E-01 0.2359E-01 0.2771E-01 0.1934E-01 0.1781E-01 0.3099E-01 0.2209E-01 0.2256E-01 0.1090E-01 0.1316E-01 0.8930E-02 0.1695E-01 0.5875E-01 0.1420E-01 0.5857E-01 0.3162E-01 0.3084E-01 0.0000E+00
0.0000E+00 0.1487E-01 0.3648E-01 0.1452E-01 0.2386E-01 0.2372E-01 0.2626E-01 0.2116E-01 0.1820E-01 0.3231E-01 0.2081E-01 0.2299E-01 0.1065E-01 0.1242E-01 0.8426E-02 0.1526E-01 0.6075E-01 0.1541E-01 0.5697E-01 0.3249E-01 0.3151E-01 0.0000E+00
0.0000E+00 0.1447E-01 0.3506E-01 0.1406E-01 0.2500E-01 0.2552E-01 0.2760E-01 0.2363E-01 0.2055E-01 0.3478E-01 0.2117E-01 0.2155E-01 0.1086E-01 0.1211E-01 0.8015E-02 0.1720E-01 0.6192E-01 0.1684E-01 0.5660E-01 0.3422E-01 0.3175E-01 0.0000E+00
0.0000E+00 0.1405E-01 0.3415E-01 0.1364E-01 0.2303E-01 0.2501E-01 0.2912E-01 0.2544E-01 0.2234E-01 0.3626E-01 0.2045E-01 0.2042E-01 0.1135E-01 0.1376E-01 0.7943E-02 0.1903E-01 0.6331E-01 0.1797E-01 0.5510E-01 0.3458E-01 0.3232E-01 0.0000E+00
0.0000E+00 0.1365E-01 0.4635E-01 0.1323E-01 0.2178E-01 0.2379E-01 0.2858E-01 0.2592E-01 0.2343E-01 0.3695E-01 0.2112E-01 0.2029E-01 0.1172E-01 0.1613E-01 0.7501E-02 0.1742E-01 0.6357E-01 0.1889E-01 0.5367E-01 0.3264E-01 0.3029E-01 0.0000E+00
0.0000E+00 0.5817E-01 0.4551E-01 0.1151E-03 0.2070E-01 0.2301E-01 0.2769E-01 0.2682E-01 0.2383E-01 0.3796E-01 0.2358E-01 0.2033E-01 0.1354E-01 0.1512E-01 0.7003E-02 0.1631E-01 0.6136E-01 0.1720E-01 0.5230E-01 0.3123E-01 0.2899E-01 0.0000E+00
0.0000E+00 0.5713E-01 0.2237E-03 0.3189E-03 0.1991E-01 0.2217E-01 0.2654E-01 0.2609E-01 0.2440E-01 0.3903E-01 0.2605E-01 0.2239E-01 0.1590E-01 0.1415E-01 0.6509E-02 0.1547E-01 0.5944E-01 0.1552E-01 0.5145E-01 0.3100E-01 0.2862E-01 0.0000E+00
0.0000E+00 0.5645E-01 0.2380E-03 0.5092E-03 0.1942E-01 0.2116E-01 0.2594E-01 0.2599E-01 0.2531E-01 0.4031E-01 0.2812E-01 0.2433E-01 0.1748E-01 0.1621E-01 0.6090E-02 0.1467E-01 0.5784E-01 0.1658E-01 0.5163E-01 0.3342E-01 0.3103E-01 0.0000E+00
0.0000E+00 0.5591E-01 0.4239E-03 0.7520E-03 0.1906E-01 0.2068E-01 0.2573E-01 0.2617E-01 0.2648E-01 0.4155E-01 0.3046E-01 0.2667E-01 0.1995E-01 0.1666E-01 0.5652E-02 0.1396E-01 0.5624E-01 0.1576E-01 0.5141E-01 0.3590E-01 0.3338E-01 0.0000E+00
0.0000E+00 0.5532E-01 0.7660E-03 0.7509E-03 0.3750E-01 0.1958E-01 0.2466E-01 0.2576E-01 0.2855E-01 0.4302E-01 0.2905E-01 0.2842E-01 0.2243E-01 0.1772E-01 0.5515E-02 0.1311E-01 0.5466E-01 0.1499E-01 0.5121E-01 0.3838E-01 0.3106E-01 0.0000E+00
0.0000E+00 0.5532E-01 0.7588E-03 0.3613E-01 0.3649E-01 0.5343E-04 0.2351E-01 0.2444E-01 0.3063E-01 0.4397E-01 0.2998E-01 0.2940E-01 0.2491E-01 0.1831E-01 0.5896E-02 0.1373E-01 0.5416E-01 0.1487E-01 0.5055E-01 0.4070E-01 0.3341E-01 0.0000E+00
0.0000E+00 0.5564E-01 0.1823E-02 0.3683E-01 0.4981E-04 0.8421E-04 0.2239E-01 0.2330E-01 0.3210E-01 0.4570E-01 0.3226E-01 0.2934E-01 0.2694E-01 0.1875E-01 0.6936E-02 0.1296E-01 0.5433E-01 0.1512E-01 0.4915E-01 0.4096E-01 0.3460E-01 0.0000E+00
0.0000E+00 0.5559E-01 0.2519E-02 0.3559E-01 0.1062E-03 0.1643E-03 0.2135E-01 0.2479E-01 0.3336E-01 0.4742E-01 0.3332E-01 0.2851E-01 0.2870E-01 0.1991E-01 0.6980E-02 0.1239E-01 0.5577E-01 0.1501E-01 0.4820E-01 0.4045E-01 0.3320E-01 0.0000E+00
0.0000E+00 0.5595E-01 0.4171E-02 0.3795E-01 0.1995E-02 0.8789E-03 0.2050E-01 0.2627E-01 0.3455E-01 0.4875E-01 0.3536E-01 0.2773E-01 0.2957E-01 0.2049E-01 0.6591E-02 0.1207E-01 0.5697E-01 0.1637E-01 0.4771E-01 0.3989E-01 0.3240E-01 0.0000E+00
0.0000E+00 0.5624E-01 0.4189E-02 0.3922E-01 0.3118E-02 0.1582E-02 0.2250E-01 0.2779E-01 0.3493E-01 0.4991E-01 0.3712E-01 0.2780E-01 0.2964E-01 0.2098E-01 0.6255E-02 0.1180E-01 0.5768E-01 0.1822E-01 0.4896E-01 0.4216E-01 0.3438E-01 0.0000E+00
0.0000E+00 0.5665E-01 0.5596E-02 0.4048E-01 0.3783E-02 0.2377E-02 0.2239E-01 0.2833E-01 0.3566E-01 0.4771E-01 0.3945E-01 0.2885E-01 0.3006E-01 0.1950E-01 0.5936E-02 0.1201E-01 0.5796E-01 0.1942E-01 0.5071E-01 0.4363E-01 0.3629E-01 0.0000E+00
0.0000E+00 0.5691E-01 0.6392E-02 0.4101E-01 0.4147E-02 0.3181E-02 0.2268E-01 0.2875E-01 0.3648E-01 0.4902E-01 0.4060E-01 0.2966E-01 0.3087E-01 0.1901E-01 0.6178E-02 0.1225E-01 0.5771E-01 0.1974E-01 0.5006E-01 0.4565E-01 0.3805E-01 0.0000E+00
0.0000E+00 0.5535E-01 0.5600E-02 0.4264E-01 0.5276E-02 0.4610E-02 0.2412E-01 0.3026E-01 0.3727E-01 0.4777E-01 0.4129E-01 0.3081E-01 0.3220E-01 0.2076E-01 0.7690E-02 0.1269E-01 0.5622E-01 0.2070E-01 0.4869E-01 0.4596E-01 0.3917E-01 0.0000E+00
0.0000E+00 0.5396E-01 0.5157E-02 0.4261E-01 0.6533E-02 0.6473E-02 0.2589E-01 0.3260E-01 0.3856E-01 0.4889E-01 0.4227E-01 0.3285E-01 0.3292E-01 0.2283E-01 0.9510E-02 0.1353E-01 0.5540E-01 0.2022E-01 0.4761E-01 0.4464E-01 0.3843E-01 0.0000E+00
0.0000E+00 0.5249E-01 0.4796E-02 0.4503E-01 0.7779E-02 0.8007E-02 0.2793E-01 0.3462E-01 0.3674E-01 0.5006E-01 0.4365E-01 0.3430E-01 0.3468E-01 0.2517E-01 0.1090E-01 0.1450E-01 0.5470E-01 0.2029E-01 0.4642E-01 0.4524E-01 0.4011E-01 0.0000E+00
0.0000E+00 0.5112E-01 0.5583E-02 0.4678E-01 0.9028E-02 0.9468E-02 0.2998E-01 0.3585E-01 0.3602E-01 0.5101E-01 0.4385E-01 0.3484E-01 0.3507E-01 0.2493E-01 0.1252E-01 0.1514E-01 0.5465E-01 0.2011E-01 0.4782E-01 0.4525E-01 0.3924E-01 0.0000E+00
0.0000E+00 0.5105E-01 0.6855E-02 0.4826E-01 0.1054E-01 0.1071E-01 0.3175E-01 0.3699E-01 0.3576E-01 0.5128E-01 0.4454E-01 0.3589E-01 0.3445E-01 0.2299E-01 0.1186E-01 0.1586E-01 0.5532E-01 0.2048E-01 0.4902E-01 0.4671E-01 0.3931E-01 0.0000E+00
0.0000E+00 0.5100E-01 0.8476E-02 0.5027E-01 0.1239E-01 0.1235E-01 0.3151E-01 0.3687E-01 0.3605E-01 0.5101E-01 0.4600E-01 0.3821E-01 0.3225E-01 0.2157E-01 0.1044E-01 0.1556E-01 0.5595E-01 0.2102E-01 0.5074E-01 0.4842E-01 0.3925E-01 0.0000E+00
0.0000E+00 0.4971E-01 0.1042E-01 0.5082E-01 0.1379E-01 0.1356E-01 0.3084E-01 0.3628E-01 0.3573E-01 0.5017E-01 0.4564E-01 0.3648E-01 0.3036E-01 0.2039E-01 0.9609E-02 0.1463E-01 0.5429E-01 0.2129E-01 0.5137E-01 0.4841E-01 0.3893E-01 0.0000E+00
0.0000E+00 0.4835E-01 0.1226E+00 0.1105E+00 0.5999E-01 0.4477E-01 0.3022E-01 0.7189E-01 0.3569E-01 0.4853E-01 0.4512E-01 0.6717E-01 0.2991E-01 0.1918E-01 0.7336E-01 0.6529E-01 0.5243E-01 0.2010E-01 0.4920E-01 0.4714E-01 0.3804E-01 0.0000E+00
0.0000E+00 0.0000E+00 0.0000E+00 0.0000E+00 0.0000E+00 0.0000E+00 0.0000E+00 0.0000E+00 0.0000E+00 0.0000E+00 0.0000E+00 0.0000E+00 0.0000E+00 0.0000E+00 0.0000E+00 0.0000E+00 0.0000E+00 0.0000E+00 0.0000E+00 0.0000E+00 0.0000E+00 0.0000E+00
