p3dem.asc
ncols         22
nrows         62
xllcorner     0.00000000
yllcorner     0.00000000
cellsize      0.5
nodata_value  -9999
2.876 2.876 2.868 2.864 2.858 2.853 2.852 2.849 2.854 2.851 2.841 2.827 2.82 2.817 2.814 2.793 2.78 2.768 2.764 2.766 2.766 2.766
2.866 2.866 2.858 2.854 2.848 2.843 2.842 2.839 2.844 2.841 2.831 2.817 2.81 2.807 2.804 2.783 2.77 2.758 2.754 2.756 2.756 2.756
2.834 2.834 2.827 2.828 2.826 2.823 2.823 2.822 2.821 2.81 2.806 2.797 2.789 2.794 2.774 2.748 2.738 2.734 2.726 2.727 2.73 2.73
2.807 2.807 2.797 2.804 2.795 2.797 2.795 2.795 2.777 2.777 2.77 2.76 2.754 2.764 2.729 2.715 2.705 2.705 2.697 2.696 2.696 2.696
2.775 2.775 2.769 2.769 2.764 2.763 2.76 2.76 2.751 2.745 2.733 2.732 2.718 2.708 2.696 2.685 2.676 2.673 2.674 2.677 2.672 2.672
2.743 2.743 2.733 2.733 2.732 2.736 2.721 2.721 2.719 2.715 2.712 2.708 2.687 2.672 2.661 2.654 2.646 2.645 2.642 2.644 2.642 2.642
2.717 2.717 2.702 2.708 2.707 2.701 2.698 2.696 2.69 2.695 2.686 2.684 2.654 2.647 2.624 2.613 2.607 2.607 2.6 2.595 2.595 2.595
2.679 2.679 2.683 2.703 2.69 2.678 2.678 2.672 2.658 2.653 2.662 2.645 2.62 2.606 2.601 2.595 2.578 2.575 2.568 2.566 2.564 2.564
2.653 2.653 2.662 2.672 2.671 2.668 2.663 2.651 2.637 2.621 2.625 2.617 2.596 2.582 2.578 2.563 2.554 2.548 2.536 2.529 2.528 2.528
2.621 2.621 2.626 2.633 2.654 2.658 2.64 2.63 2.624 2.61 2.597 2.591 2.582 2.561 2.551 2.539 2.526 2.517 2.502 2.494 2.49 2.49
2.598 2.598 2.591 2.58 2.609 2.624 2.609 2.609 2.604 2.587 2.566 2.565 2.569 2.545 2.531 2.511 2.5 2.49 2.474 2.463 2.455 2.455
2.573 2.573 2.569 2.56 2.561 2.577 2.565 2.565 2.549 2.546 2.532 2.53 2.535 2.532 2.516 2.505 2.482 2.471 2.452 2.435 2.427 2.427
2.542 2.542 2.54 2.545 2.536 2.532 2.525 2.53 2.519 2.513 2.506 2.491 2.499 2.515 2.5 2.483 2.458 2.465 2.421 2.403 2.399 2.399
2.517 2.517 2.526 2.541 2.514 2.507 2.501 2.502 2.486 2.483 2.484 2.471 2.46 2.474 2.466 2.435 2.424 2.408 2.382 2.375 2.371 2.371
2.481 2.481 2.489 2.506 2.481 2.469 2.466 2.471 2.457 2.456 2.463 2.456 2.433 2.425 2.42 2.398 2.396 2.376 2.352 2.346 2.34 2.34
2.435 2.435 2.444 2.457 2.455 2.442 2.434 2.433 2.431 2.427 2.43 2.422 2.405 2.389 2.384 2.368 2.361 2.35 2.321 2.312 2.305 2.305
2.391 2.391 2.391 2.403 2.406 2.409 2.41 2.409 2.404 2.405 2.399 2.389 2.381 2.374 2.365 2.341 2.328 2.322 2.289 2.28 2.279 2.279
2.348 2.348 2.349 2.365 2.384 2.392 2.384 2.383 2.381 2.384 2.37 2.359 2.358 2.354 2.355 2.317 2.304 2.289 2.258 2.251 2.25 2.25
2.304 2.304 2.316 2.33 2.352 2.362 2.351 2.348 2.36 2.362 2.342 2.334 2.331 2.32 2.314 2.291 2.276 2.261 2.229 2.219 2.215 2.215
2.268 2.268 2.276 2.297 2.312 2.306 2.296 2.311 2.315 2.307 2.297 2.296 2.302 2.281 2.276 2.274 2.255 2.233 2.195 2.186 2.184 2.184
2.231 2.231 2.244 2.256 2.243 2.25 2.258 2.261 2.258 2.263 2.258 2.268 2.268 2.254 2.253 2.243 2.23 2.212 2.171 2.16 2.156 2.156
2.196 2.196 2.203 2.214 2.191 2.194 2.211 2.216 2.226 2.215 2.216 2.238 2.235 2.224 2.235 2.222 2.201 2.179 2.144 2.13 2.125 2.125
2.151 2.151 2.141 2.156 2.146 2.146 2.152 2.17 2.177 2.17 2.176 2.198 2.205 2.186 2.199 2.194 2.158 2.158 2.11 2.093 2.092 2.092
2.085 2.085 2.081 2.097 2.095 2.102 2.112 2.13 2.135 2.144 2.153 2.139 2.147 2.131 2.144 2.145 2.119 2.112 2.077 2.058 2.061 2.061
2.027 2.027 2.035 2.04 2.054 2.078 2.086 2.095 2.081 2.109 2.115 2.112 2.108 2.088 2.081 2.069 2.069 2.06 2.024 2.02 2.028 2.028
1.996 1.996 1.995 1.995 2.003 2.039 2.038 2.041 2.035 2.046 2.051 2.074 2.079 2.042 2.035 2.028 2.025 2.022 1.989 1.982 1.988 1.988
1.951 1.951 1.954 1.957 1.948 1.975 1.977 1.975 1.977 1.979 1.991 2.015 2.018 1.992 1.984 1.981 1.979 1.982 1.965 1.96 1.952 1.952
1.899 1.899 1.898 1.908 1.897 1.916 1.939 1.932 1.926 1.932 1.938 1.952 1.952 1.944 1.943 1.941 1.933 1.931 1.929 1.932 1.926 1.926
1.855 1.855 1.847 1.851 1.85 1.866 1.877 1.89 1.892 1.888 1.897 1.897 1.901 1.912 1.912 1.9 1.894 1.889 1.882 1.877 1.885 1.885
1.801 1.801 1.795 1.788 1.805 1.83 1.83 1.841 1.849 1.85 1.858 1.859 1.865 1.868 1.87 1.861 1.851 1.855 1.848 1.85 1.855 1.855
1.726 1.726 1.728 1.739 1.749 1.778 1.786 1.802 1.809 1.81 1.817 1.812 1.814 1.819 1.82 1.815 1.829 1.833 1.819 1.821 1.826 1.826
1.682 1.682 1.686 1.693 1.707 1.73 1.749 1.766 1.774 1.775 1.774 1.769 1.772 1.78 1.778 1.784 1.799 1.807 1.79 1.777 1.775 1.775
1.63 1.63 1.634 1.639 1.664 1.691 1.71 1.743 1.743 1.733 1.731 1.73 1.735 1.745 1.744 1.752 1.751 1.752 1.745 1.73 1.723 1.723
1.568 1.568 1.579 1.589 1.614 1.658 1.673 1.702 1.701 1.691 1.689 1.688 1.701 1.709 1.708 1.701 1.701 1.694 1.696 1.686 1.677 1.677
1.509 1.509 1.527 1.545 1.561 1.604 1.616 1.629 1.642 1.649 1.656 1.655 1.671 1.669 1.665 1.663 1.66 1.648 1.644 1.639 1.639 1.639
1.471 1.471 1.489 1.516 1.524 1.548 1.566 1.586 1.59 1.593 1.609 1.619 1.622 1.619 1.621 1.622 1.609 1.606 1.606 1.6 1.611 1.611
1.435 1.435 1.456 1.488 1.489 1.495 1.505 1.536 1.544 1.544 1.563 1.574 1.581 1.585 1.583 1.579 1.569 1.563 1.572 1.567 1.57 1.57
1.39 1.39 1.415 1.442 1.428 1.435 1.453 1.487 1.497 1.496 1.52 1.53 1.545 1.551 1.55 1.538 1.525 1.517 1.521 1.52 1.518 1.518
1.326 1.326 1.361 1.369 1.362 1.39 1.401 1.431 1.437 1.445 1.473 1.481 1.484 1.509 1.493 1.49 1.477 1.479 1.473 1.47 1.466 1.466
1.266 1.266 1.284 1.298 1.315 1.341 1.355 1.378 1.386 1.395 1.425 1.432 1.433 1.452 1.446 1.442 1.427 1.424 1.444 1.441 1.428 1.428
1.222 1.222 1.242 1.268 1.28 1.302 1.311 1.316 1.341 1.341 1.361 1.367 1.375 1.387 1.374 1.377 1.381 1.384 1.407 1.41 1.39 1.39
1.186 1.186 1.216 1.249 1.258 1.271 1.272 1.262 1.29 1.289 1.3 1.303 1.321 1.324 1.329 1.335 1.339 1.352 1.358 1.353 1.346 1.346
1.161 1.161 1.192 1.214 1.22 1.232 1.238 1.218 1.236 1.238 1.25 1.254 1.267 1.275 1.299 1.313 1.306 1.301 1.298 1.302 1.305 1.305
1.118 1.118 1.143 1.16 1.17 1.185 1.195 1.186 1.19 1.189 1.201 1.217 1.228 1.225 1.253 1.264 1.259 1.259 1.254 1.254 1.254 1.254
1.056 1.056 1.076 1.098 1.105 1.134 1.143 1.142 1.147 1.141 1.153 1.158 1.179 1.183 1.194 1.211 1.22 1.221 1.213 1.207 1.213 1.213
1.012 1.012 1.022 1.045 1.06 1.081 1.099 1.11 1.11 1.102 1.113 1.119 1.124 1.124 1.136 1.156 1.163 1.168 1.171 1.168 1.172 1.172
0.987 0.987 0.988 1.003 1.039 1.061 1.069 1.074 1.074 1.069 1.081 1.085 1.097 1.094 1.096 1.102 1.116 1.128 1.13 1.132 1.134 1.134
0.951 0.951 0.959 0.975 1.012 1.039 1.039 1.032 1.031 1.035 1.047 1.05 1.057 1.07 1.065 1.064 1.075 1.09 1.103 1.101 1.104 1.104
0.921 0.921 0.922 0.939 0.962 0.998 0.997 0.992 1.001 1.003 1.018 1.024 1.02 1.03 1.031 1.029 1.041 1.053 1.064 1.066 1.07 1.07
0.888 0.888 0.888 0.899 0.917 0.941 0.948 0.962 0.965 0.965 0.986 0.995 0.988 0.997 1.001 0.998 1 1.009 1.023 1.024 1.032 1.032
0.852 0.852 0.857 0.867 0.877 0.899 0.906 0.928 0.941 0.947 0.949 0.958 0.965 0.973 0.974 0.967 0.964 0.973 0.982 0.985 0.999 0.999
0.82 0.82 0.83 0.842 0.848 0.867 0.877 0.894 0.909 0.918 0.92 0.927 0.943 0.961 0.957 0.941 0.933 0.935 0.942 0.95 0.959 0.959
0.796 0.796 0.802 0.814 0.822 0.845 0.851 0.87 0.877 0.887 0.889 0.891 0.909 0.923 0.907 0.904 0.906 0.91 0.916 0.917 0.917 0.917
0.767 0.767 0.777 0.783 0.789 0.815 0.822 0.833 0.85 0.856 0.854 0.861 0.869 0.871 0.873 0.872 0.879 0.887 0.891 0.896 0.895 0.895
0.744 0.744 0.758 0.758 0.757 0.779 0.784 0.807 0.822 0.827 0.823 0.833 0.835 0.831 0.834 0.835 0.841 0.855 0.852 0.861 0.858 0.858
0.702 0.702 0.72 0.722 0.725 0.746 0.755 0.776 0.789 0.791 0.792 0.793 0.797 0.8 0.801 0.8 0.806 0.819 0.812 0.815 0.815 0.815
0.667 0.667 0.674 0.678 0.686 0.715 0.719 0.748 0.754 0.748 0.756 0.761 0.772 0.776 0.77 0.766 0.774 0.776 0.767 0.782 0.796 0.796
0.619 0.619 0.633 0.636 0.649 0.681 0.683 0.697 0.712 0.71 0.722 0.729 0.746 0.756 0.74 0.737 0.734 0.738 0.741 0.749 0.762 0.762
0.582 0.582 0.584 0.594 0.609 0.637 0.649 0.663 0.674 0.681 0.694 0.696 0.712 0.732 0.714 0.71 0.709 0.71 0.715 0.719 0.725 0.725
0.541 0.541 0.553 0.554 0.565 0.596 0.614 0.63 0.638 0.647 0.658 0.663 0.673 0.68 0.673 0.677 0.688 0.69 0.688 0.688 0.693 0.693
0.501 0.501 0.502 0.513 0.526 0.548 0.577 0.584 0.601 0.606 0.616 0.624 0.637 0.641 0.637 0.648 0.669 0.671 0.674 0.678 0.678 0.678
0.491 0.491 0.492 0.503 0.516 0.538 0.567 0.574 0.591 0.596 0.606 0.614 0.627 0.631 0.627 0.638 0.659 0.661 0.664 0.668 0.668 0.668
