p3vegcover.asc
ncols         22
nrows         62
xllcorner     0.00000000
yllcorner     0.00000000
cellsize      0.5
nodata_value  -9999
0 0 21 62 0 14 0 0 23 50 100 23 0 3 89 0 0 0 0 66 0 0
0 0 21 62 0 14 0 0 23 50 100 23 0 3 89 0 0 0 0 66 0 0
56 56 0 0 72 0 22 78 23 0 23 83 0 20 13 0 0 21 0 0 21 21
0 0 24 0 71 15 29 100 0 0 0 7 0 91 17 0 0 66 0 12 0 0
0 0 0 0 0 52 0 54 2 0 63 0 13 19 11 0 38 0 0 100 5 5
0 0 6 20 0 15 0 0 0 0 0 85 0 0 0 0 32 5 0 68 27 27
72 72 0 53 0 8 0 0 0 100 65 16 0 0 0 0 0 0 0 0 0 0
0 0 53 100 0 0 63 21 0 0 14 0 43 0 21 0 0 0 24 0 0 0
24 24 88 92 7 42 86 0 0 28 0 88 0 0 0 0 0 0 0 18 27 27
44 44 89 23 5 19 0 0 100 100 100 30 0 34 0 0 32 0 0 0 0 0
0 0 0 0 0 52 89 0 100 100 100 100 32 11 52 9 0 0 34 0 0 0
88 88 10 0 92 30 1 0 5 100 90 33 14 93 100 56 0 3 64 0 0 0
0 0 0 100 0 45 0 57 5 100 5 21 96 100 100 100 0 100 61 0 26 26
100 100 100 100 100 48 0 0 47 46 42 0 54 54 100 2 0 0 0 9 0 0
2 2 100 100 100 1 0 99 85 66 22 23 2 12 0 0 52 10 61 18 1 1
63 63 59 69 100 0 48 0 0 0 0 0 0 49 0 0 23 45 0 0 0 0
0 0 0 62 92 0 0 0 0 0 0 0 0 0 0 97 0 0 0 0 0 0
0 0 43 52 100 100 1 22 0 0 0 0 0 0 80 0 0 0 20 0 0 0
0 0 0 100 100 100 0 0 0 3 0 74 0 0 0 0 2 0 0 79 96 96
15 15 0 38 96 44 0 68 88 30 0 34 68 7 24 54 100 0 0 0 0 0
100 100 6 42 100 49 0 0 0 0 0 6 100 0 4 0 100 99 0 6 2 2
16 16 0 100 100 0 41 41 36 0 9 87 100 95 59 99 100 55 0 0 0 0
89 89 18 89 82 0 89 5 1 4 0 0 60 78 100 100 100 92 0 0 0 0
45 45 0 0 58 0 0 0 0 12 48 0 42 0 100 100 100 8 100 0 0 0
62 62 0 0 7 7 16 42 75 28 81 0 5 100 14 100 93 8 0 71 24 24
0 0 60 25 61 18 36 62 58 0 59 74 0 4 20 2 0 0 0 0 0 0
60 60 14 7 0 8 0 42 0 56 14 0 27 10 0 80 48 1 11 0 27 27
0 0 0 43 0 33 0 0 0 0 0 69 22 27 0 0 0 0 26 25 50 50
78 78 17 13 0 0 2 34 0 0 18 82 0 0 0 0 0 2 0 0 0 0
100 100 23 0 69 87 1 0 0 68 0 0 58 63 0 71 38 72 27 0 53 53
72 72 0 0 0 0 0 10 0 59 5 0 51 0 0 98 100 100 100 0 18 18
72 72 0 76 22 0 0 0 21 0 59 0 0 3 0 98 100 100 100 96 0 0
0 0 0 0 2 0 100 28 0 76 0 0 0 9 47 27 100 100 83 60 8 8
0 0 4 30 6 100 100 100 90 53 61 0 26 0 0 20 21 27 8 65 0 0
0 0 62 43 0 33 0 87 27 78 78 0 0 27 40 1 36 0 100 0 0 0
0 0 0 89 24 0 0 47 72 6 19 19 0 18 0 0 0 6 38 14 82 82
25 25 0 54 0 0 2 15 66 0 0 0 0 8 34 1 16 0 0 60 25 25
10 10 0 41 0 45 84 0 23 0 78 0 32 98 100 100 0 13 91 18 34 34
0 0 0 38 7 0 0 0 0 0 0 38 0 62 78 2 0 8 23 11 27 27
0 0 2 44 100 0 0 5 0 0 69 20 0 0 5 0 0 7 96 0 11 11
30 30 10 37 3 28 58 23 0 0 32 0 40 0 100 100 21 3 100 100 100 100
25 25 0 58 0 7 0 0 12 0 0 0 0 81 100 100 96 93 100 100 100 100
56 56 10 0 0 0 0 25 0 0 0 0 0 94 100 100 100 100 56 64 56 56
3 3 97 0 0 96 0 2 1 0 0 3 0 0 100 100 100 7 36 0 1 1
0 0 0 0 0 0 0 0 0 0 0 0 0 42 100 100 100 44 0 0 0 0
0 0 0 100 100 100 99 42 0 0 77 1 0 1 58 98 100 100 0 0 100 100
14 14 91 100 100 100 100 100 0 17 11 0 0 0 0 0 26 0 51 0 0 0
0 0 0 39 100 100 100 99 2 0 1 1 0 0 0 95 1 0 98 0 0 0
0 0 38 100 100 100 100 0 0 0 10 12 0 0 51 53 0 42 0 8 54 54
0 0 0 0 0 3 92 2 1 0 0 21 2 0 54 8 0 8 0 0 70 70
0 0 47 0 0 0 0 0 0 0 0 0 0 0 24 41 0 0 0 0 0 0
0 0 2 0 0 0 0 4 0 91 0 0 0 100 0 0 0 0 0 16 3 3
0 0 32 38 36 0 38 35 0 0 0 14 0 39 17 0 0 36 38 0 0 0
100 100 100 12 0 0 2 0 0 63 0 3 0 11 0 0 46 0 33 2 3 3
100 100 100 22 0 0 0 0 0 0 0 0 24 0 0 0 0 0 0 36 10 10
100 100 100 0 0 0 0 0 88 0 0 0 0 0 0 0 0 1 47 0 0 0
100 100 44 0 0 0 0 0 59 0 0 0 32 8 0 32 0 32 0 0 0 0
0 0 0 0 0 10 0 0 17 0 0 0 61 100 66 19 0 1 0 0 0 0
0 0 0 0 0 0 28 0 0 0 0 0 100 100 100 28 0 0 0 0 21 21
84 84 4 0 0 0 2 0 20 0 0 78 100 100 100 78 22 0 8 0 21 21
74 74 0 10 0 0 0 0 0 50 0 0 58 100 68 73 100 94 38 0 39 39
74 74 0 10 0 0 0 0 0 50 0 0 58 100 68 73 100 94 38 0 39 39
