p4_rainE_highsm_sedtr.asc
ncols     22
nrows     62
xllcorner      0.00000000
yllcorner      0.00000000
cellsize      0.50000000
nodata_value -9999
0.0000E+00 0.0000E+00 0.0000E+00 0.0000E+00 0.0000E+00 0.0000E+00 0.0000E+00 0.0000E+00 0.0000E+00 0.0000E+00 0.0000E+00 0.0000E+00 0.0000E+00 0.0000E+00 0.0000E+00 0.0000E+00 0.0000E+00 0.0000E+00 0.0000E+00 0.0000E+00 0.0000E+00 0.0000E+00
0.0000E+00 0.2548E-05 0.1650E-06 0.8211E-06 0.1969E-04 0.9605E-06 0.1606E-04 0.9344E-04 0.1580E-04 0.3841E-04 0.9243E-09 0.5442E-05 0.1166E-03 0.3003E-04 0.1548E-03 0.2439E-03 0.2600E-03 0.3065E-04 0.4105E-06 0.1213E-04 0.4220E-04 0.0000E+00
0.0000E+00 0.1507E-04 0.7455E-04 0.2054E-05 0.7145E-04 0.1246E-03 0.4842E-04 0.2837E-03 0.7290E-04 0.3237E-03 0.1224E-03 0.9336E-04 0.5027E-03 0.1909E-03 0.7715E-04 0.1602E-03 0.6837E-03 0.5628E-03 0.1889E-04 0.5070E-05 0.3894E-05 0.0000E+00
0.0000E+00 0.6080E-04 0.1366E-03 0.7048E-04 0.6810E-04 0.2324E-03 0.5482E-03 0.3309E-03 0.9330E-05 0.2100E-03 0.1253E-03 0.5514E-06 0.3324E-03 0.9225E-04 0.2655E-04 0.3449E-04 0.7753E-03 0.1790E-04 0.8370E-05 0.5021E-04 0.4858E-05 0.0000E+00
0.0000E+00 0.9781E-04 0.6043E-04 0.1198E-04 0.1688E-05 0.1024E-02 0.4374E-05 0.2838E-03 0.2710E-04 0.1719E-03 0.3310E-03 0.1490E-03 0.9106E-03 0.3281E-03 0.9420E-04 0.3095E-03 0.5868E-03 0.6510E-03 0.2431E-03 0.6933E-04 0.5484E-04 0.0000E+00
0.0000E+00 0.2897E-04 0.7137E-04 0.2783E-04 0.5969E-04 0.4440E-03 0.5146E-06 0.2387E-03 0.3053E-03 0.2377E-03 0.1317E-03 0.3005E-04 0.1211E-02 0.5950E-03 0.1381E-03 0.2338E-05 0.1074E-03 0.4313E-03 0.1298E-02 0.4560E-03 0.2468E-03 0.0000E+00
0.0000E+00 0.7318E-05 0.1685E-03 0.4644E-04 0.5948E-04 0.4640E-03 0.8609E-04 0.6715E-03 0.7268E-03 0.2426E-03 0.2208E-03 0.1519E-03 0.8431E-03 0.4450E-03 0.3762E-03 0.7195E-05 0.4848E-05 0.3580E-03 0.1562E-02 0.2135E-03 0.1264E-03 0.0000E+00
0.0000E+00 0.1031E-04 0.1248E-03 0.3500E-05 0.9611E-05 0.3149E-03 0.6888E-03 0.8865E-03 0.1419E-02 0.3553E-03 0.3493E-05 0.2546E-03 0.7974E-03 0.5889E-03 0.7500E-03 0.1390E-04 0.2007E-04 0.2038E-03 0.1157E-02 0.6930E-04 0.1436E-04 0.0000E+00
0.0000E+00 0.1936E-03 0.8726E-04 0.1803E-05 0.4869E-03 0.8661E-03 0.6822E-03 0.4776E-03 0.6339E-03 0.2194E-04 0.2218E-04 0.2316E-03 0.2028E-02 0.1984E-02 0.1095E-02 0.4532E-04 0.2908E-05 0.1330E-02 0.1141E-02 0.1347E-03 0.3333E-03 0.0000E+00
0.0000E+00 0.1899E-03 0.4804E-03 0.1897E-03 0.5999E-03 0.4360E-03 0.3402E-03 0.4023E-03 0.5431E-03 0.4327E-03 0.2313E-03 0.1183E-03 0.1362E-02 0.4787E-03 0.3646E-03 0.1447E-03 0.1988E-03 0.2947E-02 0.3426E-04 0.1444E-03 0.1242E-02 0.0000E+00
0.0000E+00 0.9489E-04 0.2148E-03 0.2132E-03 0.4686E-03 0.3378E-03 0.4101E-03 0.1089E-02 0.7250E-03 0.2535E-03 0.4826E-03 0.3023E-03 0.1565E-02 0.5081E-03 0.6292E-03 0.2436E-03 0.1108E-03 0.1586E-02 0.5004E-04 0.6958E-04 0.4643E-03 0.0000E+00
0.0000E+00 0.2051E-03 0.3408E-03 0.1953E-03 0.3285E-03 0.2545E-03 0.3958E-03 0.1025E-02 0.6277E-03 0.1576E-03 0.4609E-03 0.1090E-03 0.1313E-02 0.7188E-04 0.3059E-02 0.8321E-03 0.6126E-03 0.1765E-02 0.2861E-03 0.2476E-03 0.5427E-03 0.0000E+00
0.0000E+00 0.1118E-03 0.3701E-03 0.3600E-03 0.1178E-02 0.1028E-03 0.1280E-02 0.1083E-02 0.1987E-02 0.3632E-04 0.6744E-03 0.8551E-04 0.9518E-03 0.5739E-03 0.2259E-02 0.1069E-02 0.8741E-03 0.2288E-02 0.3003E-03 0.1585E-03 0.3471E-03 0.0000E+00
0.0000E+00 0.2339E-03 0.4826E-03 0.6779E-03 0.2403E-02 0.1246E-02 0.3333E-03 0.1028E-03 0.2372E-02 0.2405E-03 0.1007E-02 0.5286E-03 0.1339E-03 0.1633E-03 0.1596E-02 0.3323E-02 0.4484E-03 0.1603E-02 0.8250E-03 0.2837E-03 0.2398E-03 0.0000E+00
0.0000E+00 0.1075E-03 0.5752E-03 0.5123E-03 0.1368E-02 0.8520E-03 0.1292E-02 0.4741E-03 0.1776E-02 0.4639E-03 0.2983E-02 0.7614E-03 0.4052E-04 0.2193E-03 0.9153E-03 0.2770E-02 0.5425E-03 0.1830E-02 0.1853E-02 0.2576E-03 0.3580E-03 0.0000E+00
0.0000E+00 0.1043E-03 0.4772E-03 0.9013E-03 0.1417E-02 0.1372E-02 0.4655E-03 0.1244E-03 0.2191E-02 0.6045E-03 0.1407E-02 0.2323E-03 0.5687E-05 0.1017E-02 0.8104E-03 0.2648E-02 0.3979E-03 0.1679E-02 0.2747E-02 0.8733E-03 0.2918E-03 0.0000E+00
0.0000E+00 0.1813E-04 0.1728E-02 0.1327E-02 0.2325E-02 0.1078E-02 0.9666E-04 0.3469E-03 0.4341E-02 0.1426E-02 0.1392E-02 0.1694E-03 0.5613E-04 0.8929E-04 0.1276E-03 0.2504E-02 0.2698E-02 0.1863E-02 0.2473E-02 0.5104E-03 0.1421E-03 0.0000E+00
0.0000E+00 0.9413E-06 0.8167E-03 0.1350E-02 0.1280E-02 0.9259E-03 0.2235E-03 0.1465E-03 0.2389E-02 0.8292E-03 0.2053E-02 0.9045E-03 0.4762E-03 0.2345E-04 0.1467E-05 0.2352E-03 0.5566E-02 0.1600E-02 0.1918E-02 0.7746E-03 0.1221E-02 0.0000E+00
0.0000E+00 0.1937E-04 0.1097E-03 0.1358E-02 0.1130E-02 0.2483E-02 0.3499E-03 0.1434E-03 0.2351E-02 0.7105E-03 0.2075E-02 0.1217E-02 0.2331E-03 0.4201E-05 0.5711E-05 0.1043E-03 0.4708E-02 0.1825E-02 0.1584E-02 0.4820E-03 0.4390E-03 0.0000E+00
0.0000E+00 0.5632E-03 0.3522E-03 0.1504E-02 0.1033E-02 0.1329E-02 0.4936E-05 0.6188E-04 0.4140E-02 0.1387E-02 0.4500E-02 0.8189E-04 0.1487E-03 0.2165E-04 0.1073E-04 0.2118E-04 0.5687E-02 0.2299E-02 0.1141E-02 0.8947E-03 0.3982E-03 0.0000E+00
0.0000E+00 0.2654E-03 0.3292E-03 0.2695E-02 0.8732E-03 0.8375E-03 0.2377E-04 0.4215E-04 0.2509E-02 0.1310E-02 0.3065E-02 0.1145E-02 0.2578E-04 0.3487E-04 0.4559E-04 0.8199E-05 0.6040E-02 0.1340E-03 0.2254E-03 0.1095E-02 0.6134E-03 0.0000E+00
0.0000E+00 0.2551E-03 0.1275E-03 0.3089E-02 0.1854E-02 0.6803E-03 0.5787E-04 0.1905E-03 0.2222E-02 0.2946E-02 0.2851E-02 0.6625E-03 0.5485E-04 0.1252E-04 0.4349E-03 0.2682E-05 0.7734E-02 0.1367E-02 0.9806E-04 0.1068E-02 0.3795E-03 0.0000E+00
0.0000E+00 0.1919E-03 0.2154E-03 0.3496E-02 0.5145E-03 0.3579E-03 0.4441E-03 0.7975E-03 0.9434E-04 0.2843E-02 0.2485E-02 0.7252E-03 0.7069E-03 0.2814E-03 0.4297E-03 0.1601E-03 0.6119E-02 0.2995E-03 0.3892E-04 0.1148E-02 0.9927E-03 0.0000E+00
0.0000E+00 0.1406E-03 0.3172E-03 0.4803E-02 0.2735E-04 0.1887E-04 0.2641E-02 0.2723E-03 0.1507E-04 0.2588E-02 0.2318E-02 0.6778E-03 0.6285E-03 0.2627E-03 0.1324E-02 0.9370E-04 0.7609E-02 0.1653E-03 0.5531E-03 0.2283E-02 0.2434E-02 0.0000E+00
0.0000E+00 0.3400E-03 0.1632E-03 0.3361E-02 0.3788E-05 0.3187E-04 0.7694E-03 0.1477E-03 0.6828E-04 0.2574E-02 0.2016E-02 0.2222E-02 0.2561E-02 0.2026E-03 0.1186E-02 0.2866E-03 0.8836E-02 0.3657E-03 0.6211E-03 0.6942E-03 0.9505E-03 0.0000E+00
0.0000E+00 0.1473E-03 0.2759E-03 0.3064E-02 0.2884E-02 0.1856E-02 0.2274E-02 0.3244E-03 0.2157E-03 0.2762E-02 0.1067E-03 0.1340E-03 0.2241E-02 0.1599E-03 0.1120E-02 0.4243E-03 0.6827E-02 0.2564E-03 0.3938E-03 0.6821E-03 0.7397E-03 0.0000E+00
0.0000E+00 0.8674E-04 0.2847E-03 0.1684E-03 0.3416E-03 0.7701E-04 0.3019E-02 0.1258E-02 0.1989E-02 0.3569E-02 0.1538E-02 0.3636E-03 0.1656E-02 0.2516E-02 0.2772E-02 0.2763E-03 0.6322E-02 0.3529E-03 0.1200E-02 0.2772E-02 0.2152E-02 0.0000E+00
0.0000E+00 0.1423E-03 0.1766E-03 0.1450E-03 0.5504E-03 0.1046E-02 0.4116E-02 0.4888E-03 0.7043E-03 0.3037E-02 0.7383E-03 0.5651E-03 0.3790E-03 0.5883E-03 0.2759E-02 0.1037E-02 0.7305E-02 0.2249E-03 0.6381E-03 0.1720E-02 0.1209E-02 0.0000E+00
0.0000E+00 0.3132E-03 0.4843E-03 0.1810E-03 0.5427E-03 0.3168E-02 0.2370E-02 0.5570E-03 0.4768E-03 0.2330E-02 0.4998E-03 0.1002E-02 0.3739E-04 0.4697E-04 0.3767E-02 0.1242E-02 0.8194E-02 0.5336E-03 0.8854E-03 0.1266E-02 0.1348E-02 0.0000E+00
0.0000E+00 0.1820E-03 0.2734E-03 0.1704E-03 0.7038E-03 0.2703E-02 0.2600E-03 0.1891E-03 0.3845E-03 0.2047E-02 0.3731E-02 0.1216E-02 0.2399E-04 0.1149E-04 0.4891E-02 0.6073E-03 0.6609E-02 0.3534E-03 0.6166E-03 0.5253E-03 0.8703E-03 0.0000E+00
0.0000E+00 0.1534E-03 0.2156E-03 0.9110E-04 0.3908E-03 0.4210E-02 0.3513E-03 0.7923E-05 0.1177E-02 0.3469E-03 0.2667E-02 0.5161E-03 0.4864E-03 0.2915E-05 0.3668E-02 0.7197E-03 0.6145E-02 0.2148E-03 0.9291E-03 0.5239E-03 0.6309E-03 0.0000E+00
0.0000E+00 0.1098E-03 0.2599E-03 0.6557E-04 0.4964E-03 0.3108E-02 0.1752E-04 0.8385E-05 0.1587E-02 0.1330E-03 0.2475E-02 0.1112E-03 0.7103E-03 0.2352E-02 0.3459E-02 0.9606E-03 0.5683E-02 0.1664E-03 0.1055E-02 0.6038E-03 0.1329E-02 0.0000E+00
0.0000E+00 0.1114E-03 0.4362E-03 0.3862E-04 0.2795E-03 0.3678E-02 0.1239E-03 0.1762E-03 0.5345E-03 0.5044E-03 0.3493E-02 0.5370E-03 0.2107E-02 0.2844E-02 0.7577E-04 0.6166E-03 0.5443E-02 0.1259E-03 0.1033E-02 0.5153E-03 0.1596E-02 0.0000E+00
0.0000E+00 0.1251E-03 0.2663E-03 0.1956E-04 0.4664E-03 0.3168E-02 0.2003E-04 0.6024E-04 0.8641E-04 0.5167E-03 0.2853E-02 0.1397E-03 0.9503E-03 0.4739E-02 0.1103E-02 0.4705E-02 0.4358E-02 0.3922E-04 0.7178E-03 0.8239E-03 0.1577E-02 0.0000E+00
0.0000E+00 0.1476E-03 0.5471E-03 0.5366E-03 0.1700E-02 0.3008E-02 0.1664E-03 0.9459E-03 0.1319E-02 0.1112E-02 0.2345E-02 0.9597E-04 0.8040E-03 0.2928E-02 0.8545E-03 0.4397E-02 0.4035E-03 0.5308E-04 0.4053E-04 0.1705E-05 0.2578E-02 0.0000E+00
0.0000E+00 0.2501E-03 0.6401E-03 0.4586E-03 0.6777E-03 0.2803E-02 0.3530E-03 0.4701E-03 0.3598E-03 0.7475E-03 0.3023E-02 0.7163E-04 0.6417E-03 0.3214E-02 0.4354E-02 0.4237E-02 0.1786E-03 0.3336E-04 0.3353E-04 0.1106E-03 0.3804E-02 0.0000E+00
0.0000E+00 0.7209E-03 0.6352E-03 0.2943E-03 0.4492E-03 0.2536E-02 0.1964E-03 0.7255E-03 0.1067E-02 0.6126E-03 0.2106E-02 0.1446E-03 0.1095E-04 0.3105E-02 0.4354E-02 0.8808E-04 0.4176E-04 0.2483E-04 0.1664E-04 0.1860E-04 0.2342E-02 0.0000E+00
0.0000E+00 0.1034E-02 0.5161E-04 0.4006E-04 0.8841E-03 0.2556E-02 0.3941E-03 0.1060E-02 0.2619E-02 0.3485E-03 0.2562E-02 0.2167E-03 0.2784E-05 0.3882E-02 0.4617E-02 0.9587E-03 0.1227E-03 0.1760E-04 0.2162E-04 0.9458E-04 0.2465E-02 0.0000E+00
0.0000E+00 0.1542E-02 0.2068E-04 0.3775E-04 0.2541E-02 0.4318E-02 0.1022E-02 0.1417E-02 0.2858E-02 0.2902E-03 0.3125E-02 0.3516E-03 0.6608E-04 0.3076E-02 0.8721E-02 0.6712E-03 0.5656E-04 0.2255E-03 0.9382E-04 0.3028E-04 0.2122E-02 0.0000E+00
0.0000E+00 0.1119E-02 0.9646E-05 0.1202E-04 0.1573E-02 0.2747E-02 0.5053E-03 0.6823E-03 0.1959E-02 0.2787E-04 0.2103E-02 0.1721E-02 0.5319E-05 0.9076E-04 0.7811E-02 0.3466E-03 0.8700E-04 0.9848E-04 0.2630E-04 0.8542E-03 0.1312E-02 0.0000E+00
0.0000E+00 0.8791E-03 0.1926E-05 0.1879E-03 0.3950E-02 0.2938E-02 0.3435E-03 0.4974E-03 0.2360E-02 0.2036E-03 0.1599E-02 0.7781E-03 0.1023E-04 0.1638E-04 0.6714E-02 0.5759E-02 0.5091E-02 0.1226E-02 0.4365E-03 0.7777E-03 0.5803E-06 0.0000E+00
0.0000E+00 0.5841E-03 0.3935E-03 0.4032E-03 0.5314E-02 0.3098E-03 0.8251E-03 0.4008E-04 0.1697E-02 0.3117E-03 0.2984E-02 0.9768E-03 0.3746E-05 0.1183E-04 0.9732E-05 0.1264E-03 0.7387E-02 0.6235E-03 0.1266E-02 0.2366E-02 0.2049E-03 0.0000E+00
0.0000E+00 0.2139E-04 0.2730E-03 0.5897E-03 0.4660E-02 0.9441E-03 0.2747E-03 0.5898E-04 0.2536E-02 0.1843E-03 0.4593E-02 0.1190E-02 0.1231E-03 0.1568E-03 0.7151E-04 0.9138E-04 0.7285E-02 0.1042E-02 0.8278E-03 0.2143E-02 0.2097E-02 0.0000E+00
0.0000E+00 0.6803E-04 0.1096E-03 0.1610E-02 0.3302E-02 0.3329E-02 0.3664E-02 0.1026E-02 0.3755E-02 0.7572E-04 0.2506E-02 0.8348E-03 0.2471E-03 0.1544E-03 0.7182E-04 0.3549E-05 0.6121E-02 0.5659E-02 0.1553E-02 0.1502E-02 0.1093E-02 0.0000E+00
0.0000E+00 0.3238E-04 0.3405E-03 0.3451E-02 0.4740E-04 0.4854E-03 0.4069E-02 0.2227E-02 0.2325E-02 0.3735E-04 0.2588E-02 0.8948E-03 0.1227E-03 0.9580E-04 0.1443E-04 0.5244E-05 0.1890E-04 0.4743E-02 0.8154E-03 0.1396E-02 0.7570E-03 0.0000E+00
0.0000E+00 0.9959E-05 0.5165E-04 0.2574E-02 0.3257E-03 0.2442E-03 0.6035E-02 0.2466E-02 0.6428E-04 0.8091E-04 0.2861E-02 0.1610E-02 0.1860E-03 0.5671E-04 0.5688E-05 0.7767E-05 0.3413E-04 0.5356E-02 0.4168E-03 0.2065E-02 0.5322E-03 0.0000E+00
0.0000E+00 0.1266E-05 0.2844E-04 0.1707E-02 0.5427E-04 0.1795E-03 0.6485E-02 0.4807E-03 0.1501E-04 0.2040E-04 0.2212E-02 0.8563E-03 0.9375E-04 0.3200E-04 0.8717E-06 0.2427E-03 0.2806E-05 0.6159E-02 0.8481E-05 0.1524E-02 0.3685E-03 0.0000E+00
0.0000E+00 0.1448E-06 0.8142E-05 0.1384E-02 0.2429E-03 0.4910E-03 0.7313E-02 0.7203E-03 0.7453E-05 0.5276E-04 0.2065E-02 0.1385E-02 0.5984E-04 0.1576E-04 0.1290E-04 0.7265E-04 0.3489E-04 0.6861E-02 0.4750E-05 0.2620E-02 0.7883E-03 0.0000E+00
0.0000E+00 0.9303E-05 0.1354E-04 0.1246E-02 0.2308E-03 0.1916E-03 0.6062E-02 0.3922E-03 0.5897E-04 0.1395E-04 0.1814E-02 0.1037E-02 0.2802E-03 0.2237E-04 0.7087E-06 0.1294E-04 0.7045E-03 0.5783E-02 0.3240E-03 0.2263E-02 0.3426E-03 0.0000E+00
0.0000E+00 0.3720E-03 0.2669E-03 0.1337E-02 0.1455E-03 0.6061E-02 0.6659E-02 0.2773E-03 0.4282E-05 0.7779E-05 0.1802E-02 0.8802E-03 0.1174E-03 0.7135E-04 0.1565E-03 0.4896E-05 0.3972E-03 0.4809E-02 0.1705E-02 0.1713E-02 0.1089E-03 0.0000E+00
0.0000E+00 0.8211E-04 0.1671E-03 0.1190E-02 0.1746E-03 0.5987E-02 0.7333E-03 0.1991E-03 0.6963E-04 0.8773E-04 0.1962E-02 0.2101E-02 0.1906E-03 0.1805E-03 0.1259E-03 0.3729E-02 0.3994E-02 0.4610E-02 0.1060E-02 0.7424E-04 0.2334E-03 0.0000E+00
0.0000E+00 0.4098E-04 0.6453E-04 0.6043E-02 0.5368E-02 0.5385E-02 0.3690E-03 0.1587E-04 0.1055E-04 0.7963E-05 0.1447E-02 0.2022E-02 0.3066E-03 0.3719E-04 0.3499E-02 0.4510E-02 0.6658E-05 0.1628E-03 0.9663E-04 0.1519E-06 0.9695E-04 0.0000E+00
0.0000E+00 0.7313E-04 0.5378E-02 0.5666E-02 0.3532E-03 0.7429E-04 0.1952E-03 0.3764E-04 0.1163E-04 0.5596E-04 0.1333E-02 0.2768E-02 0.1172E-03 0.1582E-03 0.4165E-02 0.2074E-03 0.3838E-06 0.3967E-04 0.7464E-04 0.5232E-05 0.4484E-04 0.0000E+00
0.0000E+00 0.4661E-02 0.4924E-02 0.1272E-04 0.2879E-03 0.3503E-03 0.7497E-03 0.7311E-05 0.3411E-05 0.2411E-03 0.1272E-03 0.2978E-02 0.3578E-03 0.6128E-04 0.3593E-02 0.4884E-04 0.1502E-04 0.4208E-05 0.5937E-04 0.9331E-04 0.1320E-03 0.0000E+00
0.0000E+00 0.4762E-02 0.5516E-04 0.1228E-03 0.2525E-03 0.5503E-04 0.2417E-03 0.2031E-03 0.2429E-03 0.7786E-04 0.1390E-04 0.2624E-02 0.3299E-03 0.3994E-03 0.3456E-02 0.2187E-04 0.2713E-04 0.1948E-04 0.2777E-03 0.1431E-04 0.1078E-03 0.0000E+00
0.0000E+00 0.4294E-02 0.1834E-03 0.1726E-03 0.2949E-03 0.3358E-03 0.3408E-03 0.1192E-03 0.1104E-03 0.4775E-04 0.6682E-04 0.2124E-02 0.3091E-03 0.1677E-03 0.3056E-02 0.2975E-03 0.1490E-03 0.2177E-05 0.1149E-03 0.8097E-05 0.6927E-04 0.0000E+00
0.0000E+00 0.4578E-02 0.6209E-04 0.1059E-03 0.1980E-03 0.7342E-03 0.8902E-03 0.4679E-03 0.6357E-04 0.1694E-03 0.1703E-03 0.2203E-02 0.2543E-02 0.2181E-02 0.2570E-02 0.4050E-04 0.2097E-03 0.4092E-03 0.1459E-03 0.4875E-04 0.8146E-04 0.0000E+00
0.0000E+00 0.3950E-02 0.2749E-04 0.1181E-03 0.1351E-03 0.6563E-03 0.1300E-02 0.3417E-03 0.8333E-05 0.1244E-02 0.1112E-02 0.2654E-02 0.2179E-02 0.2110E-03 0.6031E-04 0.8501E-04 0.1669E-03 0.1084E-03 0.9567E-05 0.2662E-03 0.1446E-03 0.0000E+00
0.0000E+00 0.2786E-02 0.1826E-02 0.1508E-02 0.4091E-04 0.5364E-03 0.2405E-02 0.7663E-03 0.1147E-03 0.1893E-02 0.1189E-02 0.1855E-02 0.2897E-02 0.5695E-04 0.3526E-04 0.1453E-02 0.7061E-04 0.2581E-04 0.7430E-04 0.1668E-03 0.9310E-04 0.0000E+00
0.0000E+00 0.6424E-06 0.1073E-05 0.1250E-02 0.1182E-03 0.5671E-03 0.2901E-02 0.7423E-03 0.4409E-04 0.1449E-02 0.7619E-03 0.1574E-02 0.2245E-02 0.1599E-04 0.3297E-05 0.6077E-03 0.1175E-03 0.1100E-03 0.2396E-04 0.5586E-04 0.5374E-05 0.0000E+00
0.0000E+00 0.3218E-05 0.1670E-04 0.1031E-02 0.1266E-03 0.4394E-03 0.2058E-02 0.3239E-03 0.6254E-06 0.1005E-02 0.6421E-03 0.1380E-02 0.1902E-02 0.7414E-06 0.2388E-05 0.4682E-03 0.9058E-05 0.1478E-04 0.9190E-05 0.1455E-04 0.9225E-06 0.0000E+00
0.0000E+00 0.0000E+00 0.0000E+00 0.0000E+00 0.0000E+00 0.0000E+00 0.0000E+00 0.0000E+00 0.0000E+00 0.0000E+00 0.0000E+00 0.0000E+00 0.0000E+00 0.0000E+00 0.0000E+00 0.0000E+00 0.0000E+00 0.0000E+00 0.0000E+00 0.0000E+00 0.0000E+00 0.0000E+00
