p4_rainA_highsm_sedtr.asc
ncols     22
nrows     62
xllcorner      0.00000000
yllcorner      0.00000000
cellsize      0.50000000
nodata_value -9999
0.0000E+00 0.0000E+00 0.0000E+00 0.0000E+00 0.0000E+00 0.0000E+00 0.0000E+00 0.0000E+00 0.0000E+00 0.0000E+00 0.0000E+00 0.0000E+00 0.0000E+00 0.0000E+00 0.0000E+00 0.0000E+00 0.0000E+00 0.0000E+00 0.0000E+00 0.0000E+00 0.0000E+00 0.0000E+00
0.0000E+00 0.3244E+00 0.5024E+00 0.2765E+00 0.3738E+00 0.2819E+00 0.3336E+00 0.4543E+00 0.2109E+00 0.3648E+00 0.6277E-01 0.1994E+00 0.4232E+00 0.3575E+00 0.4896E+00 0.5752E+00 0.5247E+00 0.3771E+00 0.2498E+00 0.3577E+00 0.4160E+00 0.0000E+00
0.0000E+00 0.4539E+00 0.9414E+00 0.3237E+00 0.3631E+00 0.7070E+00 0.7616E+00 0.8117E+00 0.3899E+00 0.7042E+00 0.4105E+00 0.4369E+00 0.9872E+00 0.6918E+00 0.7228E+00 0.7509E+00 0.1273E+01 0.7756E+00 0.4970E+00 0.7118E+00 0.3947E+00 0.0000E+00
0.0000E+00 0.8288E+00 0.1177E+01 0.6439E+00 0.2452E+00 0.4802E+00 0.9619E+00 0.1414E+01 0.3302E+00 0.8747E+00 0.4473E+00 0.6669E-01 0.1040E+01 0.6516E+00 0.7154E+00 0.5622E+00 0.1300E+01 0.1426E+00 0.1356E+00 0.7765E+00 0.4179E+00 0.0000E+00
0.0000E+00 0.1158E+01 0.1302E+01 0.7767E+00 0.1858E+00 0.8992E+00 0.9442E-01 0.1175E+01 0.5075E+00 0.9358E+00 0.7322E+00 0.3701E+00 0.1148E+01 0.8957E+00 0.9120E+00 0.7678E+00 0.1612E+01 0.1458E+01 0.1012E+01 0.1014E+01 0.5044E+00 0.0000E+00
0.0000E+00 0.1235E+01 0.2045E+01 0.1110E+01 0.4872E+00 0.9017E+00 0.1320E+00 0.1059E+01 0.7805E+00 0.1035E+01 0.7248E+00 0.3197E+00 0.1182E+01 0.1084E+01 0.9610E+00 0.8959E-01 0.3170E+00 0.1411E+01 0.2437E+01 0.5620E+00 0.4812E+00 0.0000E+00
0.0000E+00 0.1100E+01 0.2132E+01 0.4157E+00 0.3753E+00 0.1038E+01 0.4443E+00 0.1283E+01 0.1065E+01 0.1104E+01 0.9373E+00 0.1077E+01 0.1943E+01 0.1139E+01 0.1133E+01 0.1038E+00 0.9636E-01 0.1070E+00 0.2205E+01 0.3864E+00 0.4226E+00 0.0000E+00
0.0000E+00 0.1069E+01 0.1961E+01 0.1331E+00 0.3386E+00 0.9653E+00 0.8550E+00 0.1453E+01 0.2075E+01 0.1199E+01 0.1246E+00 0.4516E+00 0.1761E+01 0.1203E+01 0.1295E+01 0.1830E+00 0.1796E+00 0.2558E+00 0.2358E+01 0.5174E+00 0.3213E+00 0.0000E+00
0.0000E+00 0.1316E+01 0.1798E+01 0.1618E+00 0.7871E+00 0.1233E+01 0.1138E+01 0.1193E+01 0.1875E+01 0.2097E+00 0.2172E+00 0.4948E+00 0.1747E+01 0.1465E+01 0.1437E+01 0.3526E+00 0.2003E+00 0.2208E+01 0.2175E+01 0.3704E+00 0.4786E+00 0.0000E+00
0.0000E+00 0.1498E+01 0.1850E+01 0.6259E+00 0.1027E+01 0.1166E+01 0.9431E+00 0.1187E+01 0.1663E+01 0.5342E+00 0.6224E+00 0.4730E+00 0.1681E+01 0.1149E+01 0.1193E+01 0.5952E+00 0.5621E+00 0.2200E+01 0.3204E+00 0.3831E+00 0.8751E+00 0.0000E+00
0.0000E+00 0.1274E+01 0.1735E+01 0.8826E+00 0.1124E+01 0.1183E+01 0.1064E+01 0.1382E+01 0.1553E+01 0.6406E+00 0.1234E+01 0.7257E+00 0.2528E+01 0.1162E+01 0.1219E+01 0.6256E+00 0.6218E+00 0.2081E+01 0.4565E+00 0.3635E+00 0.8048E+00 0.0000E+00
0.0000E+00 0.1422E+01 0.1718E+01 0.1030E+01 0.1075E+01 0.1136E+01 0.1785E+01 0.1446E+01 0.1418E+01 0.3740E+00 0.1235E+01 0.6724E+00 0.2275E+01 0.8804E-01 0.1533E+01 0.9004E+00 0.8597E+00 0.2050E+01 0.7590E+00 0.4149E+00 0.1006E+01 0.0000E+00
0.0000E+00 0.1338E+01 0.1687E+01 0.1182E+01 0.1243E+01 0.3467E+00 0.1727E+01 0.2642E+01 0.3656E+01 0.3073E+00 0.1291E+01 0.6681E+00 0.2048E+01 0.1914E+01 0.3027E+01 0.1115E+01 0.1026E+01 0.2076E+01 0.7882E+00 0.4325E+00 0.9807E+00 0.0000E+00
0.0000E+00 0.1405E+01 0.1662E+01 0.1338E+01 0.1487E+01 0.8423E+00 0.4872E+00 0.3467E+00 0.3558E+01 0.4398E+00 0.1879E+01 0.8438E+00 0.8055E-01 0.8488E-01 0.2781E+01 0.3433E+01 0.9738E+00 0.1999E+01 0.1654E+01 0.1113E+01 0.9104E+00 0.0000E+00
0.0000E+00 0.1290E+01 0.2646E+01 0.1383E+01 0.1474E+01 0.8845E+00 0.9425E+00 0.5513E+00 0.3280E+01 0.6324E+00 0.1844E+01 0.6563E+00 0.3251E+00 0.5556E+00 0.1003E+01 0.3756E+01 0.9908E+00 0.2001E+01 0.1574E+01 0.9665E-01 0.1070E+00 0.0000E+00
0.0000E+00 0.3861E+00 0.2622E+01 0.1478E+01 0.1487E+01 0.1150E+01 0.7621E+00 0.4257E+00 0.3130E+01 0.6735E+00 0.1672E+01 0.5385E+00 0.3208E+00 0.6995E+00 0.6594E+00 0.3371E+01 0.8453E+00 0.1975E+01 0.1587E+01 0.5934E+00 0.3273E+00 0.0000E+00
0.0000E+00 0.3352E+00 0.2516E+01 0.1587E+01 0.1613E+01 0.1268E+01 0.5918E+00 0.7170E+00 0.3130E+01 0.9858E+00 0.1614E+01 0.1258E+01 0.9839E+00 0.8743E+00 0.7464E+00 0.3575E+01 0.3965E+01 0.1993E+01 0.1574E+01 0.7173E+00 0.3639E+00 0.0000E+00
0.0000E+00 0.2735E+00 0.2343E+01 0.3434E+01 0.1548E+01 0.1758E+01 0.7883E+00 0.7379E+00 0.3462E+01 0.1066E+01 0.2807E+01 0.1679E+01 0.5756E+00 0.5433E+00 0.3416E+00 0.4494E+00 0.3959E+01 0.1985E+01 0.1523E+01 0.7625E+00 0.9016E+00 0.0000E+00
0.0000E+00 0.4618E+00 0.4712E+00 0.3385E+01 0.1497E+01 0.2066E+01 0.5302E+00 0.4081E+00 0.3244E+01 0.1071E+01 0.3283E+01 0.1179E+01 0.6800E+00 0.1160E+00 0.1001E+00 0.4529E+00 0.3733E+01 0.1993E+01 0.1456E+01 0.7713E+00 0.8930E+00 0.0000E+00
0.0000E+00 0.8115E+00 0.5315E+00 0.3101E+01 0.1452E+01 0.1784E+01 0.9636E-01 0.3449E+00 0.3208E+01 0.1118E+01 0.2991E+01 0.2564E+00 0.5479E+00 0.1307E+00 0.1123E+00 0.4764E+00 0.6436E+01 0.3028E+01 0.1296E+01 0.8049E+00 0.9067E+00 0.0000E+00
0.0000E+00 0.8785E+00 0.7305E+00 0.2978E+01 0.1330E+01 0.1518E+01 0.2286E+00 0.5130E+00 0.3373E+01 0.1188E+01 0.2718E+01 0.8785E+00 0.4969E+00 0.2231E+00 0.2213E+00 0.4280E+00 0.6257E+01 0.8054E-01 0.9291E-01 0.9891E+00 0.1037E+01 0.0000E+00
0.0000E+00 0.1027E+01 0.6372E+00 0.5010E+01 0.2430E+01 0.1377E+01 0.6565E-01 0.3862E+00 0.3184E+01 0.3960E+01 0.2551E+01 0.9097E+00 0.4597E+00 0.2675E+00 0.6653E+00 0.4127E+00 0.6150E+01 0.6967E+00 0.1668E+00 0.1111E+01 0.1057E+01 0.0000E+00
0.0000E+00 0.1082E+01 0.8137E+00 0.5000E+01 0.6125E+00 0.1070E+00 0.5149E+00 0.6794E+00 0.2993E+00 0.3728E+01 0.2410E+01 0.9436E+00 0.5402E+00 0.5470E+00 0.8730E+00 0.6874E+00 0.6273E+01 0.5768E+00 0.2417E+00 0.1220E+01 0.1200E+01 0.0000E+00
0.0000E+00 0.1098E+01 0.9470E+00 0.4741E+01 0.1588E+00 0.1263E+00 0.1098E+01 0.5557E+00 0.2518E+00 0.3565E+01 0.2309E+01 0.9610E+00 0.8037E+00 0.7348E+00 0.1164E+01 0.6159E+00 0.6163E+01 0.4100E+00 0.6812E+00 0.1423E+01 0.1456E+01 0.0000E+00
0.0000E+00 0.1215E+01 0.9362E+00 0.4518E+01 0.1925E+00 0.2167E+00 0.8818E+00 0.4990E+00 0.4546E+00 0.3502E+01 0.2198E+01 0.2740E+01 0.3082E+01 0.8046E+00 0.1329E+01 0.7963E+00 0.6148E+01 0.5914E+00 0.9445E+00 0.1185E+01 0.1344E+01 0.0000E+00
0.0000E+00 0.1004E+01 0.1005E+01 0.4363E+01 0.4314E+01 0.4161E+01 0.4595E+01 0.7248E+00 0.6164E+00 0.3457E+01 0.3471E+00 0.8054E-01 0.2822E+01 0.7983E+00 0.1910E+01 0.8243E+00 0.6077E+01 0.8472E+00 0.9371E+00 0.1182E+01 0.1330E+01 0.0000E+00
0.0000E+00 0.9749E+00 0.9685E+00 0.3995E+00 0.5682E+00 0.3432E+00 0.4385E+01 0.1076E+01 0.1071E+01 0.3444E+01 0.8970E+00 0.5070E+00 0.2580E+01 0.2505E+01 0.3881E+01 0.8999E+00 0.6007E+01 0.1119E+01 0.1247E+01 0.1508E+01 0.1541E+01 0.0000E+00
0.0000E+00 0.1096E+01 0.8327E+00 0.5663E+00 0.9318E+00 0.7894E+00 0.4297E+01 0.9271E+00 0.9545E+00 0.3389E+01 0.9753E+00 0.1180E+01 0.6499E+00 0.6871E+00 0.3946E+01 0.1106E+01 0.6003E+01 0.1191E+01 0.1234E+01 0.1511E+01 0.1459E+01 0.0000E+00
0.0000E+00 0.1316E+01 0.1132E+01 0.7356E+00 0.1124E+01 0.4517E+01 0.4074E+01 0.1037E+01 0.9619E+00 0.3254E+01 0.9918E+00 0.1230E+01 0.2448E+00 0.2846E+00 0.3679E+01 0.1136E+01 0.5999E+01 0.1365E+01 0.1366E+01 0.1347E+01 0.1572E+01 0.0000E+00
0.0000E+00 0.1278E+01 0.1025E+01 0.7912E+00 0.1312E+01 0.4612E+01 0.5247E+00 0.8450E+00 0.1452E+01 0.3174E+01 0.3961E+01 0.1391E+01 0.3383E+00 0.3064E+00 0.3523E+01 0.1080E+01 0.5931E+01 0.1426E+01 0.1373E+01 0.1145E+01 0.1391E+01 0.0000E+00
0.0000E+00 0.1351E+01 0.1038E+01 0.8505E+00 0.1126E+01 0.4779E+01 0.5709E+00 0.2090E+00 0.1492E+01 0.6781E+00 0.3804E+01 0.1167E+01 0.1377E+01 0.3263E+00 0.3368E+01 0.1126E+01 0.5890E+01 0.1351E+01 0.2140E+01 0.1168E+01 0.1277E+01 0.0000E+00
0.0000E+00 0.1383E+01 0.1124E+01 0.7773E+00 0.1230E+01 0.4636E+01 0.1981E+00 0.2370E+00 0.1485E+01 0.7868E+00 0.3717E+01 0.3674E+00 0.1545E+01 0.3219E+01 0.3249E+01 0.1229E+01 0.5885E+01 0.1322E+01 0.1992E+01 0.6598E+00 0.1445E+01 0.0000E+00
0.0000E+00 0.1458E+01 0.1254E+01 0.7260E+00 0.1145E+01 0.4485E+01 0.6306E+00 0.5876E+00 0.1610E+01 0.1937E+01 0.3697E+01 0.6356E+00 0.1624E+01 0.3129E+01 0.3498E+00 0.1059E+01 0.5887E+01 0.1330E+01 0.1938E+01 0.9194E+00 0.1557E+01 0.0000E+00
0.0000E+00 0.1548E+01 0.1120E+01 0.6346E+00 0.1180E+01 0.4375E+01 0.5139E+00 0.2874E+00 0.3553E+00 0.1740E+01 0.3611E+01 0.5613E+00 0.1418E+01 0.3165E+01 0.8701E+00 0.6761E+01 0.5825E+01 0.1144E+01 0.2936E+01 0.3173E+01 0.4072E+01 0.0000E+00
0.0000E+00 0.1623E+01 0.1322E+01 0.1041E+01 0.1440E+01 0.4307E+01 0.7471E+00 0.8248E+00 0.8717E+00 0.1758E+01 0.3505E+01 0.7217E+00 0.1851E+01 0.3087E+01 0.1131E+01 0.7122E+01 0.7267E+00 0.3738E+00 0.4463E+00 0.3424E+00 0.3925E+01 0.0000E+00
0.0000E+00 0.1741E+01 0.1496E+01 0.1195E+01 0.1208E+01 0.4251E+01 0.9874E+00 0.9455E+00 0.7427E+00 0.1637E+01 0.3535E+01 0.3631E+00 0.1829E+01 0.4510E+01 0.7680E+01 0.7015E+01 0.9578E+00 0.4615E+00 0.5854E+00 0.9097E+00 0.3765E+01 0.0000E+00
0.0000E+00 0.3483E+01 0.2246E+01 0.1232E+01 0.1060E+01 0.4189E+01 0.1050E+01 0.1123E+01 0.2018E+01 0.1521E+01 0.3443E+01 0.5034E+00 0.2792E+00 0.4395E+01 0.7401E+01 0.4692E+00 0.8195E+00 0.1350E+00 0.1233E+00 0.7276E+00 0.3536E+01 0.0000E+00
0.0000E+00 0.3642E+01 0.6228E+00 0.3788E+00 0.1281E+01 0.4160E+01 0.1204E+01 0.1332E+01 0.2377E+01 0.5561E+00 0.3452E+01 0.7207E+00 0.1442E+00 0.4298E+01 0.7220E+01 0.9408E+00 0.9454E+00 0.2083E+00 0.2040E+00 0.8482E+00 0.3383E+01 0.0000E+00
0.0000E+00 0.3500E+01 0.1381E+00 0.2062E+00 0.1710E+01 0.4310E+01 0.1529E+01 0.1587E+01 0.2333E+01 0.4180E+00 0.3540E+01 0.8810E+00 0.3146E+00 0.4281E+01 0.1117E+02 0.1126E+01 0.9720E+00 0.5737E+00 0.3488E+00 0.7985E+00 0.3254E+01 0.0000E+00
0.0000E+00 0.3271E+01 0.1985E+00 0.2491E+00 0.1764E+01 0.4250E+01 0.1554E+01 0.1425E+01 0.2145E+01 0.3736E+00 0.3457E+01 0.1237E+01 0.9826E-01 0.4878E+00 0.1097E+02 0.9778E+00 0.1072E+01 0.7958E+00 0.4016E+00 0.3474E+01 0.3048E+01 0.0000E+00
0.0000E+00 0.3035E+01 0.2135E+00 0.5936E+00 0.6557E+01 0.5327E+01 0.1404E+01 0.1348E+01 0.3547E+01 0.6856E+00 0.3333E+01 0.1110E+01 0.1669E+00 0.4421E+00 0.1078E+02 0.1081E+02 0.1122E+02 0.1013E+01 0.5609E+00 0.3342E+01 0.2823E-01 0.0000E+00
0.0000E+00 0.2827E+01 0.2767E+01 0.8477E+00 0.6273E+01 0.6139E+00 0.6989E+00 0.3788E+00 0.3287E+01 0.4912E+00 0.3414E+01 0.1172E+01 0.2878E+00 0.7614E+00 0.4205E+00 0.4876E+00 0.1124E+02 0.8850E+00 0.1020E+01 0.3379E+01 0.4630E+00 0.0000E+00
0.0000E+00 0.3350E+00 0.2744E+01 0.3142E+01 0.6055E+01 0.1079E+01 0.5922E+00 0.3088E+00 0.3025E+01 0.5717E+00 0.3592E+01 0.1359E+01 0.7413E+00 0.1283E+01 0.4813E+00 0.7027E+00 0.1131E+02 0.1058E+01 0.1180E+01 0.3423E+01 0.1114E+01 0.0000E+00
0.0000E+00 0.5579E+00 0.4712E+00 0.3260E+01 0.5817E+01 0.6367E+01 0.6527E+01 0.8749E+00 0.2970E+01 0.6743E+00 0.3944E+01 0.1358E+01 0.9876E+00 0.1414E+01 0.4233E+00 0.9243E-01 0.1103E+02 0.1142E+02 0.1431E+01 0.3315E+01 0.1288E+01 0.0000E+00
0.0000E+00 0.5060E+00 0.6886E+00 0.3457E+01 0.4321E+00 0.5759E+00 0.6570E+01 0.3178E+01 0.2785E+01 0.5023E+00 0.3831E+01 0.1410E+01 0.1070E+01 0.1436E+01 0.3881E+00 0.9826E-01 0.4249E+00 0.1113E+02 0.1292E+01 0.3295E+01 0.1437E+01 0.0000E+00
0.0000E+00 0.4767E+00 0.5691E+00 0.3300E+01 0.7404E+00 0.4149E+00 0.9118E+01 0.3179E+01 0.4182E+00 0.7047E+00 0.3848E+01 0.1570E+01 0.1234E+01 0.1418E+01 0.5100E+00 0.1625E+00 0.3679E+00 0.1079E+02 0.1103E+01 0.4103E+01 0.1350E+01 0.0000E+00
0.0000E+00 0.4682E+00 0.6859E+00 0.3098E+01 0.6296E+00 0.6073E+00 0.9011E+01 0.5994E+00 0.1604E+00 0.6658E+00 0.3767E+01 0.1379E+01 0.1215E+01 0.1360E+01 0.4111E+00 0.8354E+00 0.3135E+00 0.1061E+02 0.4351E+00 0.4120E+01 0.1146E+01 0.0000E+00
0.0000E+00 0.4492E+00 0.9049E+00 0.3653E+01 0.1019E+01 0.1052E+01 0.8644E+01 0.6440E+00 0.1216E+00 0.8025E+00 0.3728E+01 0.2362E+01 0.1173E+01 0.1344E+01 0.4671E+00 0.1026E+01 0.1060E+01 0.1045E+02 0.9636E-01 0.3974E+01 0.1195E+01 0.0000E+00
0.0000E+00 0.4205E+00 0.4227E+00 0.3489E+01 0.1277E+01 0.8554E+00 0.9347E+01 0.1388E+01 0.9216E+00 0.7308E+00 0.3708E+01 0.3337E+01 0.1497E+01 0.1370E+01 0.3405E+00 0.4671E+00 0.1287E+01 0.1024E+02 0.6697E+00 0.3844E+01 0.1157E+01 0.0000E+00
0.0000E+00 0.1079E+01 0.9985E+00 0.3451E+01 0.1387E+01 0.9640E+01 0.9404E+01 0.7703E+00 0.4001E+00 0.3863E+00 0.3969E+01 0.3001E+01 0.5012E+00 0.6539E+00 0.9240E+00 0.3976E+00 0.1234E+01 0.9990E+01 0.4095E+01 0.3758E+01 0.9635E+00 0.0000E+00
0.0000E+00 0.1256E+01 0.1302E+01 0.3399E+01 0.1455E+01 0.9906E+01 0.1039E+01 0.5797E+00 0.6100E+00 0.6560E+00 0.4005E+01 0.2950E+01 0.9150E+00 0.1133E+01 0.1126E+01 0.1350E+02 0.1357E+02 0.1317E+02 0.4045E+01 0.4671E+00 0.1010E+01 0.0000E+00
0.0000E+00 0.1242E+01 0.1338E+01 0.1330E+02 0.1047E+02 0.9783E+01 0.6439E+00 0.1218E+00 0.5174E+00 0.6109E+00 0.3899E+01 0.2896E+01 0.1347E+01 0.9378E+00 0.1349E+02 0.1356E+02 0.4489E+00 0.5186E+00 0.7018E+00 0.1398E+00 0.8466E+00 0.0000E+00
0.0000E+00 0.1370E+01 0.1382E+02 0.1332E+02 0.8432E+00 0.4523E+00 0.5621E+00 0.2534E+00 0.5217E+00 0.8503E+00 0.3917E+01 0.6458E+01 0.1252E+01 0.1276E+01 0.1309E+02 0.6321E+00 0.6943E-01 0.5787E+00 0.1017E+01 0.9826E-01 0.7717E+00 0.0000E+00
0.0000E+00 0.1422E+02 0.1359E+02 0.3711E+00 0.5775E+00 0.5712E+00 0.1096E+01 0.2696E+00 0.5192E+00 0.1259E+01 0.7155E+00 0.6278E+01 0.1445E+01 0.1294E+01 0.1288E+02 0.5501E+00 0.1203E+00 0.9442E-01 0.9919E+00 0.4432E+00 0.8281E+00 0.0000E+00
0.0000E+00 0.1393E+02 0.6005E+00 0.5933E+00 0.8301E+00 0.4980E+00 0.9378E+00 0.6549E+00 0.8443E+00 0.1184E+01 0.5660E+00 0.6111E+01 0.1500E+01 0.1518E+01 0.1267E+02 0.5529E+00 0.2073E+00 0.1578E+00 0.1250E+01 0.4034E+00 0.8247E+00 0.0000E+00
0.0000E+00 0.1374E+02 0.1069E+01 0.8579E+00 0.9957E+00 0.8422E+00 0.1153E+01 0.7762E+00 0.9010E+00 0.1160E+01 0.7118E+00 0.6003E+01 0.1487E+01 0.1400E+01 0.1233E+02 0.8667E+00 0.4987E+00 0.1891E+00 0.1010E+01 0.5483E+00 0.7547E+00 0.0000E+00
0.0000E+00 0.1366E+02 0.1300E+01 0.9952E+00 0.8245E+00 0.1106E+01 0.2216E+01 0.1427E+01 0.8123E+00 0.1212E+01 0.8239E+00 0.5882E+01 0.1154E+02 0.1070E+02 0.1084E+02 0.6873E+00 0.1550E+01 0.1408E+01 0.1182E+01 0.1337E+01 0.9164E+00 0.0000E+00
0.0000E+00 0.1356E+02 0.1406E+01 0.1194E+01 0.7353E+00 0.1145E+01 0.2369E+01 0.5557E+00 0.2315E+00 0.1546E+01 0.1159E+01 0.5826E+01 0.1131E+02 0.6390E+00 0.3618E+00 0.7318E+00 0.1519E+01 0.3672E+00 0.4205E+00 0.1490E+01 0.5431E+00 0.0000E+00
0.0000E+00 0.1269E+02 0.1214E+02 0.1237E+02 0.6724E+00 0.1262E+01 0.2660E+01 0.6966E+00 0.5142E+00 0.1981E+01 0.1359E+01 0.5747E+01 0.1120E+02 0.5442E+00 0.5237E+00 0.2083E+01 0.1526E+01 0.4577E+00 0.7254E+00 0.1861E+01 0.8841E+00 0.0000E+00
0.0000E+00 0.2511E+00 0.3209E+00 0.1182E+02 0.3874E+00 0.1341E+01 0.2939E+01 0.7423E+00 0.2578E+00 0.2060E+01 0.1384E+01 0.5701E+01 0.1074E+02 0.4958E+00 0.4196E+00 0.1823E+01 0.6595E+00 0.6869E+00 0.9042E+00 0.1788E+01 0.3842E+00 0.0000E+00
0.0000E+00 0.3615E+00 0.6820E+00 0.1130E+02 0.6115E+00 0.1356E+01 0.2890E+01 0.5148E+00 0.6943E-01 0.1920E+01 0.1388E+01 0.5631E+01 0.1031E+02 0.3686E+00 0.5590E+00 0.2395E+01 0.4951E+00 0.8045E+00 0.9037E+00 0.1520E+01 0.2928E+00 0.0000E+00
0.0000E+00 0.0000E+00 0.0000E+00 0.0000E+00 0.0000E+00 0.0000E+00 0.0000E+00 0.0000E+00 0.0000E+00 0.0000E+00 0.0000E+00 0.0000E+00 0.0000E+00 0.0000E+00 0.0000E+00 0.0000E+00 0.0000E+00 0.0000E+00 0.0000E+00 0.0000E+00 0.0000E+00 0.0000E+00
