p4_rainE_medsm_dschg.asc
ncols     22
nrows     62
xllcorner      0.00000000
yllcorner      0.00000000
cellsize      0.50000000
nodata_value -9999
0.0000E+00 0.0000E+00 0.0000E+00 0.0000E+00 0.0000E+00 0.0000E+00 0.0000E+00 0.0000E+00 0.0000E+00 0.0000E+00 0.0000E+00 0.0000E+00 0.0000E+00 0.0000E+00 0.0000E+00 0.0000E+00 0.0000E+00 0.0000E+00 0.0000E+00 0.0000E+00 0.0000E+00 0.0000E+00
0.0000E+00 0.1074E-03 0.2469E-03 0.1101E-03 0.2232E-03 0.5326E-03 0.3070E-03 0.3615E-03 0.8800E-04 0.1955E-03 0.7326E-03 0.4345E-03 0.6021E-03 0.3503E-03 0.4526E-03 0.3677E-03 0.6036E-03 0.2747E-03 0.1077E-03 0.1663E-03 0.1473E-03 0.0000E+00
0.0000E+00 0.1023E-03 0.3875E-03 0.1016E-03 0.6906E-03 0.1836E-02 0.2654E-02 0.6640E-03 0.1932E-03 0.6653E-03 0.1169E-02 0.7530E-03 0.2233E-02 0.7042E-03 0.3920E-03 0.1382E-02 0.3379E-02 0.1525E-02 0.8622E-04 0.2872E-03 0.3423E-03 0.0000E+00
0.0000E+00 0.1619E-03 0.4059E-03 0.8184E-04 0.1355E-03 0.7889E-03 0.3180E-02 0.3744E-02 0.2097E-03 0.1183E-02 0.9161E-03 0.5967E-04 0.3362E-02 0.7748E-03 0.4403E-03 0.2490E-02 0.4488E-02 0.9338E-04 0.7961E-04 0.1157E-02 0.1322E-02 0.0000E+00
0.0000E+00 0.2158E-03 0.3822E-03 0.1945E-03 0.1364E-03 0.1526E-02 0.6950E-04 0.3503E-02 0.9329E-03 0.1896E-02 0.1540E-02 0.3687E-03 0.4106E-02 0.1856E-02 0.7294E-03 0.3121E-02 0.8615E-02 0.8142E-02 0.2958E-02 0.3125E-02 0.2257E-02 0.0000E+00
0.0000E+00 0.3066E-03 0.1250E-02 0.1053E-02 0.7299E-03 0.1618E-02 0.1214E-03 0.3271E-02 0.1587E-02 0.2861E-02 0.1705E-02 0.2922E-03 0.5354E-02 0.3107E-02 0.1000E-02 0.7889E-04 0.5507E-03 0.9922E-02 0.1512E-01 0.1005E-02 0.8282E-03 0.0000E+00
0.0000E+00 0.4227E-03 0.1728E-02 0.2869E-03 0.2069E-03 0.2306E-02 0.9192E-03 0.3612E-02 0.2185E-02 0.3385E-02 0.1483E-02 0.1975E-02 0.8364E-02 0.4285E-02 0.2084E-02 0.7493E-04 0.6780E-04 0.1251E-02 0.1637E-01 0.4157E-03 0.4559E-03 0.0000E+00
0.0000E+00 0.6549E-03 0.1865E-02 0.9406E-04 0.2354E-03 0.2427E-02 0.1592E-02 0.3830E-02 0.6646E-02 0.3800E-02 0.8972E-04 0.1195E-02 0.9399E-02 0.5535E-02 0.3334E-02 0.1358E-03 0.1045E-03 0.9197E-03 0.1964E-01 0.2023E-02 0.3595E-03 0.0000E+00
0.0000E+00 0.6954E-03 0.2166E-02 0.1342E-03 0.1215E-02 0.2990E-02 0.1523E-02 0.3292E-02 0.7611E-02 0.1619E-03 0.1573E-03 0.9610E-03 0.9764E-02 0.5301E-02 0.4371E-02 0.3805E-03 0.1501E-03 0.2152E-01 0.2016E-01 0.1251E-02 0.1251E-02 0.0000E+00
0.0000E+00 0.6536E-03 0.2485E-02 0.4932E-03 0.2287E-02 0.3240E-02 0.1351E-02 0.3812E-02 0.8394E-02 0.9299E-03 0.3902E-03 0.8130E-03 0.1029E-01 0.4454E-02 0.5619E-02 0.1631E-02 0.1129E-02 0.2196E-01 0.9615E-04 0.7285E-03 0.1658E-02 0.0000E+00
0.0000E+00 0.6536E-03 0.2771E-02 0.9154E-03 0.3278E-02 0.4427E-02 0.2537E-02 0.4634E-02 0.7836E-02 0.1336E-02 0.2716E-02 0.1803E-02 0.1722E-01 0.5689E-02 0.6775E-02 0.2881E-02 0.2380E-02 0.2120E-01 0.3151E-03 0.5827E-03 0.1507E-02 0.0000E+00
0.0000E+00 0.8898E-03 0.3248E-02 0.1404E-02 0.4490E-02 0.5607E-02 0.9059E-02 0.5646E-02 0.7096E-02 0.5822E-03 0.3966E-02 0.3053E-02 0.1847E-01 0.1251E-02 0.7617E-02 0.3790E-02 0.3184E-02 0.2201E-01 0.1510E-02 0.1829E-02 0.2752E-02 0.0000E+00
0.0000E+00 0.1149E-02 0.3892E-02 0.2126E-02 0.5670E-02 0.1192E-02 0.1007E-01 0.1687E-01 0.2509E-01 0.3770E-03 0.4995E-02 0.4147E-02 0.1972E-01 0.2221E-01 0.3077E-01 0.4300E-02 0.3540E-02 0.2267E-01 0.2761E-02 0.3079E-02 0.4002E-02 0.0000E+00
0.0000E+00 0.1828E-02 0.4846E-02 0.3204E-02 0.6662E-02 0.2443E-02 0.1251E-02 0.1193E-02 0.2753E-01 0.1625E-02 0.1289E-01 0.6647E-02 0.1251E-02 0.1251E-02 0.3326E-01 0.3881E-01 0.3570E-02 0.2138E-01 0.1358E-01 0.9576E-02 0.5251E-02 0.0000E+00
0.0000E+00 0.2549E-02 0.8213E-02 0.4268E-02 0.7911E-02 0.3694E-02 0.2436E-02 0.1197E-02 0.2878E-01 0.2875E-02 0.1404E-01 0.1090E-02 0.6935E-04 0.3237E-03 0.1523E-02 0.4157E-01 0.4815E-02 0.2226E-01 0.1435E-01 0.1251E-02 0.1251E-02 0.0000E+00
0.0000E+00 0.7833E-03 0.9677E-02 0.5456E-02 0.9161E-02 0.4945E-02 0.1718E-02 0.6858E-03 0.3003E-01 0.4126E-02 0.1497E-01 0.6383E-03 0.1119E-03 0.8718E-03 0.1199E-02 0.4239E-01 0.3969E-02 0.2350E-01 0.1560E-01 0.2143E-02 0.9950E-03 0.0000E+00
0.0000E+00 0.6105E-04 0.1052E-01 0.6499E-02 0.1041E-01 0.6194E-02 0.1873E-02 0.1164E-02 0.2925E-01 0.5130E-02 0.1622E-01 0.2948E-02 0.1069E-02 0.9316E-03 0.2516E-02 0.4615E-01 0.4987E-01 0.2366E-01 0.1655E-01 0.2505E-02 0.8737E-03 0.0000E+00
0.0000E+00 0.1073E-03 0.1155E-01 0.1822E-01 0.1130E-01 0.1028E-01 0.3122E-02 0.2413E-02 0.3019E-01 0.6308E-02 0.2203E-01 0.4865E-02 0.9657E-03 0.1192E-03 0.6787E-04 0.1083E-02 0.5163E-01 0.2357E-01 0.1730E-01 0.3753E-02 0.2120E-02 0.0000E+00
0.0000E+00 0.6962E-03 0.3608E-03 0.1950E-01 0.1255E-01 0.1240E-01 0.8739E-03 0.8796E-03 0.3104E-01 0.7558E-02 0.2464E-01 0.1363E-02 0.1688E-03 0.4722E-04 0.7151E-04 0.1322E-03 0.5072E-01 0.2455E-01 0.1855E-01 0.5003E-02 0.2604E-02 0.0000E+00
0.0000E+00 0.9551E-03 0.4627E-03 0.2075E-01 0.1379E-01 0.1225E-01 0.7578E-04 0.5184E-03 0.3194E-01 0.8808E-02 0.2589E-01 0.1713E-03 0.9020E-04 0.4580E-04 0.6851E-04 0.2337E-03 0.9372E-01 0.4559E-01 0.1980E-01 0.6253E-02 0.3853E-02 0.0000E+00
0.0000E+00 0.9388E-03 0.7758E-03 0.2191E-01 0.1493E-01 0.1348E-01 0.1326E-02 0.1972E-02 0.3370E-01 0.9961E-02 0.2714E-01 0.1422E-02 0.1230E-03 0.1171E-03 0.1507E-03 0.2459E-03 0.9485E-01 0.1251E-02 0.1251E-02 0.7141E-02 0.4999E-02 0.0000E+00
0.0000E+00 0.1814E-02 0.8009E-03 0.5077E-01 0.2993E-01 0.1473E-01 0.1251E-02 0.2501E-02 0.3493E-01 0.4614E-01 0.2783E-01 0.2673E-02 0.1373E-02 0.1655E-03 0.1347E-02 0.2842E-03 0.9604E-01 0.2353E-02 0.6901E-03 0.8316E-02 0.5920E-02 0.0000E+00
0.0000E+00 0.2554E-02 0.1992E-02 0.5227E-01 0.7808E-03 0.1251E-02 0.2502E-02 0.2188E-02 0.3256E-03 0.4738E-01 0.2907E-01 0.3923E-02 0.2624E-02 0.1416E-02 0.2411E-02 0.1157E-02 0.1009E+00 0.3602E-02 0.8664E-03 0.9163E-02 0.6957E-02 0.0000E+00
0.0000E+00 0.3184E-02 0.2822E-02 0.5306E-01 0.9272E-04 0.6002E-04 0.3024E-02 0.1671E-02 0.2581E-03 0.4863E-01 0.3032E-01 0.5173E-02 0.3658E-02 0.2597E-02 0.3371E-02 0.8134E-03 0.1018E+00 0.1018E-02 0.1994E-02 0.1017E-01 0.7801E-02 0.0000E+00
0.0000E+00 0.3123E-02 0.3533E-02 0.5292E-01 0.1453E-03 0.1272E-03 0.2351E-02 0.1741E-02 0.1316E-02 0.4657E-01 0.3157E-01 0.3799E-01 0.4288E-01 0.3848E-02 0.4430E-02 0.1293E-02 0.1009E+00 0.8348E-03 0.2631E-02 0.1105E-01 0.8082E-02 0.0000E+00
0.0000E+00 0.2630E-02 0.3905E-02 0.5243E-01 0.5351E-01 0.5453E-01 0.5800E-01 0.2989E-02 0.2566E-02 0.4577E-01 0.1251E-02 0.1251E-02 0.4473E-01 0.5097E-02 0.1078E-01 0.2543E-02 0.1021E+00 0.9780E-03 0.2566E-02 0.1053E-01 0.8697E-02 0.0000E+00
0.0000E+00 0.2389E-02 0.2574E-02 0.3088E-03 0.6132E-03 0.9136E-03 0.5889E-01 0.3923E-02 0.3817E-02 0.4696E-01 0.2303E-02 0.7319E-03 0.4509E-01 0.4633E-01 0.5836E-01 0.3723E-02 0.1019E+00 0.1188E-02 0.3332E-02 0.1055E-01 0.8963E-02 0.0000E+00
0.0000E+00 0.2156E-02 0.2142E-02 0.5970E-03 0.1124E-02 0.1600E-02 0.5980E-01 0.3446E-02 0.3356E-02 0.4811E-01 0.3086E-02 0.1847E-02 0.3547E-03 0.4914E-03 0.5834E-01 0.4906E-02 0.1017E+00 0.1963E-02 0.4582E-02 0.1178E-01 0.8594E-02 0.0000E+00
0.0000E+00 0.1892E-02 0.2090E-02 0.9697E-03 0.2102E-02 0.6215E-01 0.6103E-01 0.4682E-02 0.4063E-02 0.4936E-01 0.4335E-02 0.3097E-02 0.8382E-04 0.7761E-04 0.5649E-01 0.6157E-02 0.1029E+00 0.2436E-02 0.4711E-02 0.1056E-01 0.8383E-02 0.0000E+00
0.0000E+00 0.1702E-02 0.1841E-02 0.1091E-02 0.2425E-02 0.6228E-01 0.6175E-03 0.5274E-02 0.9812E-02 0.5049E-01 0.5310E-01 0.4281E-02 0.1782E-03 0.1305E-03 0.5668E-01 0.7322E-02 0.1036E+00 0.2798E-02 0.4604E-02 0.1090E-01 0.7927E-02 0.0000E+00
0.0000E+00 0.1787E-02 0.2114E-02 0.1632E-02 0.2239E-02 0.6333E-01 0.5931E-03 0.7410E-04 0.1014E-01 0.2766E-03 0.5073E-01 0.5037E-02 0.5987E-02 0.2064E-03 0.5590E-01 0.7342E-02 0.1040E+00 0.2577E-02 0.1361E-01 0.1021E-01 0.8198E-02 0.0000E+00
0.0000E+00 0.1726E-02 0.2486E-02 0.1629E-02 0.3312E-02 0.6321E-01 0.1045E-03 0.1262E-03 0.9333E-02 0.3575E-03 0.4866E-01 0.1018E-02 0.8184E-02 0.5855E-01 0.5710E-01 0.6694E-02 0.1026E+00 0.2321E-02 0.1295E-01 0.6881E-03 0.8988E-02 0.0000E+00
0.0000E+00 0.1521E-02 0.2843E-02 0.1629E-02 0.4495E-02 0.6325E-01 0.1315E-03 0.9928E-03 0.1066E-01 0.1032E-01 0.4940E-01 0.6999E-03 0.8778E-02 0.5966E-01 0.6499E-03 0.5899E-02 0.1017E+00 0.2184E-02 0.1232E-01 0.1628E-02 0.1017E-01 0.0000E+00
0.0000E+00 0.1406E-02 0.2541E-02 0.1334E-02 0.5588E-02 0.6308E-01 0.1768E-03 0.4050E-03 0.8229E-03 0.9989E-02 0.5036E-01 0.6008E-03 0.8143E-02 0.6051E-01 0.1736E-02 0.1058E+00 0.1017E+00 0.2953E-02 0.1518E-01 0.1796E-01 0.2856E-01 0.0000E+00
0.0000E+00 0.1251E-02 0.2568E-02 0.1918E-02 0.5566E-02 0.6316E-01 0.8649E-03 0.1604E-02 0.1696E-02 0.1072E-01 0.5065E-01 0.1108E-02 0.9526E-02 0.5756E-01 0.1933E-02 0.1060E+00 0.1367E-02 0.4469E-03 0.1928E-03 0.7261E-04 0.2962E-01 0.0000E+00
0.0000E+00 0.1348E-02 0.2633E-02 0.1948E-02 0.4767E-02 0.6354E-01 0.1496E-02 0.2557E-02 0.1522E-02 0.1173E-01 0.5062E-01 0.6917E-03 0.1098E-01 0.6951E-01 0.1031E+00 0.1039E+00 0.1545E-03 0.7725E-04 0.6618E-04 0.1298E-03 0.2887E-01 0.0000E+00
0.0000E+00 0.5757E-02 0.4525E-02 0.2244E-02 0.4356E-02 0.6398E-01 0.1788E-02 0.3281E-02 0.1350E-01 0.1228E-01 0.4989E-01 0.3763E-03 0.2720E-03 0.7103E-01 0.1042E+00 0.3170E-03 0.2034E-03 0.7760E-04 0.7618E-04 0.1681E-03 0.2733E-01 0.0000E+00
0.0000E+00 0.5807E-02 0.3582E-03 0.3408E-03 0.4871E-02 0.6442E-01 0.2217E-02 0.3342E-02 0.1354E-01 0.6832E-03 0.5101E-01 0.1571E-02 0.1542E-03 0.7159E-01 0.1054E+00 0.1568E-02 0.3868E-03 0.1404E-03 0.1386E-03 0.3567E-03 0.2849E-01 0.0000E+00
0.0000E+00 0.5419E-02 0.8254E-04 0.8310E-04 0.5225E-02 0.6269E-01 0.2010E-02 0.3051E-02 0.1290E-01 0.2239E-03 0.4967E-01 0.2632E-02 0.4132E-03 0.7157E-01 0.1776E+00 0.1583E-02 0.6877E-03 0.1391E-02 0.1389E-02 0.4967E-03 0.2947E-01 0.0000E+00
0.0000E+00 0.5337E-02 0.1222E-03 0.1467E-03 0.5840E-02 0.6096E-01 0.2784E-02 0.3199E-02 0.1329E-01 0.4180E-03 0.4897E-01 0.3574E-02 0.4040E-05 0.2027E-03 0.1773E+00 0.1538E-02 0.1564E-02 0.4461E-02 0.2304E-02 0.3122E-01 0.3025E-01 0.0000E+00
0.0000E+00 0.5255E-02 0.1574E-03 0.9899E-03 0.7170E-01 0.6539E-01 0.3618E-02 0.3982E-02 0.1912E-01 0.1269E-02 0.4984E-01 0.3179E-02 0.7734E-04 0.2330E-03 0.1778E+00 0.1793E+00 0.1797E+00 0.5642E-02 0.9312E-03 0.3090E-01 0.1249E-02 0.0000E+00
0.0000E+00 0.4797E-02 0.5844E-02 0.2046E-02 0.7216E-01 0.3719E-03 0.8894E-03 0.3570E-03 0.2036E-01 0.4321E-03 0.5108E-01 0.4415E-02 0.1429E-03 0.4299E-03 0.9514E-04 0.3772E-03 0.1769E+00 0.4752E-02 0.1907E-02 0.3139E-01 0.7892E-03 0.0000E+00
0.0000E+00 0.3452E-03 0.7073E-02 0.1004E-01 0.7238E-01 0.1148E-02 0.5365E-03 0.1404E-03 0.2135E-01 0.5251E-03 0.5218E-01 0.5392E-02 0.2544E-03 0.7410E-03 0.2299E-03 0.7643E-04 0.1776E+00 0.5860E-02 0.2411E-02 0.2954E-01 0.1591E-02 0.0000E+00
0.0000E+00 0.9792E-04 0.3712E-03 0.9983E-02 0.7238E-01 0.7294E-01 0.7237E-01 0.6783E-03 0.2053E-01 0.1109E-02 0.5453E-01 0.6641E-02 0.9501E-03 0.7388E-03 0.1817E-03 0.6105E-04 0.1786E+00 0.1857E+00 0.3660E-02 0.2763E-01 0.1644E-02 0.0000E+00
0.0000E+00 0.1521E-03 0.1604E-03 0.9531E-02 0.2458E-03 0.9866E-03 0.7452E-01 0.2094E-01 0.1909E-01 0.1194E-03 0.5538E-01 0.7662E-02 0.1114E-02 0.7445E-03 0.2117E-03 0.6362E-04 0.1344E-03 0.1870E+00 0.4910E-02 0.2602E-01 0.1475E-02 0.0000E+00
0.0000E+00 0.1970E-03 0.2036E-03 0.8880E-02 0.1741E-03 0.2898E-03 0.9832E-01 0.2255E-01 0.3646E-03 0.1748E-03 0.5290E-01 0.7209E-02 0.1042E-02 0.7955E-03 0.2374E-03 0.1206E-03 0.7634E-04 0.1860E+00 0.4861E-02 0.3176E-01 0.1341E-02 0.0000E+00
0.0000E+00 0.3330E-03 0.8750E-03 0.8718E-02 0.2266E-03 0.4675E-03 0.1002E+00 0.7903E-03 0.9463E-04 0.2862E-03 0.5017E-01 0.6524E-02 0.8998E-03 0.9359E-03 0.2106E-03 0.9901E-03 0.1294E-03 0.1826E+00 0.7371E-04 0.3267E-01 0.1137E-02 0.0000E+00
0.0000E+00 0.3485E-03 0.1258E-02 0.9811E-02 0.4855E-03 0.7636E-03 0.1011E+00 0.1091E-02 0.8671E-04 0.8047E-03 0.5069E-01 0.7982E-02 0.8830E-03 0.9144E-03 0.7633E-04 0.1911E-02 0.2621E-02 0.1826E+00 0.6892E-04 0.3342E-01 0.2380E-02 0.0000E+00
0.0000E+00 0.9764E-04 0.1098E-03 0.9225E-02 0.6522E-03 0.6537E-03 0.1048E+00 0.3005E-02 0.9653E-03 0.9646E-03 0.5073E-01 0.1001E-01 0.1338E-02 0.7525E-03 0.6396E-04 0.6993E-04 0.2378E-02 0.1825E+00 0.4345E-03 0.3427E-01 0.3426E-02 0.0000E+00
0.0000E+00 0.1740E-03 0.1800E-03 0.8505E-02 0.9515E-03 0.1055E+00 0.1060E+00 0.6926E-03 0.7912E-04 0.1158E-03 0.4976E-01 0.1008E-01 0.3028E-03 0.8274E-04 0.1247E-03 0.1115E-03 0.2431E-02 0.1836E+00 0.3389E-01 0.3229E-01 0.4341E-02 0.0000E+00
0.0000E+00 0.2404E-03 0.2814E-03 0.7767E-02 0.1621E-02 0.1048E+00 0.9215E-03 0.2617E-03 0.8301E-04 0.8660E-04 0.4788E-01 0.9585E-02 0.3196E-03 0.1490E-03 0.1752E-03 0.2148E+00 0.2183E+00 0.2181E+00 0.3460E-01 0.2561E-03 0.4741E-02 0.0000E+00
0.0000E+00 0.3788E-03 0.4197E-03 0.1124E+00 0.1061E+00 0.1049E+00 0.3564E-03 0.5369E-04 0.1443E-03 0.1433E-03 0.4539E-01 0.9706E-02 0.3363E-03 0.1867E-03 0.2089E+00 0.2125E+00 0.4970E-04 0.3679E-03 0.1081E-03 0.5277E-04 0.3705E-02 0.0000E+00
0.0000E+00 0.5521E-03 0.1124E+00 0.1128E+00 0.7581E-03 0.3085E-03 0.3037E-03 0.9868E-04 0.1829E-03 0.1876E-03 0.4302E-01 0.5285E-01 0.4403E-03 0.3130E-03 0.2091E+00 0.2384E-03 0.6909E-04 0.6604E-03 0.6673E-03 0.6698E-04 0.3057E-02 0.0000E+00
0.0000E+00 0.1073E+00 0.1096E+00 0.1727E-03 0.4482E-03 0.2215E-03 0.6117E-03 0.1510E-03 0.2244E-03 0.2471E-03 0.8291E-04 0.5233E-01 0.1224E-02 0.8227E-03 0.2066E+00 0.2486E-03 0.7913E-04 0.7479E-04 0.7417E-03 0.1019E-03 0.2436E-02 0.0000E+00
0.0000E+00 0.1045E+00 0.9488E-04 0.1436E-03 0.1037E-02 0.2346E-03 0.5857E-03 0.8051E-03 0.1108E-02 0.4225E-03 0.1403E-03 0.5257E-01 0.1881E-02 0.1017E-02 0.2048E+00 0.3049E-03 0.1435E-03 0.7558E-04 0.8419E-03 0.1523E-03 0.1940E-02 0.0000E+00
0.0000E+00 0.1014E+00 0.1917E-03 0.2548E-03 0.1542E-02 0.1214E-02 0.1369E-02 0.1633E-02 0.1916E-02 0.1013E-02 0.1329E-02 0.5068E-01 0.2512E-02 0.1097E-02 0.2013E+00 0.1388E-02 0.6235E-03 0.1177E-03 0.7237E-03 0.2439E-03 0.1470E-02 0.0000E+00
0.0000E+00 0.9875E-01 0.2451E-03 0.4165E-03 0.1157E-02 0.2031E-02 0.7786E-02 0.5500E-02 0.3094E-02 0.2023E-02 0.2271E-02 0.5136E-01 0.2058E+00 0.2025E+00 0.2018E+00 0.2555E-02 0.3422E-02 0.1976E-02 0.7815E-03 0.1413E-02 0.1284E-02 0.0000E+00
0.0000E+00 0.9579E-01 0.3198E-03 0.6368E-03 0.9493E-03 0.2135E-02 0.9296E-02 0.6744E-03 0.6748E-03 0.3749E-02 0.2648E-02 0.5143E-01 0.2072E+00 0.1180E-02 0.5952E-03 0.3421E-02 0.4933E-02 0.9996E-03 0.1018E-03 0.1027E-02 0.2703E-03 0.0000E+00
0.0000E+00 0.9351E-01 0.9208E-01 0.9194E-01 0.1882E-02 0.3274E-02 0.1078E-01 0.7968E-03 0.2742E-03 0.5241E-02 0.3422E-02 0.4996E-01 0.2064E+00 0.1246E-03 0.8458E-04 0.8290E-02 0.4964E-02 0.1297E-03 0.1959E-03 0.9262E-03 0.2699E-03 0.0000E+00
0.0000E+00 0.1226E-03 0.7976E-04 0.8924E-01 0.8791E-03 0.4463E-02 0.1215E-01 0.5428E-03 0.1142E-03 0.6541E-02 0.4234E-02 0.4823E-01 0.2052E+00 0.8121E-04 0.1286E-03 0.7356E-02 0.1086E-03 0.9288E-04 0.3065E-03 0.1166E-02 0.9423E-04 0.0000E+00
0.0000E+00 0.7980E-04 0.1055E-03 0.8836E-01 0.9994E-03 0.5644E-02 0.1394E-01 0.6093E-03 0.4847E-04 0.7768E-02 0.5287E-02 0.4838E-01 0.2045E+00 0.1184E-03 0.1674E-03 0.6927E-02 0.1102E-03 0.2675E-03 0.3691E-03 0.1115E-02 0.6863E-04 0.0000E+00
0.0000E+00 0.0000E+00 0.0000E+00 0.0000E+00 0.0000E+00 0.0000E+00 0.0000E+00 0.0000E+00 0.0000E+00 0.0000E+00 0.0000E+00 0.0000E+00 0.0000E+00 0.0000E+00 0.0000E+00 0.0000E+00 0.0000E+00 0.0000E+00 0.0000E+00 0.0000E+00 0.0000E+00 0.0000E+00
