p4_rainE_medsm_sedtr.asc
ncols     22
nrows     62
xllcorner      0.00000000
yllcorner      0.00000000
cellsize      0.50000000
nodata_value -9999
0.0000E+00 0.0000E+00 0.0000E+00 0.0000E+00 0.0000E+00 0.0000E+00 0.0000E+00 0.0000E+00 0.0000E+00 0.0000E+00 0.0000E+00 0.0000E+00 0.0000E+00 0.0000E+00 0.0000E+00 0.0000E+00 0.0000E+00 0.0000E+00 0.0000E+00 0.0000E+00 0.0000E+00 0.0000E+00
0.0000E+00 0.2187E-05 0.1258E-06 0.7907E-06 0.1855E-04 0.8825E-06 0.1550E-04 0.8651E-04 0.1235E-04 0.3622E-04 0.8780E-09 0.4972E-05 0.1134E-03 0.2621E-04 0.1519E-03 0.2317E-03 0.2528E-03 0.2512E-04 0.3994E-06 0.1154E-04 0.3870E-04 0.0000E+00
0.0000E+00 0.1381E-04 0.7047E-04 0.1732E-05 0.7061E-04 0.1227E-03 0.4733E-04 0.2745E-03 0.6505E-04 0.3157E-03 0.1202E-03 0.8904E-04 0.4912E-03 0.1764E-03 0.7270E-04 0.1548E-03 0.6755E-03 0.5528E-03 0.1668E-04 0.4312E-05 0.3056E-05 0.0000E+00
0.0000E+00 0.5176E-04 0.1241E-03 0.5882E-04 0.6691E-04 0.2312E-03 0.5397E-03 0.3234E-03 0.7786E-05 0.2041E-03 0.1223E-03 0.3700E-06 0.3241E-03 0.8480E-04 0.2364E-04 0.3289E-04 0.7678E-03 0.1731E-04 0.7706E-05 0.4916E-04 0.4459E-05 0.0000E+00
0.0000E+00 0.8631E-04 0.4982E-04 0.9708E-05 0.1579E-05 0.1015E-02 0.3404E-05 0.2759E-03 0.2647E-04 0.1668E-03 0.3240E-03 0.1321E-03 0.8947E-03 0.3198E-03 0.8695E-04 0.3039E-03 0.5780E-03 0.6402E-03 0.2351E-03 0.6808E-04 0.5379E-04 0.0000E+00
0.0000E+00 0.2250E-04 0.5880E-04 0.2509E-04 0.5724E-04 0.4398E-03 0.3897E-06 0.2301E-03 0.2990E-03 0.2330E-03 0.1285E-03 0.2526E-04 0.1196E-02 0.5894E-03 0.1301E-03 0.2244E-05 0.1034E-03 0.4222E-03 0.1277E-02 0.4547E-03 0.2412E-03 0.0000E+00
0.0000E+00 0.5253E-05 0.1542E-03 0.4405E-04 0.5748E-04 0.4574E-03 0.8417E-04 0.6400E-03 0.7099E-03 0.2384E-03 0.2047E-03 0.1391E-03 0.8253E-03 0.4436E-03 0.3692E-03 0.6313E-05 0.3542E-05 0.3580E-03 0.1540E-02 0.2047E-03 0.1072E-03 0.0000E+00
0.0000E+00 0.9094E-05 0.1132E-03 0.3364E-05 0.9083E-05 0.3098E-03 0.6800E-03 0.8372E-03 0.1392E-02 0.3491E-03 0.2081E-05 0.2544E-03 0.7814E-03 0.5889E-03 0.7445E-03 0.1136E-04 0.1121E-04 0.2025E-03 0.1135E-02 0.6401E-04 0.1065E-04 0.0000E+00
0.0000E+00 0.1865E-03 0.7903E-04 0.1360E-05 0.4817E-03 0.8388E-03 0.6684E-03 0.4550E-03 0.6233E-03 0.2106E-04 0.1891E-04 0.2292E-03 0.2003E-02 0.1977E-02 0.1088E-02 0.4284E-04 0.1431E-05 0.1310E-02 0.1121E-02 0.1347E-03 0.3333E-03 0.0000E+00
0.0000E+00 0.1653E-03 0.4553E-03 0.1750E-03 0.5953E-03 0.4235E-03 0.3320E-03 0.3840E-03 0.5337E-03 0.4273E-03 0.2181E-03 0.1147E-03 0.1343E-02 0.4770E-03 0.3607E-03 0.1437E-03 0.1932E-03 0.2913E-02 0.2999E-04 0.1402E-03 0.1220E-02 0.0000E+00
0.0000E+00 0.7847E-04 0.2037E-03 0.1953E-03 0.4652E-03 0.3290E-03 0.4009E-03 0.1053E-02 0.7098E-03 0.2492E-03 0.4721E-03 0.2958E-03 0.1545E-02 0.5049E-03 0.6247E-03 0.2438E-03 0.1098E-03 0.1564E-02 0.4687E-04 0.6255E-04 0.4549E-03 0.0000E+00
0.0000E+00 0.1856E-03 0.3287E-03 0.1782E-03 0.3258E-03 0.2469E-03 0.3834E-03 0.9960E-03 0.6143E-03 0.1560E-03 0.4542E-03 0.1060E-03 0.1295E-02 0.7188E-04 0.3048E-02 0.8305E-03 0.6084E-03 0.1738E-02 0.2835E-03 0.2393E-03 0.5297E-03 0.0000E+00
0.0000E+00 0.9920E-04 0.3599E-03 0.3415E-03 0.1173E-02 0.1026E-03 0.1261E-02 0.1053E-02 0.1946E-02 0.3416E-04 0.6659E-03 0.8413E-04 0.9369E-03 0.5632E-03 0.2242E-02 0.1064E-02 0.8684E-03 0.2249E-02 0.2999E-03 0.1557E-03 0.3388E-03 0.0000E+00
0.0000E+00 0.2221E-03 0.4741E-03 0.6592E-03 0.2393E-02 0.1246E-02 0.3333E-03 0.1027E-03 0.2333E-02 0.2362E-03 0.1000E-02 0.5266E-03 0.1338E-03 0.1633E-03 0.1580E-02 0.3304E-02 0.4458E-03 0.1576E-02 0.8180E-03 0.2747E-03 0.2331E-03 0.0000E+00
0.0000E+00 0.1004E-03 0.5624E-03 0.5036E-03 0.1362E-02 0.8517E-03 0.1292E-02 0.4738E-03 0.1742E-02 0.4605E-03 0.2971E-02 0.7601E-03 0.2957E-04 0.2099E-03 0.9058E-03 0.2748E-02 0.5394E-03 0.1792E-02 0.1843E-02 0.2576E-03 0.3580E-03 0.0000E+00
0.0000E+00 0.1034E-03 0.4641E-03 0.8938E-03 0.1412E-02 0.1372E-02 0.4642E-03 0.1233E-03 0.2159E-02 0.6024E-03 0.1401E-02 0.2277E-03 0.2762E-05 0.1011E-02 0.8100E-03 0.2626E-02 0.3947E-03 0.1648E-02 0.2735E-02 0.8702E-03 0.2799E-03 0.0000E+00
0.0000E+00 0.1057E-04 0.1701E-02 0.1320E-02 0.2319E-02 0.1078E-02 0.9549E-04 0.3388E-03 0.4262E-02 0.1422E-02 0.1386E-02 0.1603E-03 0.4974E-04 0.8586E-04 0.1273E-03 0.2484E-02 0.2676E-02 0.1831E-02 0.2461E-02 0.5069E-03 0.1330E-03 0.0000E+00
0.0000E+00 0.4112E-06 0.7991E-03 0.1328E-02 0.1276E-02 0.9236E-03 0.2201E-03 0.1436E-03 0.2352E-02 0.8275E-03 0.2036E-02 0.8878E-03 0.4748E-03 0.1522E-04 0.1131E-05 0.2346E-03 0.5531E-02 0.1575E-02 0.1907E-02 0.7698E-03 0.1183E-02 0.0000E+00
0.0000E+00 0.1803E-04 0.1014E-03 0.1332E-02 0.1127E-02 0.2476E-02 0.3449E-03 0.1425E-03 0.2308E-02 0.7091E-03 0.2050E-02 0.1201E-02 0.2175E-03 0.1166E-05 0.4561E-05 0.7581E-04 0.4675E-02 0.1801E-02 0.1573E-02 0.4793E-03 0.4253E-03 0.0000E+00
0.0000E+00 0.5449E-03 0.3476E-03 0.1477E-02 0.1030E-02 0.1323E-02 0.4575E-05 0.5878E-04 0.4044E-02 0.1385E-02 0.4471E-02 0.8033E-04 0.1159E-03 0.6866E-05 0.7676E-05 0.1374E-04 0.5642E-02 0.2276E-02 0.1135E-02 0.8914E-03 0.3911E-03 0.0000E+00
0.0000E+00 0.2532E-03 0.3200E-03 0.2657E-02 0.8704E-03 0.8332E-03 0.2373E-04 0.4045E-04 0.2463E-02 0.1309E-02 0.3042E-02 0.1141E-02 0.1398E-04 0.2537E-04 0.4372E-04 0.4745E-05 0.5994E-02 0.1340E-03 0.2254E-03 0.1089E-02 0.6078E-03 0.0000E+00
0.0000E+00 0.2466E-03 0.1221E-03 0.3058E-02 0.1846E-02 0.6763E-03 0.5787E-04 0.1905E-03 0.2179E-02 0.2908E-02 0.2830E-02 0.6613E-03 0.5660E-04 0.8801E-05 0.4326E-03 0.1386E-05 0.7664E-02 0.1366E-02 0.9594E-04 0.1062E-02 0.3770E-03 0.0000E+00
0.0000E+00 0.1835E-03 0.2105E-03 0.3462E-02 0.5063E-03 0.3579E-03 0.4441E-03 0.7637E-03 0.8613E-04 0.2809E-02 0.2464E-02 0.7246E-03 0.7044E-03 0.2760E-03 0.4282E-03 0.1556E-03 0.6073E-02 0.2993E-03 0.3673E-04 0.1141E-02 0.9890E-03 0.0000E+00
0.0000E+00 0.1329E-03 0.3135E-03 0.4757E-02 0.2409E-04 0.1040E-04 0.2616E-02 0.2639E-03 0.1111E-04 0.2559E-02 0.2298E-02 0.6775E-03 0.6287E-03 0.2632E-03 0.1320E-02 0.8960E-04 0.7556E-02 0.1645E-03 0.5452E-03 0.2271E-02 0.2426E-02 0.0000E+00
0.0000E+00 0.3275E-03 0.1612E-03 0.3330E-02 0.3025E-05 0.2506E-04 0.7621E-03 0.1393E-03 0.6499E-04 0.2541E-02 0.1998E-02 0.2207E-02 0.2547E-02 0.2054E-03 0.1184E-02 0.2727E-03 0.8770E-02 0.3573E-03 0.6131E-03 0.6907E-03 0.9466E-03 0.0000E+00
0.0000E+00 0.1407E-03 0.2724E-03 0.3035E-02 0.2854E-02 0.1828E-02 0.2243E-02 0.3119E-03 0.2135E-03 0.2726E-02 0.1067E-03 0.1340E-03 0.2228E-02 0.1628E-03 0.1121E-02 0.4122E-03 0.6776E-02 0.2439E-03 0.3882E-03 0.6779E-03 0.7368E-03 0.0000E+00
0.0000E+00 0.8272E-04 0.1979E-03 0.1655E-03 0.3364E-03 0.7630E-04 0.2978E-02 0.1237E-02 0.1980E-02 0.3526E-02 0.1536E-02 0.3575E-03 0.1643E-02 0.2502E-02 0.2761E-02 0.2672E-03 0.6271E-02 0.3317E-03 0.1180E-02 0.2728E-02 0.2132E-02 0.0000E+00
0.0000E+00 0.1343E-03 0.1370E-03 0.1415E-03 0.5426E-03 0.1034E-02 0.4067E-02 0.4771E-03 0.7003E-03 0.3002E-02 0.7372E-03 0.5413E-03 0.3482E-03 0.5577E-03 0.2740E-02 0.1022E-02 0.7244E-02 0.2118E-03 0.6277E-03 0.1692E-02 0.1198E-02 0.0000E+00
0.0000E+00 0.2930E-03 0.3225E-03 0.1678E-03 0.5367E-03 0.3128E-02 0.2337E-02 0.5475E-03 0.4741E-03 0.2301E-02 0.4991E-03 0.9804E-03 0.3609E-04 0.3894E-04 0.3739E-02 0.1228E-02 0.8128E-02 0.5175E-03 0.8690E-03 0.1251E-02 0.1327E-02 0.0000E+00
0.0000E+00 0.1705E-03 0.1877E-03 0.1588E-03 0.6849E-03 0.2669E-02 0.2583E-03 0.1835E-03 0.3768E-03 0.2022E-02 0.3702E-02 0.1193E-02 0.2243E-04 0.7686E-05 0.4845E-02 0.5990E-03 0.6551E-02 0.3415E-03 0.6032E-03 0.5180E-03 0.8609E-03 0.0000E+00
0.0000E+00 0.1448E-03 0.1436E-03 0.8429E-04 0.3819E-03 0.4157E-02 0.3463E-03 0.7291E-05 0.1157E-02 0.3444E-03 0.2642E-02 0.5021E-03 0.4729E-03 0.1902E-05 0.3636E-02 0.7092E-03 0.6087E-02 0.2071E-03 0.9087E-03 0.5142E-03 0.6226E-03 0.0000E+00
0.0000E+00 0.1010E-03 0.1976E-03 0.6057E-04 0.4827E-03 0.3067E-02 0.1473E-04 0.6400E-05 0.1552E-02 0.1287E-03 0.2451E-02 0.1108E-03 0.6984E-03 0.2329E-02 0.3429E-02 0.9454E-03 0.5624E-02 0.1598E-03 0.1023E-02 0.5885E-03 0.1304E-02 0.0000E+00
0.0000E+00 0.9613E-04 0.3680E-03 0.3500E-04 0.2717E-03 0.3621E-02 0.1172E-03 0.1696E-03 0.5208E-03 0.4890E-03 0.3443E-02 0.5305E-03 0.2083E-02 0.2816E-02 0.7507E-04 0.6067E-03 0.5375E-02 0.1196E-03 0.9980E-03 0.5040E-03 0.1575E-02 0.0000E+00
0.0000E+00 0.1085E-03 0.2111E-03 0.1717E-04 0.4595E-03 0.3119E-02 0.1813E-04 0.5985E-04 0.8464E-04 0.4972E-03 0.2815E-02 0.1352E-03 0.9366E-03 0.4700E-02 0.1098E-02 0.4642E-02 0.4304E-02 0.3662E-04 0.6861E-03 0.7888E-03 0.1530E-02 0.0000E+00
0.0000E+00 0.1287E-03 0.4736E-03 0.5202E-03 0.1678E-02 0.2960E-02 0.1632E-03 0.9442E-03 0.1303E-02 0.1086E-02 0.2313E-02 0.9200E-04 0.7889E-03 0.2901E-02 0.8360E-03 0.4335E-02 0.3935E-03 0.4959E-04 0.3825E-04 0.1245E-05 0.2513E-02 0.0000E+00
0.0000E+00 0.2328E-03 0.5493E-03 0.4524E-03 0.6665E-03 0.2758E-02 0.3462E-03 0.4691E-03 0.3532E-03 0.7282E-03 0.2982E-02 0.7093E-04 0.6303E-03 0.3179E-02 0.4275E-02 0.4154E-02 0.1135E-03 0.3156E-04 0.2331E-04 0.9629E-04 0.3712E-02 0.0000E+00
0.0000E+00 0.6377E-03 0.5666E-03 0.2867E-03 0.4420E-03 0.2495E-02 0.1922E-03 0.7233E-03 0.1038E-02 0.5955E-03 0.2078E-02 0.1410E-03 0.1062E-04 0.3071E-02 0.4272E-02 0.8737E-04 0.2577E-04 0.2159E-04 0.1432E-04 0.1444E-04 0.2283E-02 0.0000E+00
0.0000E+00 0.9030E-03 0.3699E-04 0.3335E-04 0.8641E-03 0.2518E-02 0.3856E-03 0.1044E-02 0.2536E-02 0.3383E-03 0.2520E-02 0.2147E-03 0.2610E-05 0.3836E-02 0.4540E-02 0.9576E-03 0.1104E-03 0.1507E-04 0.1873E-04 0.8773E-04 0.2401E-02 0.0000E+00
0.0000E+00 0.1360E-02 0.2032E-04 0.3033E-04 0.2490E-02 0.4236E-02 0.9883E-03 0.1378E-02 0.2752E-02 0.2803E-03 0.3057E-02 0.3498E-03 0.5940E-04 0.3035E-02 0.8595E-02 0.6663E-03 0.5243E-04 0.2228E-03 0.9281E-04 0.2701E-04 0.2062E-02 0.0000E+00
0.0000E+00 0.9688E-03 0.6206E-05 0.9800E-05 0.1543E-02 0.2705E-02 0.4899E-03 0.6706E-03 0.1891E-02 0.2545E-04 0.2068E-02 0.1713E-02 0.4704E-07 0.8277E-04 0.7694E-02 0.3433E-03 0.8840E-04 0.9615E-04 0.2547E-04 0.8132E-03 0.1268E-02 0.0000E+00
0.0000E+00 0.7416E-03 0.1179E-05 0.1814E-03 0.3880E-02 0.2890E-02 0.3331E-03 0.4881E-03 0.2293E-02 0.1975E-03 0.1569E-02 0.7733E-03 0.4552E-05 0.1419E-04 0.6616E-02 0.5676E-02 0.5011E-02 0.1221E-02 0.4303E-03 0.7396E-03 0.5803E-06 0.0000E+00
0.0000E+00 0.4643E-03 0.3006E-03 0.3970E-03 0.5229E-02 0.2980E-03 0.8220E-03 0.3624E-04 0.1641E-02 0.3015E-03 0.2940E-02 0.9705E-03 0.2068E-05 0.9968E-05 0.7854E-05 0.1237E-03 0.7260E-02 0.6177E-03 0.1254E-02 0.2305E-02 0.2040E-03 0.0000E+00
0.0000E+00 0.1805E-04 0.2059E-03 0.5262E-03 0.4583E-02 0.9175E-03 0.2670E-03 0.5440E-04 0.2467E-02 0.1770E-03 0.4524E-02 0.1183E-02 0.1013E-03 0.1457E-03 0.6914E-04 0.8085E-04 0.7157E-02 0.1028E-02 0.8134E-03 0.2071E-02 0.2087E-02 0.0000E+00
0.0000E+00 0.3782E-04 0.1051E-03 0.1523E-02 0.3240E-02 0.3263E-02 0.3586E-02 0.1002E-02 0.3666E-02 0.7193E-04 0.2460E-02 0.8308E-03 0.2374E-03 0.1396E-03 0.6705E-04 0.1959E-05 0.6003E-02 0.5546E-02 0.1529E-02 0.1450E-02 0.1079E-02 0.0000E+00
0.0000E+00 0.2592E-04 0.3354E-03 0.3298E-02 0.4462E-04 0.4845E-03 0.3988E-02 0.2157E-02 0.2253E-02 0.3322E-04 0.2534E-02 0.8917E-03 0.1178E-03 0.8483E-04 0.1311E-04 0.3263E-05 0.1664E-04 0.4676E-02 0.8036E-03 0.1343E-02 0.7410E-03 0.0000E+00
0.0000E+00 0.7091E-05 0.5007E-04 0.2434E-02 0.3123E-03 0.2282E-03 0.5893E-02 0.2397E-02 0.6016E-04 0.7335E-04 0.2800E-02 0.1597E-02 0.1774E-03 0.4818E-04 0.4249E-05 0.6004E-05 0.2567E-04 0.5214E-02 0.4075E-03 0.2001E-02 0.5129E-03 0.0000E+00
0.0000E+00 0.8418E-06 0.2743E-04 0.1603E-02 0.5103E-04 0.1663E-03 0.6342E-02 0.4778E-03 0.1333E-04 0.1775E-04 0.2163E-02 0.8504E-03 0.8696E-04 0.2613E-04 0.4452E-06 0.2266E-03 0.1871E-05 0.5798E-02 0.5564E-05 0.1475E-02 0.3472E-03 0.0000E+00
0.0000E+00 0.1027E-06 0.7456E-05 0.1305E-02 0.2315E-03 0.4640E-03 0.7169E-02 0.7197E-03 0.7061E-05 0.5022E-04 0.2020E-02 0.1359E-02 0.5429E-04 0.1193E-04 0.8813E-05 0.6513E-04 0.2965E-04 0.6500E-02 0.3573E-05 0.2555E-02 0.7634E-03 0.0000E+00
0.0000E+00 0.7881E-05 0.1057E-04 0.1172E-02 0.2187E-03 0.1757E-03 0.5932E-02 0.3884E-03 0.5355E-04 0.1343E-04 0.1775E-02 0.1013E-02 0.2665E-03 0.1674E-04 0.5903E-06 0.7168E-05 0.6687E-03 0.5491E-02 0.3121E-03 0.2208E-02 0.3282E-03 0.0000E+00
0.0000E+00 0.3467E-03 0.2412E-03 0.1260E-02 0.1361E-03 0.5924E-02 0.6530E-02 0.2730E-03 0.3777E-05 0.7105E-05 0.1754E-02 0.8564E-03 0.1107E-03 0.6498E-04 0.1421E-03 0.3015E-05 0.3727E-03 0.4631E-02 0.1660E-02 0.1667E-02 0.1032E-03 0.0000E+00
0.0000E+00 0.7333E-04 0.1547E-03 0.1125E-02 0.1685E-03 0.5850E-02 0.7192E-03 0.1946E-03 0.5669E-04 0.7105E-04 0.1901E-02 0.2036E-02 0.1783E-03 0.1613E-03 0.1051E-03 0.3608E-02 0.3922E-02 0.4481E-02 0.1013E-02 0.6813E-04 0.2265E-03 0.0000E+00
0.0000E+00 0.3513E-04 0.5640E-04 0.5847E-02 0.5222E-02 0.5248E-02 0.3469E-03 0.6909E-05 0.7812E-05 0.5879E-05 0.1407E-02 0.1958E-02 0.2798E-03 0.3147E-04 0.3331E-02 0.4272E-02 0.2669E-05 0.1545E-03 0.5416E-04 0.7586E-08 0.9248E-04 0.0000E+00
0.0000E+00 0.6823E-04 0.5193E-02 0.5482E-02 0.3466E-03 0.7146E-04 0.1896E-03 0.1694E-04 0.7565E-05 0.4786E-04 0.1295E-02 0.2681E-02 0.1038E-03 0.1454E-03 0.3975E-02 0.1902E-03 0.2974E-06 0.4407E-04 0.5287E-04 0.3656E-05 0.4108E-04 0.0000E+00
0.0000E+00 0.4492E-02 0.4753E-02 0.1202E-04 0.2792E-03 0.3190E-03 0.7145E-03 0.2525E-05 0.2172E-05 0.2161E-03 0.9969E-04 0.2884E-02 0.3460E-03 0.5520E-04 0.3413E-02 0.4353E-04 0.1392E-04 0.3798E-05 0.4146E-04 0.7884E-04 0.1112E-03 0.0000E+00
0.0000E+00 0.4583E-02 0.5480E-04 0.1166E-03 0.2452E-03 0.4511E-04 0.2220E-03 0.1904E-03 0.2379E-03 0.6822E-04 0.9801E-05 0.2532E-02 0.3253E-03 0.3955E-03 0.3281E-02 0.1789E-04 0.2480E-04 0.1665E-04 0.2377E-03 0.1066E-04 0.9453E-04 0.0000E+00
0.0000E+00 0.4132E-02 0.1774E-03 0.1643E-03 0.2873E-03 0.3197E-03 0.3264E-03 0.1159E-03 0.1099E-03 0.4079E-04 0.6559E-04 0.2044E-02 0.3069E-03 0.1589E-03 0.2906E-02 0.2902E-03 0.1418E-03 0.1399E-05 0.9426E-04 0.6548E-05 0.5731E-04 0.0000E+00
0.0000E+00 0.4390E-02 0.5841E-04 0.9483E-04 0.1864E-03 0.7154E-03 0.8753E-03 0.4630E-03 0.6218E-04 0.1627E-03 0.1700E-03 0.2118E-02 0.2426E-02 0.2080E-02 0.2456E-02 0.3862E-04 0.1937E-03 0.3861E-03 0.1254E-03 0.3458E-04 0.6557E-04 0.0000E+00
0.0000E+00 0.3788E-02 0.2501E-04 0.1091E-03 0.1242E-03 0.6413E-03 0.1281E-02 0.3349E-03 0.8023E-05 0.1222E-02 0.1098E-02 0.2563E-02 0.2053E-02 0.2052E-03 0.5801E-04 0.8444E-04 0.1542E-03 0.1082E-03 0.9015E-05 0.2236E-03 0.1413E-03 0.0000E+00
0.0000E+00 0.2621E-02 0.1674E-02 0.1356E-02 0.3642E-04 0.5267E-03 0.2378E-02 0.7638E-03 0.1143E-03 0.1869E-02 0.1173E-02 0.1787E-02 0.2754E-02 0.5355E-04 0.2929E-04 0.1414E-02 0.6313E-04 0.2326E-04 0.7167E-04 0.1368E-03 0.8696E-04 0.0000E+00
0.0000E+00 0.5555E-06 0.1020E-05 0.1114E-02 0.1175E-03 0.5605E-03 0.2870E-02 0.7373E-03 0.4037E-04 0.1431E-02 0.7530E-03 0.1516E-02 0.2115E-02 0.1459E-04 0.2276E-05 0.5866E-03 0.1072E-03 0.1002E-03 0.2113E-04 0.4189E-04 0.4403E-05 0.0000E+00
0.0000E+00 0.2802E-05 0.9107E-05 0.9109E-03 0.1250E-03 0.4334E-03 0.2034E-02 0.3154E-03 0.2207E-06 0.9922E-03 0.6350E-03 0.1331E-02 0.1782E-02 0.5855E-06 0.1919E-05 0.4475E-03 0.5828E-05 0.1283E-04 0.7795E-05 0.9816E-05 0.7105E-06 0.0000E+00
0.0000E+00 0.0000E+00 0.0000E+00 0.0000E+00 0.0000E+00 0.0000E+00 0.0000E+00 0.0000E+00 0.0000E+00 0.0000E+00 0.0000E+00 0.0000E+00 0.0000E+00 0.0000E+00 0.0000E+00 0.0000E+00 0.0000E+00 0.0000E+00 0.0000E+00 0.0000E+00 0.0000E+00 0.0000E+00
