p4_rainE_highsm_dschg.asc
ncols     22
nrows     62
xllcorner      0.00000000
yllcorner      0.00000000
cellsize      0.50000000
nodata_value -9999
0.0000E+00 0.0000E+00 0.0000E+00 0.0000E+00 0.0000E+00 0.0000E+00 0.0000E+00 0.0000E+00 0.0000E+00 0.0000E+00 0.0000E+00 0.0000E+00 0.0000E+00 0.0000E+00 0.0000E+00 0.0000E+00 0.0000E+00 0.0000E+00 0.0000E+00 0.0000E+00 0.0000E+00 0.0000E+00
0.0000E+00 0.1158E-03 0.2604E-03 0.1116E-03 0.2314E-03 0.5466E-03 0.3141E-03 0.3826E-03 0.9945E-04 0.2033E-03 0.7399E-03 0.4536E-03 0.6162E-03 0.3784E-03 0.4602E-03 0.3861E-03 0.6220E-03 0.3161E-03 0.1090E-03 0.1705E-03 0.1549E-03 0.0000E+00
0.0000E+00 0.1062E-03 0.4075E-03 0.1084E-03 0.6970E-03 0.1860E-02 0.2689E-02 0.6815E-03 0.2118E-03 0.6851E-03 0.1185E-02 0.7778E-03 0.2274E-02 0.7459E-03 0.4081E-03 0.1407E-02 0.3439E-02 0.1567E-02 0.9116E-04 0.3079E-03 0.4031E-03 0.0000E+00
0.0000E+00 0.1757E-03 0.4372E-03 0.8987E-04 0.1372E-03 0.7934E-03 0.3227E-02 0.3823E-02 0.2279E-03 0.1209E-02 0.9353E-03 0.7146E-04 0.3418E-02 0.8170E-03 0.4745E-03 0.2518E-02 0.4553E-02 0.9515E-04 0.8285E-04 0.1185E-02 0.1384E-02 0.0000E+00
0.0000E+00 0.2336E-03 0.4299E-03 0.2057E-03 0.1423E-03 0.1543E-02 0.7824E-04 0.3605E-02 0.9530E-03 0.1933E-02 0.1572E-02 0.4140E-03 0.4171E-02 0.1900E-02 0.7825E-03 0.3169E-02 0.8736E-02 0.8264E-02 0.3093E-02 0.3245E-02 0.2330E-02 0.0000E+00
0.0000E+00 0.3548E-03 0.1376E-02 0.1090E-02 0.7511E-03 0.1640E-02 0.1311E-03 0.3421E-02 0.1634E-02 0.2902E-02 0.1743E-02 0.3231E-03 0.5419E-02 0.3150E-02 0.1072E-02 0.8033E-04 0.5705E-03 0.1006E-01 0.1540E-01 0.1009E-02 0.8499E-03 0.0000E+00
0.0000E+00 0.4724E-03 0.1871E-02 0.2986E-03 0.2122E-03 0.2334E-02 0.9362E-03 0.3776E-02 0.2249E-02 0.3431E-02 0.1559E-02 0.2088E-02 0.8543E-02 0.4330E-02 0.2157E-02 0.7999E-04 0.7862E-04 0.1251E-02 0.1665E-01 0.4363E-03 0.5366E-03 0.0000E+00
0.0000E+00 0.7156E-03 0.2029E-02 0.9560E-04 0.2423E-03 0.2486E-02 0.1619E-02 0.4028E-02 0.6775E-02 0.3854E-02 0.1124E-03 0.1197E-02 0.9581E-02 0.5580E-02 0.3407E-02 0.1510E-03 0.1449E-03 0.9327E-03 0.2001E-01 0.2115E-02 0.4307E-03 0.0000E+00
0.0000E+00 0.7527E-03 0.2350E-02 0.1458E-03 0.1229E-02 0.3062E-02 0.1568E-02 0.3478E-02 0.7744E-02 0.1660E-03 0.1787E-03 0.9754E-03 0.9958E-02 0.5361E-02 0.4458E-02 0.3986E-03 0.1843E-03 0.2192E-01 0.2054E-01 0.1251E-02 0.1251E-02 0.0000E+00
0.0000E+00 0.7517E-03 0.2670E-02 0.5284E-03 0.2309E-02 0.3313E-02 0.1411E-02 0.3998E-02 0.8533E-02 0.9457E-03 0.4184E-03 0.8439E-03 0.1049E-01 0.4521E-02 0.5706E-02 0.1649E-02 0.1166E-02 0.2238E-01 0.1032E-03 0.7807E-03 0.1702E-02 0.0000E+00
0.0000E+00 0.7443E-03 0.2967E-02 0.9748E-03 0.3306E-02 0.4501E-02 0.2600E-02 0.4849E-02 0.7988E-02 0.1363E-02 0.2776E-02 0.1843E-02 0.1749E-01 0.5756E-02 0.6863E-02 0.2899E-02 0.2416E-02 0.2163E-01 0.3323E-03 0.6317E-03 0.1565E-02 0.0000E+00
0.0000E+00 0.9875E-03 0.3444E-02 0.1485E-02 0.4519E-02 0.5683E-02 0.9202E-02 0.5866E-02 0.7258E-02 0.5884E-03 0.4027E-02 0.3092E-02 0.1874E-01 0.1251E-02 0.7706E-02 0.3816E-02 0.3235E-02 0.2245E-01 0.1528E-02 0.1878E-02 0.2810E-02 0.0000E+00
0.0000E+00 0.1250E-02 0.4100E-02 0.2210E-02 0.5699E-02 0.1194E-02 0.1022E-01 0.1725E-01 0.2563E-01 0.4020E-03 0.5068E-02 0.4191E-02 0.1998E-01 0.2247E-01 0.3113E-01 0.4339E-02 0.3591E-02 0.2315E-01 0.2778E-02 0.3128E-02 0.4060E-02 0.0000E+00
0.0000E+00 0.1939E-02 0.5059E-02 0.3291E-02 0.6698E-02 0.2445E-02 0.1251E-02 0.1194E-02 0.2807E-01 0.1650E-02 0.1301E-01 0.6691E-02 0.1251E-02 0.1251E-02 0.3362E-01 0.3920E-01 0.3625E-02 0.2189E-01 0.1371E-01 0.9683E-02 0.5309E-02 0.0000E+00
0.0000E+00 0.2671E-02 0.8552E-02 0.4359E-02 0.7947E-02 0.3696E-02 0.2438E-02 0.1198E-02 0.2932E-01 0.2900E-02 0.1416E-01 0.1092E-02 0.8184E-04 0.3417E-03 0.1541E-02 0.4199E-01 0.4870E-02 0.2277E-01 0.1448E-01 0.1251E-02 0.1251E-02 0.0000E+00
0.0000E+00 0.7895E-03 0.1002E-01 0.5548E-02 0.9197E-02 0.4946E-02 0.1741E-02 0.6968E-03 0.3057E-01 0.4151E-02 0.1509E-01 0.6619E-03 0.1465E-03 0.8806E-03 0.1200E-02 0.4281E-01 0.4064E-02 0.2402E-01 0.1573E-01 0.2154E-02 0.1069E-02 0.0000E+00
0.0000E+00 0.7822E-04 0.1087E-01 0.6595E-02 0.1045E-01 0.6196E-02 0.1902E-02 0.1193E-02 0.3000E-01 0.5159E-02 0.1634E-01 0.3062E-02 0.1160E-02 0.9818E-03 0.2525E-02 0.4658E-01 0.5043E-01 0.2419E-01 0.1668E-01 0.2537E-02 0.9404E-03 0.0000E+00
0.0000E+00 0.1252E-03 0.1191E-01 0.1871E-01 0.1134E-01 0.1031E-01 0.3151E-02 0.2443E-02 0.3096E-01 0.6337E-02 0.2228E-01 0.4986E-02 0.9693E-03 0.1500E-03 0.7634E-04 0.1087E-02 0.5219E-01 0.2410E-01 0.1747E-01 0.3785E-02 0.2187E-02 0.0000E+00
0.0000E+00 0.7274E-03 0.3832E-03 0.2002E-01 0.1259E-01 0.1245E-01 0.8899E-03 0.8852E-03 0.3181E-01 0.7587E-02 0.2491E-01 0.1378E-02 0.1786E-03 0.7742E-04 0.7933E-04 0.1631E-03 0.5130E-01 0.2508E-01 0.1871E-01 0.5035E-02 0.2677E-02 0.0000E+00
0.0000E+00 0.9949E-03 0.4701E-03 0.2127E-01 0.1384E-01 0.1230E-01 0.7863E-04 0.5475E-03 0.3271E-01 0.8838E-02 0.2616E-01 0.1740E-03 0.1058E-03 0.8393E-04 0.8140E-04 0.2867E-03 0.9508E-01 0.4628E-01 0.1996E-01 0.6285E-02 0.3925E-02 0.0000E+00
0.0000E+00 0.9868E-03 0.8005E-03 0.2243E-01 0.1498E-01 0.1353E-01 0.1329E-02 0.2011E-02 0.3452E-01 0.9991E-02 0.2741E-01 0.1425E-02 0.1716E-03 0.1547E-03 0.1552E-03 0.2948E-03 0.9622E-01 0.1251E-02 0.1251E-02 0.7183E-02 0.5073E-02 0.0000E+00
0.0000E+00 0.1866E-02 0.8369E-03 0.5143E-01 0.3005E-01 0.1478E-01 0.1251E-02 0.2501E-02 0.3575E-01 0.4699E-01 0.2810E-01 0.2675E-02 0.1422E-02 0.2067E-03 0.1352E-02 0.3304E-03 0.9741E-01 0.2357E-02 0.7224E-03 0.8359E-02 0.5998E-02 0.0000E+00
0.0000E+00 0.2626E-02 0.2028E-02 0.5299E-01 0.7970E-03 0.1251E-02 0.2502E-02 0.2269E-02 0.3555E-03 0.4824E-01 0.2934E-01 0.3926E-02 0.2673E-02 0.1457E-02 0.2421E-02 0.1213E-02 0.1023E+00 0.3606E-02 0.9061E-03 0.9218E-02 0.7038E-02 0.0000E+00
0.0000E+00 0.3266E-02 0.2865E-02 0.5378E-01 0.1001E-03 0.8338E-04 0.3069E-02 0.1769E-02 0.2906E-03 0.4948E-01 0.3059E-01 0.5176E-02 0.3708E-02 0.2639E-02 0.3382E-02 0.8757E-03 0.1031E+00 0.1023E-02 0.2035E-02 0.1024E-01 0.7886E-02 0.0000E+00
0.0000E+00 0.3211E-02 0.3582E-02 0.5366E-01 0.1555E-03 0.1535E-03 0.2394E-02 0.1855E-02 0.1352E-02 0.4743E-01 0.3184E-01 0.3826E-01 0.4320E-01 0.3890E-02 0.4444E-02 0.1384E-02 0.1024E+00 0.8589E-03 0.2686E-02 0.1112E-01 0.8185E-02 0.0000E+00
0.0000E+00 0.2722E-02 0.3967E-02 0.5320E-01 0.5429E-01 0.5535E-01 0.5886E-01 0.3103E-02 0.2602E-02 0.4666E-01 0.1251E-02 0.1251E-02 0.4507E-01 0.5139E-02 0.1083E-01 0.2635E-02 0.1035E+00 0.1020E-02 0.2636E-02 0.1063E-01 0.8823E-02 0.0000E+00
0.0000E+00 0.2484E-02 0.3408E-02 0.3152E-03 0.6241E-03 0.9204E-03 0.5977E-01 0.4039E-02 0.3853E-02 0.4786E-01 0.2307E-02 0.7473E-03 0.4547E-01 0.4672E-01 0.5879E-01 0.3815E-02 0.1033E+00 0.1248E-02 0.3407E-02 0.1068E-01 0.9092E-02 0.0000E+00
0.0000E+00 0.2256E-02 0.2925E-02 0.6102E-03 0.1140E-02 0.1625E-02 0.6067E-01 0.3565E-02 0.3400E-02 0.4902E-01 0.3093E-02 0.1909E-02 0.3877E-03 0.5273E-03 0.5885E-01 0.4999E-02 0.1031E+00 0.2031E-02 0.4656E-02 0.1191E-01 0.8730E-02 0.0000E+00
0.0000E+00 0.2001E-02 0.2849E-02 0.1024E-02 0.2121E-02 0.6307E-01 0.6191E-01 0.4801E-02 0.4113E-02 0.5026E-01 0.4342E-02 0.3159E-02 0.8555E-04 0.8648E-04 0.5706E-01 0.6249E-02 0.1043E+00 0.2513E-02 0.4803E-02 0.1071E-01 0.8533E-02 0.0000E+00
0.0000E+00 0.1815E-02 0.2558E-02 0.1138E-02 0.2485E-02 0.6325E-01 0.6220E-03 0.5404E-02 0.1000E-01 0.5139E-01 0.5403E-01 0.4344E-02 0.1842E-03 0.1532E-03 0.5725E-01 0.7416E-02 0.1051E+00 0.2889E-02 0.4721E-02 0.1106E-01 0.8106E-02 0.0000E+00
0.0000E+00 0.1904E-02 0.2835E-02 0.1683E-02 0.2318E-02 0.6431E-01 0.6032E-03 0.7698E-04 0.1034E-01 0.2788E-03 0.5175E-01 0.5111E-02 0.6074E-02 0.2324E-03 0.5650E-01 0.7467E-02 0.1055E+00 0.2671E-02 0.1393E-01 0.1040E-01 0.8380E-02 0.0000E+00
0.0000E+00 0.1853E-02 0.3205E-02 0.1681E-02 0.3391E-02 0.6425E-01 0.1142E-03 0.1405E-03 0.9559E-02 0.3671E-03 0.4971E-01 0.1021E-02 0.8275E-02 0.5917E-01 0.5770E-01 0.6818E-02 0.1042E+00 0.2420E-02 0.1330E-01 0.7121E-03 0.9196E-02 0.0000E+00
0.0000E+00 0.1672E-02 0.3562E-02 0.1682E-02 0.4576E-02 0.6430E-01 0.1363E-03 0.1025E-02 0.1092E-01 0.1060E-01 0.5046E-01 0.7111E-03 0.8892E-02 0.6028E-01 0.6546E-03 0.6042E-02 0.1033E+00 0.2287E-02 0.1267E-01 0.1664E-02 0.1038E-01 0.0000E+00
0.0000E+00 0.1563E-02 0.3230E-02 0.1403E-02 0.5670E-02 0.6414E-01 0.1869E-03 0.4070E-03 0.8372E-03 0.1029E-01 0.5141E-01 0.6224E-03 0.8258E-02 0.6113E-01 0.1744E-02 0.1075E+00 0.1033E+00 0.3066E-02 0.1571E-01 0.1853E-01 0.2935E-01 0.0000E+00
0.0000E+00 0.1415E-02 0.3246E-02 0.1999E-02 0.5670E-02 0.6422E-01 0.8796E-03 0.1606E-02 0.1722E-02 0.1102E-01 0.5176E-01 0.1136E-02 0.9682E-02 0.5821E-01 0.2009E-02 0.1078E+00 0.1394E-02 0.4683E-03 0.2001E-03 0.8285E-04 0.3042E-01 0.0000E+00
0.0000E+00 0.1511E-02 0.3340E-02 0.2023E-02 0.4900E-02 0.6460E-01 0.1530E-02 0.2562E-02 0.1571E-02 0.1204E-01 0.5174E-01 0.6970E-03 0.1115E-01 0.7033E-01 0.1051E+00 0.1058E+00 0.2021E-03 0.7932E-04 0.7819E-04 0.1449E-03 0.2970E-01 0.0000E+00
0.0000E+00 0.6664E-02 0.5286E-02 0.2326E-02 0.4484E-02 0.6506E-01 0.1826E-02 0.3292E-02 0.1388E-01 0.1260E-01 0.5108E-01 0.3842E-03 0.2772E-03 0.7185E-01 0.1061E+00 0.3192E-03 0.2493E-03 0.8443E-04 0.8285E-04 0.1889E-03 0.2819E-01 0.0000E+00
0.0000E+00 0.6810E-02 0.4330E-03 0.3795E-03 0.5006E-02 0.6552E-01 0.2258E-02 0.3393E-02 0.1397E-01 0.7073E-03 0.5220E-01 0.1579E-02 0.1595E-03 0.7248E-01 0.1074E+00 0.1570E-02 0.4384E-03 0.1521E-03 0.1510E-03 0.3856E-03 0.2935E-01 0.0000E+00
0.0000E+00 0.6399E-02 0.8335E-04 0.9472E-04 0.5369E-02 0.6385E-01 0.2064E-02 0.3120E-02 0.1333E-01 0.2331E-03 0.5091E-01 0.2644E-02 0.4488E-03 0.7256E-01 0.1806E+00 0.1605E-02 0.7442E-03 0.1402E-02 0.1401E-02 0.5331E-03 0.3033E-01 0.0000E+00
0.0000E+00 0.6323E-02 0.1483E-03 0.1587E-03 0.5987E-02 0.6218E-01 0.2843E-02 0.3276E-02 0.1374E-01 0.4482E-03 0.5025E-01 0.3592E-02 0.7899E-04 0.2173E-03 0.1803E+00 0.1569E-02 0.1625E-02 0.4489E-02 0.2318E-02 0.3216E-01 0.3111E-01 0.0000E+00
0.0000E+00 0.6226E-02 0.1855E-03 0.1026E-02 0.7315E-01 0.6668E-01 0.3688E-02 0.4060E-02 0.1970E-01 0.1313E-02 0.5112E-01 0.3204E-02 0.1422E-03 0.2505E-03 0.1808E+00 0.1824E+00 0.1829E+00 0.5673E-02 0.9492E-03 0.3184E-01 0.1249E-02 0.0000E+00
0.0000E+00 0.5751E-02 0.6836E-02 0.2084E-02 0.7362E-01 0.3870E-03 0.8944E-03 0.3795E-03 0.2096E-01 0.4496E-03 0.5236E-01 0.4440E-02 0.2163E-03 0.4621E-03 0.1043E-03 0.3837E-03 0.1801E+00 0.4823E-02 0.1930E-02 0.3234E-01 0.7928E-03 0.0000E+00
0.0000E+00 0.3772E-03 0.8104E-02 0.1113E-01 0.7385E-01 0.1184E-02 0.5606E-03 0.1481E-03 0.2196E-01 0.5405E-03 0.5346E-01 0.5421E-02 0.3255E-03 0.7909E-03 0.2357E-03 0.8162E-04 0.1809E+00 0.5935E-02 0.2481E-02 0.3054E-01 0.1602E-02 0.0000E+00
0.0000E+00 0.1334E-03 0.3832E-03 0.1105E-01 0.7387E-01 0.7448E-01 0.7395E-01 0.6976E-03 0.2114E-01 0.1139E-02 0.5584E-01 0.6670E-02 0.1026E-02 0.7962E-03 0.1910E-03 0.7784E-04 0.1818E+00 0.1890E+00 0.3730E-02 0.2871E-01 0.1686E-02 0.0000E+00
0.0000E+00 0.1918E-03 0.1625E-03 0.1059E-01 0.2565E-03 0.9891E-03 0.7610E-01 0.2157E-01 0.1970E-01 0.1269E-03 0.5671E-01 0.7695E-02 0.1197E-02 0.8021E-03 0.2199E-03 0.7899E-04 0.1432E-03 0.1904E+00 0.4980E-02 0.2714E-01 0.1527E-02 0.0000E+00
0.0000E+00 0.2381E-03 0.2086E-03 0.9910E-02 0.1807E-03 0.3160E-03 0.1005E+00 0.2320E-01 0.3812E-03 0.1870E-03 0.5426E-01 0.7265E-02 0.1131E-02 0.8605E-03 0.2631E-03 0.1411E-03 0.8817E-04 0.1896E+00 0.4952E-02 0.3297E-01 0.1426E-02 0.0000E+00
0.0000E+00 0.3868E-03 0.8855E-03 0.9720E-02 0.2344E-03 0.4967E-03 0.1025E+00 0.7969E-03 0.1008E-03 0.3052E-03 0.5154E-01 0.6603E-02 0.1014E-02 0.1005E-02 0.2508E-03 0.1066E-02 0.1403E-03 0.1862E+00 0.8822E-04 0.3391E-01 0.1222E-02 0.0000E+00
0.0000E+00 0.3945E-03 0.1319E-02 0.1085E-01 0.5075E-03 0.8116E-03 0.1033E+00 0.1092E-02 0.8904E-04 0.8309E-03 0.5207E-01 0.8180E-02 0.9982E-03 0.1017E-02 0.8981E-04 0.2008E-02 0.2749E-02 0.1863E+00 0.7862E-04 0.3466E-01 0.2465E-02 0.0000E+00
0.0000E+00 0.1044E-03 0.1226E-03 0.1024E-01 0.6810E-03 0.6961E-03 0.1071E+00 0.3064E-02 0.1014E-02 0.9968E-03 0.5214E-01 0.1034E-01 0.1469E-02 0.8652E-03 0.6740E-04 0.8980E-04 0.2527E-02 0.1861E+00 0.4495E-03 0.3554E-01 0.3513E-02 0.0000E+00
0.0000E+00 0.1849E-03 0.1961E-03 0.9491E-02 0.9881E-03 0.1079E+00 0.1084E+00 0.7039E-03 0.8313E-04 0.1203E-03 0.5127E-01 0.1043E-01 0.3200E-03 0.8685E-04 0.1328E-03 0.1495E-03 0.2587E-02 0.1873E+00 0.3522E-01 0.3360E-01 0.4441E-02 0.0000E+00
0.0000E+00 0.2525E-03 0.2979E-03 0.8728E-02 0.1666E-02 0.1073E+00 0.9438E-03 0.2676E-03 0.9239E-04 0.9699E-04 0.4938E-01 0.9947E-02 0.3374E-03 0.1600E-03 0.1938E-03 0.2201E+00 0.2236E+00 0.2232E+00 0.3596E-01 0.2738E-03 0.4866E-02 0.0000E+00
0.0000E+00 0.4026E-03 0.4486E-03 0.1161E+00 0.1087E+00 0.1074E+00 0.3801E-03 0.8278E-04 0.1572E-03 0.1528E-03 0.4689E-01 0.1007E-01 0.3591E-03 0.2066E-03 0.2145E+00 0.2179E+00 0.7299E-04 0.3847E-03 0.1500E-03 0.7114E-04 0.3939E-02 0.0000E+00
0.0000E+00 0.5823E-03 0.1161E+00 0.1165E+00 0.7752E-03 0.3187E-03 0.3129E-03 0.1590E-03 0.2131E-03 0.2068E-03 0.4453E-01 0.5475E-01 0.4773E-03 0.3379E-03 0.2146E+00 0.2574E-03 0.7225E-04 0.6789E-03 0.7573E-03 0.7897E-04 0.3318E-02 0.0000E+00
0.0000E+00 0.1111E+00 0.1133E+00 0.1781E-03 0.4632E-03 0.2458E-03 0.6511E-03 0.2031E-03 0.2600E-03 0.2723E-03 0.9523E-04 0.5425E-01 0.1270E-02 0.8660E-03 0.2122E+00 0.2787E-03 0.8257E-04 0.7824E-04 0.8394E-03 0.1130E-03 0.2732E-02 0.0000E+00
0.0000E+00 0.1083E+00 0.9519E-04 0.1486E-03 0.1058E-02 0.2767E-03 0.6228E-03 0.8690E-03 0.1145E-02 0.4563E-03 0.1523E-03 0.5457E-01 0.1932E-02 0.1074E-02 0.2105E+00 0.3480E-03 0.1517E-03 0.8233E-04 0.9617E-03 0.1722E-03 0.2216E-02 0.0000E+00
0.0000E+00 0.1052E+00 0.1956E-03 0.2646E-03 0.1569E-02 0.1261E-02 0.1411E-02 0.1703E-02 0.1966E-02 0.1077E-02 0.1344E-02 0.5270E-01 0.2573E-02 0.1154E-02 0.2070E+00 0.1433E-02 0.6518E-03 0.1407E-03 0.8476E-03 0.2650E-03 0.1727E-02 0.0000E+00
0.0000E+00 0.1026E+00 0.2517E-03 0.4469E-03 0.1244E-02 0.2095E-02 0.7967E-02 0.5634E-02 0.3147E-02 0.2093E-02 0.2286E-02 0.5339E-01 0.2117E+00 0.2083E+00 0.2075E+00 0.2602E-02 0.3609E-02 0.2129E-02 0.9050E-03 0.1704E-02 0.1552E-02 0.0000E+00
0.0000E+00 0.9968E-01 0.3364E-03 0.6726E-03 0.1058E-02 0.2214E-02 0.9498E-02 0.6903E-03 0.6879E-03 0.3834E-02 0.2694E-02 0.5346E-01 0.2132E+00 0.1208E-02 0.6118E-03 0.3477E-02 0.5166E-02 0.1001E-02 0.1044E-03 0.1331E-02 0.2760E-03 0.0000E+00
0.0000E+00 0.9747E-01 0.9617E-01 0.9627E-01 0.2000E-02 0.3358E-02 0.1098E-01 0.8004E-03 0.2752E-03 0.5328E-02 0.3479E-02 0.5203E-01 0.2124E+00 0.1289E-03 0.9250E-04 0.8606E-02 0.5219E-02 0.1367E-03 0.2006E-03 0.1213E-02 0.2809E-03 0.0000E+00
0.0000E+00 0.1317E-03 0.8137E-04 0.9366E-01 0.8842E-03 0.4547E-02 0.1237E-01 0.5480E-03 0.1204E-03 0.6634E-02 0.4298E-02 0.5031E-01 0.2112E+00 0.8454E-04 0.1467E-03 0.7752E-02 0.1146E-03 0.9789E-04 0.3247E-03 0.1424E-02 0.1022E-03 0.0000E+00
0.0000E+00 0.8434E-04 0.1339E-03 0.9288E-01 0.1012E-02 0.5731E-02 0.1417E-01 0.6288E-03 0.7226E-04 0.7886E-02 0.5357E-02 0.5049E-01 0.2106E+00 0.1287E-03 0.1846E-03 0.7386E-02 0.1549E-03 0.2783E-03 0.3904E-03 0.1368E-02 0.7504E-04 0.0000E+00
0.0000E+00 0.0000E+00 0.0000E+00 0.0000E+00 0.0000E+00 0.0000E+00 0.0000E+00 0.0000E+00 0.0000E+00 0.0000E+00 0.0000E+00 0.0000E+00 0.0000E+00 0.0000E+00 0.0000E+00 0.0000E+00 0.0000E+00 0.0000E+00 0.0000E+00 0.0000E+00 0.0000E+00 0.0000E+00
