p4_rainD_medsm_dschg.asc
ncols     22
nrows     62
xllcorner      0.00000000
yllcorner      0.00000000
cellsize      0.50000000
nodata_value -9999
0.0000E+00 0.0000E+00 0.0000E+00 0.0000E+00 0.0000E+00 0.0000E+00 0.0000E+00 0.0000E+00 0.0000E+00 0.0000E+00 0.0000E+00 0.0000E+00 0.0000E+00 0.0000E+00 0.0000E+00 0.0000E+00 0.0000E+00 0.0000E+00 0.0000E+00 0.0000E+00 0.0000E+00 0.0000E+00
0.0000E+00 0.4319E-03 0.1175E-02 0.4409E-03 0.7088E-03 0.1535E-02 0.8671E-03 0.9613E-03 0.3566E-03 0.6499E-03 0.1518E-02 0.1043E-02 0.1290E-02 0.9419E-03 0.1081E-02 0.9741E-03 0.1297E-02 0.8152E-03 0.4382E-03 0.7676E-03 0.5267E-03 0.0000E+00
0.0000E+00 0.4016E-03 0.1909E-02 0.4153E-03 0.1431E-02 0.4276E-02 0.6328E-02 0.1816E-02 0.7752E-03 0.1749E-02 0.2569E-02 0.1921E-02 0.4943E-02 0.1875E-02 0.1273E-02 0.2939E-02 0.5876E-02 0.2105E-02 0.3530E-03 0.1425E-02 0.1174E-02 0.0000E+00
0.0000E+00 0.7223E-03 0.2196E-02 0.3324E-03 0.4711E-03 0.1586E-02 0.7532E-02 0.9592E-02 0.1028E-02 0.2904E-02 0.2443E-02 0.2856E-03 0.7297E-02 0.2283E-02 0.1641E-02 0.5083E-02 0.8038E-02 0.3586E-03 0.3245E-03 0.3141E-02 0.3090E-02 0.0000E+00
0.0000E+00 0.1041E-02 0.2408E-02 0.7822E-03 0.6990E-03 0.3086E-02 0.3002E-03 0.9454E-02 0.2511E-02 0.4375E-02 0.3769E-02 0.9767E-03 0.8818E-02 0.4368E-02 0.2458E-02 0.6478E-02 0.1651E-01 0.1655E-01 0.8185E-02 0.8003E-02 0.4937E-02 0.0000E+00
0.0000E+00 0.1463E-02 0.5684E-02 0.3307E-02 0.1969E-02 0.3606E-02 0.5914E-03 0.9305E-02 0.3885E-02 0.6261E-02 0.4386E-02 0.1103E-02 0.1129E-01 0.6439E-02 0.3416E-02 0.3280E-03 0.1216E-02 0.2021E-01 0.3252E-01 0.1944E-02 0.1647E-02 0.0000E+00
0.0000E+00 0.1943E-02 0.7115E-02 0.8364E-03 0.6753E-03 0.5038E-02 0.2192E-02 0.1020E-01 0.5176E-02 0.7439E-02 0.4295E-02 0.6092E-02 0.1941E-01 0.8698E-02 0.5502E-02 0.3101E-03 0.2958E-03 0.2477E-02 0.3499E-01 0.1038E-02 0.1401E-02 0.0000E+00
0.0000E+00 0.2632E-02 0.7616E-02 0.3753E-03 0.9561E-03 0.5614E-02 0.3593E-02 0.1094E-01 0.1507E-01 0.8479E-02 0.3792E-03 0.2276E-02 0.2144E-01 0.1104E-01 0.7576E-02 0.6139E-03 0.5399E-03 0.2255E-02 0.4000E-01 0.2535E-02 0.1521E-02 0.0000E+00
0.0000E+00 0.2983E-02 0.8447E-02 0.6459E-03 0.2854E-02 0.6860E-02 0.3848E-02 0.1046E-01 0.1728E-01 0.5681E-03 0.7047E-03 0.2252E-02 0.2242E-01 0.1115E-01 0.9619E-02 0.1364E-02 0.8264E-03 0.4486E-01 0.4140E-01 0.2354E-02 0.1404E-02 0.0000E+00
0.0000E+00 0.3217E-02 0.9294E-02 0.1600E-02 0.4921E-02 0.7644E-02 0.3793E-02 0.1163E-01 0.1889E-01 0.1813E-02 0.1432E-02 0.2289E-02 0.2364E-01 0.1021E-01 0.1194E-01 0.3636E-02 0.2729E-02 0.4606E-01 0.3745E-03 0.1884E-02 0.2523E-02 0.0000E+00
0.0000E+00 0.3493E-02 0.1007E-01 0.2618E-02 0.6859E-02 0.9903E-02 0.6053E-02 0.1328E-01 0.1852E-01 0.2787E-02 0.6143E-02 0.4211E-02 0.3719E-01 0.1109E-01 0.1417E-01 0.6112E-02 0.4373E-02 0.4566E-01 0.1074E-02 0.1933E-02 0.2827E-02 0.0000E+00
0.0000E+00 0.4177E-02 0.1115E-01 0.3727E-02 0.9154E-02 0.1215E-01 0.2007E-01 0.1524E-01 0.1762E-01 0.1264E-02 0.8618E-02 0.6684E-02 0.3967E-01 0.3169E-03 0.1595E-01 0.7969E-02 0.6074E-02 0.4738E-01 0.3350E-02 0.4404E-02 0.4712E-02 0.0000E+00
0.0000E+00 0.4895E-02 0.1250E-01 0.5212E-02 0.1141E-01 0.2271E-02 0.2206E-01 0.3951E-01 0.5929E-01 0.1239E-02 0.1063E-01 0.8806E-02 0.4214E-01 0.4080E-01 0.5879E-01 0.9132E-02 0.7055E-02 0.4886E-01 0.5826E-02 0.6880E-02 0.7186E-02 0.0000E+00
0.0000E+00 0.6297E-02 0.1436E-01 0.7290E-02 0.1338E-01 0.4620E-02 0.2279E-02 0.2274E-02 0.6403E-01 0.1846E-02 0.2656E-01 0.1346E-01 0.2477E-02 0.2477E-02 0.6374E-01 0.7397E-01 0.7561E-02 0.4770E-01 0.2731E-01 0.1901E-01 0.9660E-02 0.0000E+00
0.0000E+00 0.7772E-02 0.2376E-01 0.9350E-02 0.1586E-01 0.4997E-02 0.4550E-02 0.2280E-02 0.6651E-01 0.3038E-02 0.2878E-01 0.2094E-02 0.2951E-03 0.9116E-03 0.3194E-02 0.7962E-01 0.1003E-01 0.4950E-01 0.2901E-01 0.2477E-02 0.2477E-02 0.0000E+00
0.0000E+00 0.1577E-02 0.2676E-01 0.1161E-01 0.1833E-01 0.6836E-02 0.3744E-02 0.1801E-02 0.6898E-01 0.5514E-02 0.3069E-01 0.1735E-02 0.5536E-03 0.1725E-02 0.2283E-02 0.8152E-01 0.9078E-02 0.5197E-01 0.3095E-01 0.4248E-02 0.2381E-02 0.0000E+00
0.0000E+00 0.2806E-03 0.2844E-01 0.1365E-01 0.2064E-01 0.8325E-02 0.4405E-02 0.2894E-02 0.6857E-01 0.7564E-02 0.3317E-01 0.7625E-02 0.3429E-02 0.2559E-02 0.4929E-02 0.8887E-01 0.9859E-01 0.5274E-01 0.3291E-01 0.5126E-02 0.2446E-02 0.0000E+00
0.0000E+00 0.5633E-03 0.3045E-01 0.4475E-01 0.2251E-01 0.1712E-01 0.6750E-02 0.4966E-02 0.7206E-01 0.9822E-02 0.4650E-01 0.1140E-01 0.1874E-02 0.5865E-03 0.3162E-03 0.2086E-02 0.1023E+00 0.5321E-01 0.3459E-01 0.7598E-02 0.4879E-02 0.0000E+00
0.0000E+00 0.1831E-02 0.9613E-03 0.4755E-01 0.2498E-01 0.2109E-01 0.1722E-02 0.1732E-02 0.7382E-01 0.1230E-01 0.4979E-01 0.2841E-02 0.5781E-03 0.2488E-03 0.3033E-03 0.6091E-03 0.1020E+00 0.5517E-01 0.3706E-01 0.8363E-02 0.5946E-02 0.0000E+00
0.0000E+00 0.2621E-02 0.1099E-02 0.4987E-01 0.2746E-01 0.2157E-01 0.3137E-03 0.1495E-02 0.7564E-01 0.1477E-01 0.5162E-01 0.5811E-03 0.3540E-03 0.2424E-03 0.2938E-03 0.1185E-02 0.1966E+00 0.9716E-01 0.3953E-01 0.1083E-01 0.8419E-02 0.0000E+00
0.0000E+00 0.2869E-02 0.1986E-02 0.5209E-01 0.2962E-01 0.2403E-01 0.1367E-02 0.3657E-02 0.7957E-01 0.1699E-01 0.5409E-01 0.2864E-02 0.5886E-03 0.5480E-03 0.5251E-03 0.1437E-02 0.1989E+00 0.2477E-02 0.2477E-02 0.1272E-01 0.1062E-01 0.0000E+00
0.0000E+00 0.4594E-02 0.2303E-02 0.1084E+00 0.5717E-01 0.2650E-01 0.2477E-02 0.4117E-02 0.8185E-01 0.1005E+00 0.5579E-01 0.5340E-02 0.8574E-03 0.8297E-03 0.2804E-02 0.1752E-02 0.2012E+00 0.4606E-02 0.1872E-02 0.1497E-01 0.1247E-01 0.0000E+00
0.0000E+00 0.6100E-02 0.4575E-02 0.1116E+00 0.1577E-02 0.2477E-02 0.3765E-02 0.4189E-02 0.9135E-03 0.1030E+00 0.5757E-01 0.7816E-02 0.3333E-02 0.2018E-02 0.4868E-02 0.3472E-02 0.2089E+00 0.5260E-02 0.2465E-02 0.1676E-01 0.1450E-01 0.0000E+00
0.0000E+00 0.7449E-02 0.6247E-02 0.1133E+00 0.3583E-03 0.2743E-03 0.5070E-02 0.3712E-02 0.1047E-02 0.1054E+00 0.6004E-01 0.1029E-01 0.5389E-02 0.4291E-02 0.6760E-02 0.3220E-02 0.2107E+00 0.1971E-02 0.4628E-02 0.1877E-01 0.1623E-01 0.0000E+00
0.0000E+00 0.7735E-02 0.7716E-02 0.1137E+00 0.6478E-03 0.5752E-03 0.4514E-02 0.4151E-02 0.3093E-02 0.1034E+00 0.6251E-01 0.7527E-01 0.8312E-01 0.6548E-02 0.8818E-02 0.4298E-02 0.2104E+00 0.2050E-02 0.5951E-02 0.2060E-01 0.1708E-01 0.0000E+00
0.0000E+00 0.7066E-02 0.8693E-02 0.1138E+00 0.1163E+00 0.1187E+00 0.1254E+00 0.6539E-02 0.5124E-02 0.1031E+00 0.2352E-02 0.2477E-02 0.8715E-01 0.9023E-02 0.2031E-01 0.6773E-02 0.2097E+00 0.2598E-02 0.6204E-02 0.2051E-01 0.1846E-01 0.0000E+00
0.0000E+00 0.7002E-02 0.6958E-02 0.8859E-03 0.1312E-02 0.1787E-02 0.1272E+00 0.8407E-02 0.7473E-02 0.1048E+00 0.4417E-02 0.1498E-02 0.8840E-01 0.9086E-01 0.1136E+00 0.9023E-02 0.2102E+00 0.3266E-02 0.7760E-02 0.2115E-01 0.1934E-01 0.0000E+00
0.0000E+00 0.7060E-02 0.6667E-02 0.1708E-02 0.2461E-02 0.3207E-02 0.1291E+00 0.7995E-02 0.7201E-02 0.1070E+00 0.6015E-02 0.3998E-02 0.9634E-03 0.1138E-02 0.1150E+00 0.1128E-01 0.2107E+00 0.4830E-02 0.1023E-01 0.2145E-01 0.1930E-01 0.0000E+00
0.0000E+00 0.7056E-02 0.6971E-02 0.2659E-02 0.4366E-02 0.1347E+00 0.1313E+00 0.9666E-02 0.8696E-02 0.1094E+00 0.7456E-02 0.6473E-02 0.3278E-03 0.3147E-03 0.1135E+00 0.1375E-01 0.2126E+00 0.5919E-02 0.1079E-01 0.2049E-01 0.1943E-01 0.0000E+00
0.0000E+00 0.7132E-02 0.6977E-02 0.3154E-02 0.5226E-02 0.1361E+00 0.1317E-02 0.1105E-01 0.2096E-01 0.1116E+00 0.1175E+00 0.8728E-02 0.7164E-03 0.5932E-03 0.1144E+00 0.1598E-01 0.2143E+00 0.6848E-02 0.1102E-01 0.2158E-01 0.1909E-01 0.0000E+00
0.0000E+00 0.7640E-02 0.7799E-02 0.4343E-02 0.5274E-02 0.1386E+00 0.1282E-02 0.3120E-03 0.2197E-01 0.8260E-03 0.1151E+00 0.1032E-01 0.1264E-01 0.9737E-03 0.1142E+00 0.1649E-01 0.2154E+00 0.6748E-02 0.3094E-01 0.2120E-01 0.1997E-01 0.0000E+00
0.0000E+00 0.7891E-02 0.8739E-02 0.4625E-02 0.7348E-02 0.1394E+00 0.4025E-03 0.5940E-03 0.2127E-01 0.1225E-02 0.1129E+00 0.1974E-02 0.1686E-01 0.1192E+00 0.1158E+00 0.1595E-01 0.2145E+00 0.6556E-02 0.3044E-01 0.1429E-02 0.2160E-01 0.0000E+00
0.0000E+00 0.7924E-02 0.9649E-02 0.4884E-02 0.9602E-02 0.1402E+00 0.4679E-03 0.2304E-02 0.2457E-01 0.2530E-01 0.1145E+00 0.1447E-02 0.1821E-01 0.1213E+00 0.1367E-02 0.1495E-01 0.2142E+00 0.6729E-02 0.3004E-01 0.3259E-02 0.2384E-01 0.0000E+00
0.0000E+00 0.8088E-02 0.9444E-02 0.4806E-02 0.1173E-01 0.1407E+00 0.7471E-03 0.1016E-02 0.1641E-02 0.2532E-01 0.1164E+00 0.1653E-02 0.1776E-01 0.1231E+00 0.3456E-02 0.2285E+00 0.2150E+00 0.8301E-02 0.3915E-01 0.4461E-01 0.6961E-01 0.0000E+00
0.0000E+00 0.8169E-02 0.9836E-02 0.6073E-02 0.1212E-01 0.1415E+00 0.2173E-02 0.3299E-02 0.3361E-02 0.2687E-01 0.1174E+00 0.2783E-02 0.2144E-01 0.1203E+00 0.4100E-02 0.2306E+00 0.2867E-02 0.1068E-02 0.6436E-03 0.3316E-03 0.7190E-01 0.0000E+00
0.0000E+00 0.8649E-02 0.1030E-01 0.6460E-02 0.1122E-01 0.1426E+00 0.3508E-02 0.5176E-02 0.3449E-02 0.2887E-01 0.1180E+00 0.1432E-02 0.2447E-01 0.1467E+00 0.2302E+00 0.2288E+00 0.6830E-03 0.3160E-03 0.2926E-03 0.5927E-03 0.7145E-01 0.0000E+00
0.0000E+00 0.2607E-01 0.1727E-01 0.7285E-02 0.1082E-01 0.1439E+00 0.4331E-02 0.6662E-02 0.3373E-01 0.3014E-01 0.1178E+00 0.9817E-03 0.8036E-03 0.1500E+00 0.2312E+00 0.8923E-03 0.9768E-03 0.3105E-03 0.3090E-03 0.8663E-03 0.6980E-01 0.0000E+00
0.0000E+00 0.2721E-01 0.1250E-02 0.9316E-03 0.1201E-01 0.1451E+00 0.5365E-02 0.7152E-02 0.3479E-01 0.1418E-02 0.1199E+00 0.3257E-02 0.5541E-03 0.1518E+00 0.2336E+00 0.1826E-02 0.1595E-02 0.6091E-03 0.6065E-03 0.1498E-02 0.7217E-01 0.0000E+00
0.0000E+00 0.2704E-01 0.3221E-03 0.3323E-03 0.1295E-01 0.1437E+00 0.5263E-02 0.7013E-02 0.3430E-01 0.7198E-03 0.1188E+00 0.5320E-02 0.1029E-02 0.1529E+00 0.3880E+00 0.2510E-02 0.2436E-02 0.3047E-02 0.1212E-02 0.2022E-02 0.7411E-01 0.0000E+00
0.0000E+00 0.2730E-01 0.5772E-03 0.6345E-03 0.1429E-01 0.1422E+00 0.6831E-02 0.7622E-02 0.3537E-01 0.1348E-02 0.1186E+00 0.7183E-02 0.1326E-03 0.6686E-03 0.3883E+00 0.2925E-02 0.4161E-02 0.7775E-02 0.3095E-02 0.7906E-01 0.7578E-01 0.0000E+00
0.0000E+00 0.2756E-01 0.8503E-03 0.2306E-02 0.1680E+00 0.1524E+00 0.8497E-02 0.9223E-02 0.4895E-01 0.3032E-02 0.1204E+00 0.6910E-02 0.4398E-03 0.9492E-03 0.3897E+00 0.3933E+00 0.3968E+00 0.1003E-01 0.1814E-02 0.8010E-01 0.2474E-02 0.0000E+00
0.0000E+00 0.2725E-01 0.2985E-01 0.4347E-02 0.1692E+00 0.9808E-03 0.1750E-02 0.9515E-03 0.5169E-01 0.1060E-02 0.1229E+00 0.7638E-02 0.7827E-03 0.1774E-02 0.3881E-03 0.9821E-03 0.3946E+00 0.9194E-02 0.3710E-02 0.8136E-01 0.1586E-02 0.0000E+00
0.0000E+00 0.9341E-03 0.3254E-01 0.3870E-01 0.1702E+00 0.2549E-02 0.1552E-02 0.4964E-03 0.5366E-01 0.1548E-02 0.1250E+00 0.9595E-02 0.1234E-02 0.2896E-02 0.7247E-03 0.3113E-03 0.3965E+00 0.1134E-01 0.4829E-02 0.7947E-01 0.3192E-02 0.0000E+00
0.0000E+00 0.3997E-03 0.9741E-03 0.3940E-01 0.1708E+00 0.1733E+00 0.1743E+00 0.1699E-02 0.5307E-01 0.2806E-02 0.1303E+00 0.1207E-01 0.2669E-02 0.3165E-02 0.6195E-03 0.2811E-03 0.3986E+00 0.4124E+00 0.6717E-02 0.7733E-01 0.3644E-02 0.0000E+00
0.0000E+00 0.6805E-03 0.5426E-03 0.3940E-01 0.7575E-03 0.1911E-02 0.1785E+00 0.5302E-01 0.5144E-01 0.4464E-03 0.1320E+00 0.1410E-01 0.3287E-02 0.3453E-02 0.8757E-03 0.2857E-03 0.4970E-03 0.4154E+00 0.6920E-02 0.7577E-01 0.3664E-02 0.0000E+00
0.0000E+00 0.9570E-03 0.8152E-03 0.3856E-01 0.5889E-03 0.8560E-03 0.2372E+00 0.5617E-01 0.9631E-03 0.7483E-03 0.1295E+00 0.1393E-01 0.3415E-02 0.3819E-02 0.1159E-02 0.5764E-03 0.3196E-03 0.4148E+00 0.7558E-02 0.8514E-01 0.3712E-02 0.0000E+00
0.0000E+00 0.1484E-02 0.2215E-02 0.3862E-01 0.8903E-03 0.1463E-02 0.2409E+00 0.1593E-02 0.3696E-03 0.1370E-02 0.1267E+00 0.1334E-01 0.3523E-02 0.4338E-02 0.1347E-02 0.3295E-02 0.6127E-03 0.4114E+00 0.3282E-03 0.8722E-01 0.3793E-02 0.0000E+00
0.0000E+00 0.1782E-02 0.4369E-02 0.4305E-01 0.1669E-02 0.2299E-02 0.2427E+00 0.2097E-02 0.3458E-03 0.2520E-02 0.1280E+00 0.1847E-01 0.3806E-02 0.4585E-02 0.3324E-03 0.5308E-02 0.7209E-02 0.4122E+00 0.2984E-03 0.8883E-01 0.6262E-02 0.0000E+00
0.0000E+00 0.3935E-03 0.4305E-03 0.4231E-01 0.2246E-02 0.2358E-02 0.2518E+00 0.7546E-02 0.3586E-02 0.3114E-02 0.1287E+00 0.2584E-01 0.5886E-02 0.4640E-02 0.3005E-03 0.3176E-03 0.7159E-02 0.4127E+00 0.1268E-02 0.9058E-01 0.8303E-02 0.0000E+00
0.0000E+00 0.7363E-03 0.7658E-03 0.4144E-01 0.3071E-02 0.2565E+00 0.2549E+00 0.1650E-02 0.3404E-03 0.4453E-03 0.1285E+00 0.2645E-01 0.8703E-03 0.3316E-03 0.5965E-03 0.5758E-03 0.7509E-02 0.4151E+00 0.8754E-01 0.8857E-01 0.1015E-01 0.0000E+00
0.0000E+00 0.1087E-02 0.1193E-02 0.4071E-01 0.4460E-02 0.2574E+00 0.2172E-02 0.7939E-03 0.3367E-03 0.3470E-03 0.1267E+00 0.2614E-01 0.1156E-02 0.6436E-03 0.8836E-03 0.5076E+00 0.5108E+00 0.5052E+00 0.8948E-01 0.7804E-03 0.1119E-01 0.0000E+00
0.0000E+00 0.1605E-02 0.1712E-02 0.3031E+00 0.2634E+00 0.2587E+00 0.9648E-03 0.2607E-03 0.6338E-03 0.6525E-03 0.1241E+00 0.2680E-01 0.1443E-02 0.9148E-03 0.5029E+00 0.5058E+00 0.2594E-03 0.9721E-03 0.5738E-03 0.2782E-03 0.9935E-02 0.0000E+00
0.0000E+00 0.2200E-02 0.3066E+00 0.3052E+00 0.1942E-02 0.8771E-03 0.8746E-03 0.5203E-03 0.9072E-03 0.9506E-03 0.1217E+00 0.1493E+00 0.1884E-02 0.1406E-02 0.5038E+00 0.8990E-03 0.3066E-03 0.1800E-02 0.2674E-02 0.2935E-03 0.9167E-02 0.0000E+00
0.0000E+00 0.3036E+00 0.3043E+00 0.5972E-03 0.1079E-02 0.7161E-03 0.1743E-02 0.8123E-03 0.1205E-02 0.1287E-02 0.3345E-03 0.1493E+00 0.3459E-02 0.2544E-02 0.5016E+00 0.1125E-02 0.3160E-03 0.3120E-03 0.3285E-02 0.3879E-03 0.8700E-02 0.0000E+00
0.0000E+00 0.3008E+00 0.3666E-03 0.5046E-03 0.2349E-02 0.9531E-03 0.1953E-02 0.2183E-02 0.2944E-02 0.1884E-02 0.6311E-03 0.1503E+00 0.4831E-02 0.3221E-02 0.5002E+00 0.1471E-02 0.6169E-03 0.3085E-03 0.3749E-02 0.6673E-03 0.8424E-02 0.0000E+00
0.0000E+00 0.2977E+00 0.7635E-03 0.9454E-03 0.3492E-02 0.2855E-02 0.3528E-02 0.3835E-02 0.4557E-02 0.3149E-02 0.2895E-02 0.1485E+00 0.6171E-02 0.3628E-02 0.4970E+00 0.3559E-02 0.1731E-02 0.5747E-03 0.3846E-02 0.1082E-02 0.8133E-02 0.0000E+00
0.0000E+00 0.2953E+00 0.1087E-02 0.1516E-02 0.3146E-02 0.4475E-02 0.1761E-01 0.1225E-01 0.6801E-02 0.5107E-02 0.4764E-02 0.1501E+00 0.5099E+00 0.5021E+00 0.4983E+00 0.5787E-02 0.1025E-01 0.6868E-02 0.4222E-02 0.9435E-02 0.8195E-02 0.0000E+00
0.0000E+00 0.2925E+00 0.1473E-02 0.2206E-02 0.3175E-02 0.4994E-02 0.2072E-01 0.1405E-02 0.1408E-02 0.8550E-02 0.5706E-02 0.1508E+00 0.5134E+00 0.2546E-02 0.1279E-02 0.7574E-02 0.1335E-01 0.1941E-02 0.4023E-03 0.9202E-02 0.8095E-03 0.0000E+00
0.0000E+00 0.2908E+00 0.2909E+00 0.2955E+00 0.5018E-02 0.7174E-02 0.2379E-01 0.1604E-02 0.8153E-03 0.1167E-01 0.7288E-02 0.1496E+00 0.5136E+00 0.4551E-03 0.3453E-03 0.2206E-01 0.1416E-01 0.4783E-03 0.8046E-03 0.9924E-02 0.1048E-02 0.0000E+00
0.0000E+00 0.4818E-03 0.3493E-03 0.2932E+00 0.1732E-02 0.9439E-02 0.2670E-01 0.1210E-02 0.4213E-03 0.1435E-01 0.8926E-02 0.1481E+00 0.5129E+00 0.3373E-03 0.6182E-03 0.2091E-01 0.4058E-03 0.3596E-03 0.1264E-02 0.1072E-01 0.3884E-03 0.0000E+00
0.0000E+00 0.3447E-03 0.5829E-03 0.2933E+00 0.2279E-02 0.1169E-01 0.3024E-01 0.1307E-02 0.2571E-03 0.1686E-01 0.1097E-01 0.1489E+00 0.5128E+00 0.6069E-03 0.9109E-03 0.2151E-01 0.6033E-03 0.9610E-03 0.1633E-02 0.1073E-01 0.3170E-03 0.0000E+00
0.0000E+00 0.0000E+00 0.0000E+00 0.0000E+00 0.0000E+00 0.0000E+00 0.0000E+00 0.0000E+00 0.0000E+00 0.0000E+00 0.0000E+00 0.0000E+00 0.0000E+00 0.0000E+00 0.0000E+00 0.0000E+00 0.0000E+00 0.0000E+00 0.0000E+00 0.0000E+00 0.0000E+00 0.0000E+00
