p4_rainA_lowsm_dschg.asc
ncols     22
nrows     62
xllcorner      0.00000000
yllcorner      0.00000000
cellsize      0.50000000
nodata_value -9999
0.0000E+00 0.0000E+00 0.0000E+00 0.0000E+00 0.0000E+00 0.0000E+00 0.0000E+00 0.0000E+00 0.0000E+00 0.0000E+00 0.0000E+00 0.0000E+00 0.0000E+00 0.0000E+00 0.0000E+00 0.0000E+00 0.0000E+00 0.0000E+00 0.0000E+00 0.0000E+00 0.0000E+00 0.0000E+00
0.0000E+00 0.6178E-02 0.1788E-01 0.6318E-02 0.6865E-02 0.1426E-01 0.7323E-02 0.7818E-02 0.5803E-02 0.6772E-02 0.8856E-02 0.7830E-02 0.8593E-02 0.7711E-02 0.8046E-02 0.7823E-02 0.8428E-02 0.7129E-02 0.6377E-02 0.1202E-01 0.6514E-02 0.0000E+00
0.0000E+00 0.5977E-02 0.2950E-01 0.5845E-02 0.8153E-02 0.3073E-01 0.4608E-01 0.1517E-01 0.1143E-01 0.1453E-01 0.1675E-01 0.1505E-01 0.3330E-01 0.1512E-01 0.1364E-01 0.1793E-01 0.3509E-01 0.1530E-01 0.5692E-02 0.2334E-01 0.1341E-01 0.0000E+00
0.0000E+00 0.1178E-01 0.3514E-01 0.5934E-02 0.5903E-02 0.9274E-02 0.5425E-01 0.7506E-01 0.1690E-01 0.2246E-01 0.2209E-01 0.5467E-02 0.4914E-01 0.2154E-01 0.1963E-01 0.2840E-01 0.4563E-01 0.5441E-02 0.5286E-02 0.3277E-01 0.2329E-01 0.0000E+00
0.0000E+00 0.1715E-01 0.4036E-01 0.1198E-01 0.1120E-01 0.1839E-01 0.5401E-02 0.7981E-01 0.2564E-01 0.3125E-01 0.3051E-01 0.7785E-02 0.5821E-01 0.3178E-01 0.2608E-01 0.3693E-01 0.9266E-01 0.1024E+00 0.8151E-01 0.7114E-01 0.3316E-01 0.0000E+00
0.0000E+00 0.2337E-01 0.8335E-01 0.3790E-01 0.1922E-01 0.2492E-01 0.1079E-01 0.8548E-01 0.3419E-01 0.4110E-01 0.3741E-01 0.1292E-01 0.6956E-01 0.4216E-01 0.3845E-01 0.5401E-02 0.7969E-02 0.1216E+00 0.2238E+00 0.1006E-01 0.8116E-02 0.0000E+00
0.0000E+00 0.2934E-01 0.9729E-01 0.7274E-02 0.6602E-02 0.3347E-01 0.1980E-01 0.9260E-01 0.4273E-01 0.4901E-01 0.4252E-01 0.6226E-01 0.1418E+00 0.5295E-01 0.4877E-01 0.5186E-02 0.4697E-02 0.1136E-01 0.2352E+00 0.7616E-02 0.1329E-01 0.0000E+00
0.0000E+00 0.3633E-01 0.1038E+00 0.4805E-02 0.1211E-01 0.4029E-01 0.2838E-01 0.9929E-01 0.1077E+00 0.5637E-01 0.6054E-02 0.1069E-01 0.1518E+00 0.6394E-01 0.5874E-01 0.1077E-01 0.9779E-02 0.1639E-01 0.2774E+00 0.3088E-01 0.1835E-01 0.0000E+00
0.0000E+00 0.4243E-01 0.1106E+00 0.1037E-01 0.2219E-01 0.4835E-01 0.3341E-01 0.1035E+00 0.1236E+00 0.6746E-02 0.1167E-01 0.1634E-01 0.1593E+00 0.6899E-01 0.6897E-01 0.1764E-01 0.1539E-01 0.3104E+00 0.2861E+00 0.1103E-01 0.8908E-02 0.0000E+00
0.0000E+00 0.4781E-01 0.1179E+00 0.1800E-01 0.3254E-01 0.5533E-01 0.3875E-01 0.1117E+00 0.1327E+00 0.9792E-02 0.1872E-01 0.2191E-01 0.1675E+00 0.7145E-01 0.7996E-01 0.2849E-01 0.2531E-01 0.3180E+00 0.4934E-02 0.1525E-01 0.1634E-01 0.0000E+00
0.0000E+00 0.5372E-01 0.1253E+00 0.2602E-01 0.4248E-01 0.6609E-01 0.4962E-01 0.1210E+00 0.1368E+00 0.1744E-01 0.4632E-01 0.3198E-01 0.2575E+00 0.7870E-01 0.9065E-01 0.3985E-01 0.3449E-01 0.3219E+00 0.1189E-01 0.2069E-01 0.2244E-01 0.0000E+00
0.0000E+00 0.6032E-01 0.1330E+00 0.3406E-01 0.5337E-01 0.7686E-01 0.1360E+00 0.1311E+00 0.1402E+00 0.7981E-02 0.5768E-01 0.4334E-01 0.2688E+00 0.5277E-02 0.1003E+00 0.4964E-01 0.4395E-01 0.3312E+00 0.2281E-01 0.3204E-01 0.3239E-01 0.0000E+00
0.0000E+00 0.6737E-01 0.1413E+00 0.4296E-01 0.6415E-01 0.1082E-01 0.1460E+00 0.2877E+00 0.4385E+00 0.1277E-01 0.6792E-01 0.5382E-01 0.2801E+00 0.2864E+00 0.3968E+00 0.5796E-01 0.5122E-01 0.3397E+00 0.3417E-01 0.4340E-01 0.4375E-01 0.0000E+00
0.0000E+00 0.7614E-01 0.1510E+00 0.5315E-01 0.7404E-01 0.2187E-01 0.1086E-01 0.1084E-01 0.4607E+00 0.1933E-01 0.1550E+00 0.7572E-01 0.1136E-01 0.1136E-01 0.4195E+00 0.4854E+00 0.5748E-01 0.3423E+00 0.1554E+00 0.1098E+00 0.5510E-01 0.0000E+00
0.0000E+00 0.8460E-01 0.2447E+00 0.6334E-01 0.8538E-01 0.2853E-01 0.2163E-01 0.1072E-01 0.4720E+00 0.2780E-01 0.1657E+00 0.1012E-01 0.5246E-02 0.7456E-02 0.1833E-01 0.5150E+00 0.6882E-01 0.3518E+00 0.1649E+00 0.1136E-01 0.1136E-01 0.0000E+00
0.0000E+00 0.9204E-02 0.2622E+00 0.7418E-01 0.9674E-01 0.3817E-01 0.2545E-01 0.1530E-01 0.4834E+00 0.3916E-01 0.1756E+00 0.1470E-01 0.1085E-01 0.9528E-02 0.1087E-01 0.5249E+00 0.7212E-01 0.3631E+00 0.1749E+00 0.2096E-01 0.1631E-01 0.0000E+00
0.0000E+00 0.5443E-02 0.2716E+00 0.8439E-01 0.1077E+00 0.4709E-01 0.3212E-01 0.2322E-01 0.4883E+00 0.4950E-01 0.1869E+00 0.6915E-01 0.4312E-01 0.2596E-01 0.2729E-01 0.5634E+00 0.6425E+00 0.3704E+00 0.1847E+00 0.2829E-01 0.2165E-01 0.0000E+00
0.0000E+00 0.1117E-01 0.2818E+00 0.3735E+00 0.1174E+00 0.1004E+00 0.4318E-01 0.3353E-01 0.5233E+00 0.6032E-01 0.2854E+00 0.8865E-01 0.9880E-02 0.1033E-01 0.5444E-02 0.1043E-01 0.6619E+00 0.3769E+00 0.1941E+00 0.3964E-01 0.3293E-01 0.0000E+00
0.0000E+00 0.1926E-01 0.7687E-02 0.3907E+00 0.1287E+00 0.1207E+00 0.9559E-02 0.8853E-02 0.5327E+00 0.7167E-01 0.3092E+00 0.1755E-01 0.6672E-02 0.4604E-02 0.5234E-02 0.1041E-01 0.6644E+00 0.3869E+00 0.2055E+00 0.4676E-01 0.4111E-01 0.0000E+00
0.0000E+00 0.2643E-01 0.8135E-02 0.4016E+00 0.1400E+00 0.1271E+00 0.5189E-02 0.1382E-01 0.5423E+00 0.8303E-01 0.3186E+00 0.6706E-02 0.5551E-02 0.5594E-02 0.5081E-02 0.1997E-01 0.1278E+01 0.6150E+00 0.2168E+00 0.5810E-01 0.5246E-01 0.0000E+00
0.0000E+00 0.3274E-01 0.1578E-01 0.4122E+00 0.1506E+00 0.1384E+00 0.1289E-01 0.3394E-01 0.5818E+00 0.9369E-01 0.3299E+00 0.1747E-01 0.1079E-01 0.1097E-01 0.6508E-02 0.2463E-01 0.1289E+01 0.1136E-01 0.1136E-01 0.6798E-01 0.6301E-01 0.0000E+00
0.0000E+00 0.4225E-01 0.2199E-01 0.7234E+00 0.3081E+00 0.1497E+00 0.1136E-01 0.2037E-01 0.5926E+00 0.6956E+00 0.3392E+00 0.2883E-01 0.1596E-01 0.1656E-01 0.1733E-01 0.3053E-01 0.1300E+01 0.2175E-01 0.1547E-01 0.7876E-01 0.7282E-01 0.0000E+00
0.0000E+00 0.5134E-01 0.3288E-01 0.7410E+00 0.8899E-02 0.1136E-01 0.1975E-01 0.2551E-01 0.7156E-02 0.7069E+00 0.3486E+00 0.4019E-01 0.2731E-01 0.2478E-01 0.2750E-01 0.3986E-01 0.1340E+01 0.2887E-01 0.2226E-01 0.8835E-01 0.8286E-01 0.0000E+00
0.0000E+00 0.5997E-01 0.4198E-01 0.7502E+00 0.4380E-02 0.5096E-02 0.2825E-01 0.2952E-01 0.1264E-01 0.7182E+00 0.3599E+00 0.5155E-01 0.3747E-01 0.3554E-01 0.3741E-01 0.4429E-01 0.1350E+01 0.1007E-01 0.3282E-01 0.9839E-01 0.9219E-01 0.0000E+00
0.0000E+00 0.6496E-01 0.5062E-01 0.7562E+00 0.9670E-02 0.1078E-01 0.3251E-01 0.3548E-01 0.2297E-01 0.7188E+00 0.3713E+00 0.4342E+00 0.4829E+00 0.4626E-01 0.4761E-01 0.5237E-01 0.1354E+01 0.1582E-01 0.4104E-01 0.1078E+00 0.9940E-01 0.0000E+00
0.0000E+00 0.6937E-01 0.5793E-01 0.7605E+00 0.7799E+00 0.8003E+00 0.8432E+00 0.4664E-01 0.3324E-01 0.7233E+00 0.1104E-01 0.1136E-01 0.5036E+00 0.5762E-01 0.1166E+00 0.6372E-01 0.1357E+01 0.2235E-01 0.4709E-01 0.1130E+00 0.1081E+00 0.0000E+00
0.0000E+00 0.7441E-01 0.6186E-01 0.7281E-02 0.8756E-02 0.9639E-02 0.8529E+00 0.5614E-01 0.4428E-01 0.7324E+00 0.2131E-01 0.9082E-02 0.5116E+00 0.5229E+00 0.6508E+00 0.7447E-01 0.1363E+01 0.2935E-01 0.5600E-01 0.1195E+00 0.1154E+00 0.0000E+00
0.0000E+00 0.7929E-01 0.6602E-01 0.1464E-01 0.1695E-01 0.1835E-01 0.8627E+00 0.6059E-01 0.4894E-01 0.7431E+00 0.3034E-01 0.2532E-01 0.6968E-02 0.7691E-02 0.6647E+00 0.8528E-01 0.1370E+01 0.3850E-01 0.6735E-01 0.1252E+00 0.1202E+00 0.0000E+00
0.0000E+00 0.8420E-01 0.7191E-01 0.2203E-01 0.2703E-01 0.8971E+00 0.8734E+00 0.7004E-01 0.5760E-01 0.7544E+00 0.3912E-01 0.3667E-01 0.5635E-02 0.5506E-02 0.6667E+00 0.9664E-01 0.1379E+01 0.4633E-01 0.7390E-01 0.1283E+00 0.1257E+00 0.0000E+00
0.0000E+00 0.8908E-01 0.7706E-01 0.2824E-01 0.3417E-01 0.9113E+00 0.8593E-02 0.7820E-01 0.1439E+00 0.7649E+00 0.8061E+00 0.4750E-01 0.1158E-01 0.1070E-01 0.6741E+00 0.1073E+00 0.1388E+01 0.5352E-01 0.7939E-01 0.1359E+00 0.1304E+00 0.0000E+00
0.0000E+00 0.9525E-01 0.8373E-01 0.3605E-01 0.4005E-01 0.9278E+00 0.8245E-02 0.5299E-02 0.1513E+00 0.7074E-02 0.8053E+00 0.5653E-01 0.7749E-01 0.1638E-01 0.6786E+00 0.1138E+00 0.1396E+01 0.5909E-01 0.2222E+00 0.1408E+00 0.1376E+00 0.0000E+00
0.0000E+00 0.1008E+00 0.9082E-01 0.4156E-01 0.5034E-01 0.9399E+00 0.6091E-02 0.1074E-01 0.1550E+00 0.1312E-01 0.8053E+00 0.1006E-01 0.9830E-01 0.7148E+00 0.6873E+00 0.1172E+00 0.1399E+01 0.6381E-01 0.2268E+00 0.8984E-02 0.1469E+00 0.0000E+00
0.0000E+00 0.1060E+00 0.9814E-01 0.4707E-01 0.6107E-01 0.9474E+00 0.5660E-02 0.2019E-01 0.1828E+00 0.2002E+00 0.8147E+00 0.8830E-02 0.1067E+00 0.7254E+00 0.8740E-02 0.1201E+00 0.1403E+01 0.6959E-01 0.2313E+00 0.1892E-01 0.1576E+00 0.0000E+00
0.0000E+00 0.1115E+00 0.1031E+00 0.5186E-01 0.7158E-01 0.9537E+00 0.1115E-01 0.7857E-02 0.9493E-02 0.2057E+00 0.8246E+00 0.1488E-01 0.1102E+00 0.7350E+00 0.1918E-01 0.1531E+01 0.1410E+01 0.7831E-01 0.3223E+00 0.3518E+00 0.5171E+00 0.0000E+00
0.0000E+00 0.1168E+00 0.1094E+00 0.5983E-01 0.7716E-01 0.9610E+00 0.1979E-01 0.1876E-01 0.1890E-01 0.2148E+00 0.8326E+00 0.2287E-01 0.1402E+00 0.7337E+00 0.2553E-01 0.1552E+01 0.1742E-01 0.7792E-02 0.6794E-02 0.5578E-02 0.5327E+00 0.0000E+00
0.0000E+00 0.1232E+00 0.1159E+00 0.6620E-01 0.7990E-01 0.9686E+00 0.2842E-01 0.2859E-01 0.2445E-01 0.2250E+00 0.8395E+00 0.8550E-02 0.1578E+00 0.9015E+00 0.1579E+01 0.1554E+01 0.1107E-01 0.5075E-02 0.5192E-02 0.9890E-02 0.5360E+00 0.0000E+00
0.0000E+00 0.3229E+00 0.1941E+00 0.7352E-01 0.8355E-01 0.9771E+00 0.3581E-01 0.3755E-01 0.2638E+00 0.2335E+00 0.8445E+00 0.7497E-02 0.7086E-02 0.9199E+00 0.1587E+01 0.6810E-02 0.1657E-01 0.5597E-02 0.5399E-02 0.1495E-01 0.5377E+00 0.0000E+00
0.0000E+00 0.3407E+00 0.1315E-01 0.7266E-02 0.9178E-01 0.9851E+00 0.4331E-01 0.4420E-01 0.2776E+00 0.8969E-02 0.8548E+00 0.1838E-01 0.6467E-02 0.9349E+00 0.1598E+01 0.1448E-01 0.2299E-01 0.1126E-01 0.1097E-01 0.2177E-01 0.5488E+00 0.0000E+00
0.0000E+00 0.3453E+00 0.5545E-02 0.5324E-02 0.9935E-01 0.9875E+00 0.4875E-01 0.4920E-01 0.2824E+00 0.6829E-02 0.8580E+00 0.2876E-01 0.7454E-02 0.9475E+00 0.2554E+01 0.2127E-01 0.3011E-01 0.2256E-01 0.1745E-01 0.2802E-01 0.5587E+00 0.0000E+00
0.0000E+00 0.3511E+00 0.1103E-01 0.1108E-01 0.1080E+00 0.9900E+00 0.5788E-01 0.5600E-01 0.2903E+00 0.1388E-01 0.8632E+00 0.3831E-01 0.5083E-02 0.6850E-02 0.2560E+01 0.2778E-01 0.3948E-01 0.5905E-01 0.2742E-01 0.6038E+00 0.5682E+00 0.0000E+00
0.0000E+00 0.3569E+00 0.1611E-01 0.2062E-01 0.1183E+01 0.1067E+01 0.6731E-01 0.6494E-01 0.3874E+00 0.2336E-01 0.8728E+00 0.4296E-01 0.1050E-01 0.1234E-01 0.2568E+01 0.2603E+01 0.2645E+01 0.6966E-01 0.9961E-02 0.6174E+00 0.1136E-01 0.0000E+00
0.0000E+00 0.3616E+00 0.3872E+00 0.3081E-01 0.1192E+01 0.7642E-02 0.9533E-02 0.7403E-02 0.4044E+00 0.7377E-02 0.8841E+00 0.5015E-01 0.1649E-01 0.2442E-01 0.6117E-02 0.7689E-02 0.2652E+01 0.7334E-01 0.1990E-01 0.6258E+00 0.9149E-02 0.0000E+00
0.0000E+00 0.7827E-02 0.4047E+00 0.4452E+00 0.1199E+01 0.1691E-01 0.1425E-01 0.6245E-02 0.4143E+00 0.1382E-01 0.8945E+00 0.6010E-01 0.2259E-01 0.3754E-01 0.6926E-02 0.5375E-02 0.2666E+01 0.8389E-01 0.2782E-01 0.6266E+00 0.1855E-01 0.0000E+00
0.0000E+00 0.5996E-02 0.7787E-02 0.4577E+00 0.1205E+01 0.1228E+01 0.1246E+01 0.1413E-01 0.4180E+00 0.2213E-01 0.9279E+00 0.7146E-01 0.3132E-01 0.4304E-01 0.5813E-02 0.5347E-02 0.2681E+01 0.2776E+01 0.3766E-01 0.6269E+00 0.2521E-01 0.0000E+00
0.0000E+00 0.1132E-01 0.5728E-02 0.4686E+00 0.7231E-02 0.9751E-02 0.1267E+01 0.4383E+00 0.4195E+00 0.5971E-02 0.9374E+00 0.8122E-01 0.3816E-01 0.4884E-01 0.1133E-01 0.4987E-02 0.6086E-02 0.2793E+01 0.4358E-01 0.6288E+00 0.3041E-01 0.0000E+00
0.0000E+00 0.1712E-01 0.1114E-01 0.4721E+00 0.6485E-02 0.7310E-02 0.1734E+01 0.4564E+00 0.7418E-02 0.1113E-01 0.9373E+00 0.8593E-01 0.4359E-01 0.5439E-01 0.1539E-01 0.1057E-01 0.5217E-02 0.2797E+01 0.5039E-01 0.6890E+00 0.3546E-01 0.0000E+00
0.0000E+00 0.2330E-01 0.1977E-01 0.4773E+00 0.1201E-01 0.1396E-01 0.1754E+01 0.9232E-02 0.5444E-02 0.2217E-01 0.9367E+00 0.8964E-01 0.4856E-01 0.6087E-01 0.2085E-01 0.4031E-01 0.1074E-01 0.2795E+01 0.5512E-02 0.7042E+00 0.4074E-01 0.0000E+00
0.0000E+00 0.2885E-01 0.5484E-01 0.5377E+00 0.1932E-01 0.2140E-01 0.1764E+01 0.1041E-01 0.5993E-02 0.3044E-01 0.9453E+00 0.1525E+00 0.5419E-01 0.6648E-01 0.6141E-02 0.5574E-01 0.7465E-01 0.2802E+01 0.5720E-02 0.7133E+00 0.5208E-01 0.0000E+00
0.0000E+00 0.6029E-02 0.6412E-02 0.5415E+00 0.2581E-01 0.2661E-01 0.1842E+01 0.6901E-01 0.4885E-01 0.3720E-01 0.9527E+00 0.2413E+00 0.8004E-01 0.7166E-01 0.5761E-02 0.5113E-02 0.7984E-01 0.2808E+01 0.1258E-01 0.7231E+00 0.6214E-01 0.0000E+00
0.0000E+00 0.1166E-01 0.1204E-01 0.5447E+00 0.3325E-01 0.1895E+01 0.1865E+01 0.1406E-01 0.5776E-02 0.6401E-02 0.9633E+00 0.2477E+00 0.7735E-02 0.5478E-02 0.1109E-01 0.1091E-01 0.8587E-01 0.2819E+01 0.7384E+00 0.7248E+00 0.7179E-01 0.0000E+00
0.0000E+00 0.1724E-01 0.1797E-01 0.5479E+00 0.4201E-01 0.1914E+01 0.1572E-01 0.6880E-02 0.5658E-02 0.5278E-02 0.9654E+00 0.2523E+00 0.1379E-01 0.1110E-01 0.1534E-01 0.3673E+01 0.3665E+01 0.3578E+01 0.7531E+00 0.6858E-02 0.7897E-01 0.0000E+00
0.0000E+00 0.2365E-01 0.2425E-01 0.2525E+01 0.1975E+01 0.1927E+01 0.7622E-02 0.5268E-02 0.1108E-01 0.1049E-01 0.9648E+00 0.2591E+00 0.1922E-01 0.1649E-01 0.3691E+01 0.3679E+01 0.5052E-02 0.7707E-02 0.1112E-01 0.5588E-02 0.8186E-01 0.0000E+00
0.0000E+00 0.2986E-01 0.2575E+01 0.2547E+01 0.1556E-01 0.7616E-02 0.7507E-02 0.1046E-01 0.1649E-01 0.1566E-01 0.9652E+00 0.1232E+01 0.2567E-01 0.2265E-01 0.3698E+01 0.1142E-01 0.4784E-02 0.1502E-01 0.3704E-01 0.5617E-02 0.8478E-01 0.0000E+00
0.0000E+00 0.2610E+01 0.2581E+01 0.6664E-02 0.8217E-02 0.6972E-02 0.1448E-01 0.1611E-01 0.2218E-01 0.2145E-01 0.5165E-02 0.1237E+01 0.3452E-01 0.3075E-01 0.3698E+01 0.1684E-01 0.5125E-02 0.5618E-02 0.4830E-01 0.5674E-02 0.8811E-01 0.0000E+00
0.0000E+00 0.2609E+01 0.6141E-02 0.6268E-02 0.1674E-01 0.1297E-01 0.2002E-01 0.2495E-01 0.3166E-01 0.2784E-01 0.1102E-01 0.1245E+01 0.4298E-01 0.3764E-01 0.3700E+01 0.2289E-01 0.1052E-01 0.4866E-02 0.5453E-01 0.1134E-01 0.9141E-01 0.0000E+00
0.0000E+00 0.2608E+01 0.1194E-01 0.1255E-01 0.2447E-01 0.2290E-01 0.2929E-01 0.3422E-01 0.4091E-01 0.3636E-01 0.2188E-01 0.1247E+01 0.5144E-01 0.4380E-01 0.3697E+01 0.3317E-01 0.1858E-01 0.1049E-01 0.5934E-01 0.1702E-01 0.9588E-01 0.0000E+00
0.0000E+00 0.2607E+01 0.1752E-01 0.1897E-01 0.2906E-01 0.3209E-01 0.1339E+00 0.9494E-01 0.5160E-01 0.4556E-01 0.3177E-01 0.1256E+01 0.3815E+01 0.3755E+01 0.3706E+01 0.4390E-01 0.1137E+00 0.8593E-01 0.6522E-01 0.1239E+00 0.1014E+00 0.0000E+00
0.0000E+00 0.2605E+01 0.2340E-01 0.2582E-01 0.3399E-01 0.3870E-01 0.1520E+00 0.8787E-02 0.8658E-02 0.6428E-01 0.3943E-01 0.1264E+01 0.3840E+01 0.1701E-01 0.8710E-02 0.5348E-01 0.1318E+00 0.9959E-02 0.5665E-02 0.1273E+00 0.7364E-02 0.0000E+00
0.0000E+00 0.2611E+01 0.2636E+01 0.2705E+01 0.4380E-01 0.4933E-01 0.1701E+00 0.9313E-02 0.7128E-02 0.8228E-01 0.4856E-01 0.1267E+01 0.3851E+01 0.6335E-02 0.5642E-02 0.2026E+00 0.1442E+00 0.6326E-02 0.1175E-01 0.1446E+00 0.1289E-01 0.0000E+00
0.0000E+00 0.6319E-02 0.5902E-02 0.2710E+01 0.9559E-02 0.6015E-01 0.1872E+00 0.8099E-02 0.5919E-02 0.9898E-01 0.5791E-01 0.1269E+01 0.3855E+01 0.5431E-02 0.1121E-01 0.2055E+00 0.5913E-02 0.5710E-02 0.1757E-01 0.1566E+00 0.6132E-02 0.0000E+00
0.0000E+00 0.5936E-02 0.1124E-01 0.2726E+01 0.1625E-01 0.7081E-01 0.2066E+00 0.8617E-02 0.5460E-02 0.1152E+00 0.6823E-01 0.1277E+01 0.3860E+01 0.1091E-01 0.1638E-01 0.2361E+00 0.1093E-01 0.1194E-01 0.2344E-01 0.1623E+00 0.5685E-02 0.0000E+00
0.0000E+00 0.0000E+00 0.0000E+00 0.0000E+00 0.0000E+00 0.0000E+00 0.0000E+00 0.0000E+00 0.0000E+00 0.0000E+00 0.0000E+00 0.0000E+00 0.0000E+00 0.0000E+00 0.0000E+00 0.0000E+00 0.0000E+00 0.0000E+00 0.0000E+00 0.0000E+00 0.0000E+00 0.0000E+00
