p4_rainA_highsm_dschg.asc
ncols     22
nrows     62
xllcorner      0.00000000
yllcorner      0.00000000
cellsize      0.50000000
nodata_value -9999
0.0000E+00 0.0000E+00 0.0000E+00 0.0000E+00 0.0000E+00 0.0000E+00 0.0000E+00 0.0000E+00 0.0000E+00 0.0000E+00 0.0000E+00 0.0000E+00 0.0000E+00 0.0000E+00 0.0000E+00 0.0000E+00 0.0000E+00 0.0000E+00 0.0000E+00 0.0000E+00 0.0000E+00 0.0000E+00
0.0000E+00 0.6750E-02 0.1972E-01 0.6730E-02 0.7527E-02 0.1532E-01 0.7937E-02 0.8233E-02 0.6493E-02 0.7376E-02 0.9379E-02 0.8434E-02 0.9035E-02 0.8199E-02 0.8507E-02 0.8265E-02 0.9068E-02 0.7954E-02 0.6717E-02 0.1304E-01 0.7049E-02 0.0000E+00
0.0000E+00 0.6600E-02 0.3266E-01 0.6674E-02 0.9303E-02 0.3349E-01 0.4995E-01 0.1610E-01 0.1318E-01 0.1592E-01 0.1772E-01 0.1639E-01 0.3528E-01 0.1631E-01 0.1478E-01 0.1864E-01 0.3739E-01 0.1697E-01 0.6422E-02 0.2574E-01 0.1456E-01 0.0000E+00
0.0000E+00 0.1294E-01 0.3888E-01 0.6372E-02 0.6849E-02 0.9645E-02 0.5856E-01 0.8099E-01 0.1920E-01 0.2456E-01 0.2340E-01 0.6219E-02 0.5204E-01 0.2314E-01 0.2142E-01 0.2930E-01 0.4813E-01 0.6422E-02 0.6300E-02 0.3558E-01 0.2478E-01 0.0000E+00
0.0000E+00 0.1923E-01 0.4487E-01 0.1314E-01 0.1280E-01 0.1912E-01 0.6252E-02 0.8664E-01 0.2851E-01 0.3384E-01 0.3243E-01 0.8360E-02 0.6146E-01 0.3373E-01 0.2920E-01 0.3842E-01 0.9691E-01 0.1083E+00 0.8801E-01 0.7612E-01 0.3487E-01 0.0000E+00
0.0000E+00 0.2601E-01 0.9252E-01 0.4192E-01 0.2172E-01 0.2628E-01 0.1240E-01 0.9257E-01 0.3763E-01 0.4401E-01 0.3974E-01 0.1432E-01 0.7281E-01 0.4429E-01 0.4280E-01 0.6295E-02 0.8884E-02 0.1285E+00 0.2376E+00 0.1037E-01 0.9832E-02 0.0000E+00
0.0000E+00 0.3277E-01 0.1075E+00 0.7868E-02 0.7429E-02 0.3548E-01 0.2202E-01 0.1006E+00 0.4651E-01 0.5259E-01 0.4561E-01 0.6736E-01 0.1506E+00 0.5522E-01 0.5338E-01 0.6260E-02 0.6254E-02 0.1136E-01 0.2490E+00 0.8446E-02 0.1536E-01 0.0000E+00
0.0000E+00 0.4012E-01 0.1145E+00 0.6481E-02 0.1373E-01 0.4273E-01 0.3121E-01 0.1082E+00 0.1164E+00 0.6079E-01 0.6671E-02 0.1099E-01 0.1610E+00 0.6631E-01 0.6394E-01 0.1253E-01 0.1246E-01 0.1710E-01 0.2954E+00 0.3510E-01 0.2114E-01 0.0000E+00
0.0000E+00 0.4660E-01 0.1222E+00 0.1262E-01 0.2400E-01 0.5149E-01 0.3771E-01 0.1128E+00 0.1331E+00 0.7141E-02 0.1297E-01 0.1712E-01 0.1691E+00 0.7258E-01 0.7446E-01 0.2008E-01 0.1855E-01 0.3302E+00 0.3045E+00 0.1113E-01 0.9342E-02 0.0000E+00
0.0000E+00 0.5284E-01 0.1300E+00 0.2079E-01 0.3458E-01 0.5909E-01 0.4354E-01 0.1214E+00 0.1426E+00 0.1016E-01 0.2048E-01 0.2317E-01 0.1778E+00 0.7608E-01 0.8553E-01 0.3104E-01 0.2878E-01 0.3387E+00 0.6525E-02 0.1636E-01 0.1807E-01 0.0000E+00
0.0000E+00 0.5901E-01 0.1376E+00 0.2913E-01 0.4487E-01 0.7001E-01 0.5448E-01 0.1312E+00 0.1474E+00 0.1850E-01 0.4925E-01 0.3347E-01 0.2730E+00 0.8395E-01 0.9638E-01 0.4240E-01 0.3849E-01 0.3432E+00 0.1401E-01 0.2224E-01 0.2462E-01 0.0000E+00
0.0000E+00 0.6630E-01 0.1459E+00 0.3766E-01 0.5587E-01 0.8091E-01 0.1454E+00 0.1416E+00 0.1511E+00 0.8950E-02 0.6061E-01 0.4482E-01 0.2844E+00 0.6277E-02 0.1062E+00 0.5249E-01 0.4831E-01 0.3530E+00 0.2499E-01 0.3359E-01 0.3483E-01 0.0000E+00
0.0000E+00 0.7372E-01 0.1549E+00 0.4692E-01 0.6676E-01 0.1097E-01 0.1558E+00 0.3082E+00 0.4700E+00 0.1471E-01 0.7105E-01 0.5546E-01 0.2957E+00 0.3040E+00 0.4206E+00 0.6115E-01 0.5642E-01 0.3623E+00 0.3635E-01 0.4495E-01 0.4619E-01 0.0000E+00
0.0000E+00 0.8280E-01 0.1650E+00 0.5748E-01 0.7708E-01 0.2210E-01 0.1099E-01 0.1097E-01 0.4923E+00 0.2195E-01 0.1600E+00 0.7757E-01 0.1136E-01 0.1136E-01 0.4433E+00 0.5130E+00 0.6329E-01 0.3652E+00 0.1615E+00 0.1138E+00 0.5755E-01 0.0000E+00
0.0000E+00 0.9206E-01 0.2667E+00 0.6800E-01 0.8843E-01 0.2919E-01 0.2196E-01 0.1099E-01 0.5037E+00 0.3077E-01 0.1708E+00 0.1065E-01 0.6269E-02 0.8112E-02 0.1911E-01 0.5434E+00 0.7463E-01 0.3752E+00 0.1714E+00 0.1136E-01 0.1136E-01 0.0000E+00
0.0000E+00 0.9616E-02 0.2854E+00 0.7892E-01 0.9979E-01 0.3928E-01 0.2652E-01 0.1603E-01 0.5150E+00 0.4213E-01 0.1810E+00 0.1592E-01 0.1247E-01 0.9963E-02 0.1100E-01 0.5536E+00 0.7832E-01 0.3865E+00 0.1816E+00 0.2135E-01 0.1761E-01 0.0000E+00
0.0000E+00 0.6252E-02 0.2951E+00 0.8938E-01 0.1109E+00 0.4864E-01 0.3376E-01 0.2460E-01 0.5207E+00 0.5262E-01 0.1923E+00 0.7536E-01 0.4810E-01 0.2902E-01 0.2838E-01 0.5933E+00 0.6792E+00 0.3944E+00 0.1919E+00 0.2954E-01 0.2366E-01 0.0000E+00
0.0000E+00 0.1237E-01 0.3055E+00 0.4024E+00 0.1209E+00 0.1039E+00 0.4487E-01 0.3514E-01 0.5578E+00 0.6354E-01 0.2983E+00 0.9574E-01 0.1024E-01 0.1259E-01 0.6308E-02 0.1062E-01 0.6994E+00 0.4014E+00 0.2016E+00 0.4089E-01 0.3496E-01 0.0000E+00
0.0000E+00 0.2126E-01 0.8238E-02 0.4206E+00 0.1323E+00 0.1248E+00 0.9971E-02 0.9941E-02 0.5677E+00 0.7489E-01 0.3234E+00 0.1821E-01 0.7208E-02 0.6248E-02 0.6257E-02 0.1264E-01 0.7046E+00 0.4117E+00 0.2129E+00 0.4870E-01 0.4347E-01 0.0000E+00
0.0000E+00 0.2895E-01 0.8565E-02 0.4317E+00 0.1436E+00 0.1318E+00 0.6254E-02 0.1538E-01 0.5777E+00 0.8625E-01 0.3333E+00 0.7169E-02 0.6520E-02 0.6278E-02 0.6267E-02 0.2509E-01 0.1352E+01 0.6472E+00 0.2243E+00 0.6004E-01 0.5482E-01 0.0000E+00
0.0000E+00 0.3538E-01 0.1658E-01 0.4425E+00 0.1544E+00 0.1431E+00 0.1468E-01 0.3778E-01 0.6219E+00 0.9709E-01 0.3447E+00 0.1817E-01 0.1273E-01 0.1250E-01 0.7026E-02 0.3106E-01 0.1363E+01 0.1136E-01 0.1136E-01 0.7019E-01 0.6561E-01 0.0000E+00
0.0000E+00 0.4522E-01 0.2322E-01 0.7638E+00 0.3173E+00 0.1545E+00 0.1136E-01 0.2104E-01 0.6329E+00 0.7397E+00 0.3543E+00 0.2953E-01 0.1885E-01 0.1865E-01 0.1801E-01 0.3725E-01 0.1374E+01 0.2204E-01 0.1625E-01 0.8108E-01 0.7565E-01 0.0000E+00
0.0000E+00 0.5464E-01 0.3418E-01 0.7830E+00 0.9675E-02 0.1136E-01 0.2039E-01 0.2749E-01 0.8154E-02 0.7510E+00 0.3642E+00 0.4089E-01 0.3021E-01 0.2741E-01 0.2857E-01 0.4710E-01 0.1415E+01 0.2964E-01 0.2353E-01 0.9100E-01 0.8607E-01 0.0000E+00
0.0000E+00 0.6361E-01 0.4392E-01 0.7926E+00 0.6467E-02 0.6276E-02 0.2952E-01 0.3251E-01 0.1415E-01 0.7623E+00 0.3756E+00 0.5225E-01 0.4072E-01 0.3837E-01 0.3875E-01 0.5220E-01 0.1425E+01 0.1040E-01 0.3428E-01 0.1014E+00 0.9584E-01 0.0000E+00
0.0000E+00 0.6998E-01 0.5321E-01 0.7994E+00 0.1263E-01 0.1250E-01 0.3427E-01 0.3951E-01 0.2466E-01 0.7639E+00 0.3869E+00 0.4505E+00 0.5025E+00 0.4929E-01 0.4927E-01 0.6066E-01 0.1431E+01 0.1668E-01 0.4334E-01 0.1113E+00 0.1037E+00 0.0000E+00
0.0000E+00 0.7445E-01 0.6131E-01 0.8051E+00 0.8279E+00 0.8505E+00 0.8955E+00 0.5071E-01 0.3512E-01 0.7688E+00 0.1113E-01 0.1136E-01 0.5236E+00 0.6065E-01 0.1213E+00 0.7201E-01 0.1435E+01 0.2392E-01 0.4983E-01 0.1168E+00 0.1127E+00 0.0000E+00
0.0000E+00 0.8016E-01 0.6572E-01 0.7978E-02 0.9080E-02 0.1005E-01 0.9057E+00 0.6082E-01 0.4624E-01 0.7786E+00 0.2169E-01 0.9505E-02 0.5327E+00 0.5440E+00 0.6765E+00 0.8291E-01 0.1442E+01 0.3141E-01 0.5927E-01 0.1240E+00 0.1205E+00 0.0000E+00
0.0000E+00 0.8593E-01 0.7033E-01 0.1580E-01 0.1774E-01 0.1936E-01 0.9159E+00 0.6576E-01 0.5162E-01 0.7894E+00 0.3129E-01 0.2731E-01 0.8281E-02 0.8766E-02 0.6924E+00 0.9381E-01 0.1449E+01 0.4092E-01 0.7062E-01 0.1305E+00 0.1260E+00 0.0000E+00
0.0000E+00 0.9148E-01 0.7666E-01 0.2405E-01 0.2797E-01 0.9529E+00 0.9268E+00 0.7548E-01 0.6090E-01 0.8007E+00 0.4058E-01 0.3867E-01 0.6304E-02 0.6314E-02 0.6954E+00 0.1052E+00 0.1459E+01 0.4934E-01 0.7787E-01 0.1342E+00 0.1321E+00 0.0000E+00
0.0000E+00 0.9722E-01 0.8223E-01 0.3104E-01 0.3603E-01 0.9684E+00 0.9068E-02 0.8454E-01 0.1540E+00 0.8115E+00 0.8549E+00 0.4959E-01 0.1285E-01 0.1252E-01 0.7035E+00 0.1160E+00 0.1469E+01 0.5736E-01 0.8417E-01 0.1427E+00 0.1374E+00 0.0000E+00
0.0000E+00 0.1041E+00 0.8992E-01 0.3970E-01 0.4210E-01 0.9863E+00 0.9009E-02 0.6246E-02 0.1622E+00 0.7787E-02 0.8554E+00 0.5910E-01 0.8148E-01 0.1901E-01 0.7089E+00 0.1231E+00 0.1478E+01 0.6308E-01 0.2351E+00 0.1478E+00 0.1453E+00 0.0000E+00
0.0000E+00 0.1103E+00 0.9792E-01 0.4625E-01 0.5265E-01 0.1000E+01 0.6652E-02 0.1244E-01 0.1664E+00 0.1458E-01 0.8565E+00 0.1039E-01 0.1027E+00 0.7485E+00 0.7184E+00 0.1274E+00 0.1482E+01 0.6880E-01 0.2400E+00 0.9390E-02 0.1550E+00 0.0000E+00
0.0000E+00 0.1161E+00 0.1059E+00 0.5284E-01 0.6355E-01 0.1008E+01 0.6858E-02 0.2235E-01 0.1969E+00 0.2163E+00 0.8661E+00 0.9384E-02 0.1118E+00 0.7593E+00 0.9162E-02 0.1308E+00 0.1487E+01 0.7497E-01 0.2449E+00 0.1954E-01 0.1659E+00 0.0000E+00
0.0000E+00 0.1221E+00 0.1112E+00 0.5829E-01 0.7417E-01 0.1015E+01 0.1303E-01 0.8318E-02 0.9772E-02 0.2224E+00 0.8764E+00 0.1575E-01 0.1163E+00 0.7695E+00 0.1978E-01 0.1628E+01 0.1495E+01 0.8448E-01 0.3432E+00 0.3735E+00 0.5481E+00 0.0000E+00
0.0000E+00 0.1279E+00 0.1179E+00 0.6710E-01 0.8101E-01 0.1023E+01 0.2229E-01 0.1931E-01 0.1970E-01 0.2318E+00 0.8850E+00 0.2434E-01 0.1484E+00 0.7693E+00 0.2756E-01 0.1651E+01 0.1857E-01 0.8515E-02 0.7356E-02 0.6383E-02 0.5648E+00 0.0000E+00
0.0000E+00 0.1346E+00 0.1249E+00 0.7373E-01 0.8470E-01 0.1031E+01 0.3136E-01 0.2948E-01 0.2598E-01 0.2422E+00 0.8925E+00 0.9303E-02 0.1672E+00 0.9468E+00 0.1680E+01 0.1653E+01 0.1303E-01 0.6257E-02 0.6252E-02 0.1246E-01 0.5698E+00 0.0000E+00
0.0000E+00 0.3524E+00 0.2115E+00 0.8144E-01 0.8969E-01 0.1040E+01 0.3911E-01 0.3885E-01 0.2834E+00 0.2512E+00 0.8983E+00 0.8247E-02 0.7747E-02 0.9658E+00 0.1689E+01 0.7982E-02 0.1921E-01 0.6280E-02 0.6273E-02 0.1857E-01 0.5718E+00 0.0000E+00
0.0000E+00 0.3730E+00 0.1493E-01 0.8207E-02 0.9831E-01 0.1049E+01 0.4733E-01 0.4597E-01 0.2979E+00 0.9365E-02 0.9090E+00 0.1922E-01 0.7098E-02 0.9821E+00 0.1700E+01 0.1617E-01 0.2642E-01 0.1249E-01 0.1249E-01 0.2581E-01 0.5829E+00 0.0000E+00
0.0000E+00 0.3781E+00 0.6276E-02 0.6404E-02 0.1064E+00 0.1052E+01 0.5306E-01 0.5166E-01 0.3028E+00 0.7557E-02 0.9131E+00 0.2976E-01 0.8459E-02 0.9973E+00 0.2707E+01 0.2364E-01 0.3418E-01 0.2380E-01 0.1969E-01 0.3277E-01 0.5932E+00 0.0000E+00
0.0000E+00 0.3846E+00 0.1248E-01 0.1261E-01 0.1153E+00 0.1055E+01 0.6253E-01 0.5891E-01 0.3113E+00 0.1494E-01 0.9189E+00 0.3989E-01 0.6255E-02 0.7459E-02 0.2714E+01 0.3054E-01 0.4403E-01 0.6322E-01 0.2983E-01 0.6448E+00 0.6030E+00 0.0000E+00
0.0000E+00 0.3910E+00 0.1856E-01 0.2246E-01 0.1262E+01 0.1137E+01 0.7225E-01 0.6843E-01 0.4135E+00 0.2475E-01 0.9289E+00 0.4529E-01 0.1245E-01 0.1378E-01 0.2723E+01 0.2761E+01 0.2810E+01 0.7414E-01 0.1017E-01 0.6592E+00 0.1136E-01 0.0000E+00
0.0000E+00 0.3961E+00 0.4246E+00 0.3297E-01 0.1271E+01 0.8274E-02 0.1000E-01 0.8207E-02 0.4317E+00 0.8495E-02 0.9402E+00 0.5284E-01 0.1888E-01 0.2709E-01 0.6592E-02 0.8243E-02 0.2818E+01 0.7813E-01 0.2043E-01 0.6681E+00 0.9640E-02 0.0000E+00
0.0000E+00 0.8189E-02 0.4428E+00 0.4859E+00 0.1279E+01 0.1792E-01 0.1549E-01 0.6967E-02 0.4421E+00 0.1545E-01 0.9509E+00 0.6315E-01 0.2558E-01 0.4134E-01 0.7557E-02 0.6268E-02 0.2834E+01 0.8883E-01 0.2920E-01 0.6702E+00 0.1932E-01 0.0000E+00
0.0000E+00 0.6847E-02 0.8238E-02 0.4996E+00 0.1287E+01 0.1311E+01 0.1331E+01 0.1579E-01 0.4468E+00 0.2432E-01 0.9865E+00 0.7450E-01 0.3482E-01 0.4757E-01 0.7304E-02 0.6250E-02 0.2850E+01 0.2950E+01 0.3938E-01 0.6719E+00 0.2647E-01 0.0000E+00
0.0000E+00 0.1305E-01 0.7061E-02 0.5116E+00 0.7661E-02 0.1031E-01 0.1353E+01 0.4706E+00 0.4491E+00 0.6798E-02 0.9967E+00 0.8492E-01 0.4205E-01 0.5379E-01 0.1346E-01 0.6255E-02 0.6969E-02 0.2968E+01 0.4584E-01 0.6743E+00 0.3245E-01 0.0000E+00
0.0000E+00 0.1919E-01 0.1323E-01 0.5159E+00 0.7216E-02 0.7991E-02 0.1854E+01 0.4897E+00 0.8221E-02 0.1305E-01 0.9980E+00 0.9043E-01 0.4816E-01 0.6028E-01 0.1973E-01 0.1244E-01 0.6355E-02 0.2975E+01 0.5301E-01 0.7374E+00 0.3865E-01 0.0000E+00
0.0000E+00 0.2613E-01 0.2239E-01 0.5222E+00 0.1352E-01 0.1528E-01 0.1874E+01 0.9673E-02 0.6498E-02 0.2557E-01 0.9981E+00 0.9482E-01 0.5404E-01 0.6717E-01 0.2562E-01 0.4719E-01 0.1250E-01 0.2974E+01 0.6409E-02 0.7538E+00 0.4441E-01 0.0000E+00
0.0000E+00 0.3235E-01 0.6133E-01 0.5898E+00 0.2119E-01 0.2317E-01 0.1884E+01 0.1065E-01 0.6375E-02 0.3417E-01 0.1007E+01 0.1640E+00 0.6028E-01 0.7347E-01 0.6416E-02 0.6333E-01 0.8465E-01 0.2982E+01 0.6254E-02 0.7635E+00 0.5575E-01 0.0000E+00
0.0000E+00 0.6592E-02 0.6780E-02 0.5946E+00 0.2837E-01 0.2904E-01 0.1968E+01 0.7456E-01 0.5378E-01 0.4131E-01 0.1015E+01 0.2610E+00 0.8779E-01 0.7903E-01 0.6197E-02 0.6416E-02 0.9030E-01 0.2989E+01 0.1444E-01 0.7736E+00 0.6621E-01 0.0000E+00
0.0000E+00 0.1298E-01 0.1315E-01 0.5988E+00 0.3614E-01 0.2027E+01 0.1993E+01 0.1540E-01 0.6363E-02 0.6770E-02 0.1027E+01 0.2682E+00 0.7990E-02 0.6336E-02 0.1239E-01 0.1260E-01 0.9693E-01 0.3000E+01 0.7916E+00 0.7757E+00 0.7624E-01 0.0000E+00
0.0000E+00 0.1937E-01 0.1981E-01 0.6028E+00 0.4525E-01 0.2048E+01 0.1696E-01 0.7727E-02 0.6400E-02 0.6448E-02 0.1029E+01 0.2733E+00 0.1444E-01 0.1261E-01 0.1858E-01 0.3927E+01 0.3916E+01 0.3816E+01 0.8082E+00 0.7747E-02 0.8455E-01 0.0000E+00
0.0000E+00 0.2632E-01 0.2678E-01 0.2723E+01 0.2116E+01 0.2063E+01 0.8255E-02 0.6273E-02 0.1260E-01 0.1265E-01 0.1030E+01 0.2807E+00 0.2072E-01 0.1874E-01 0.3953E+01 0.3936E+01 0.6227E-02 0.8251E-02 0.1261E-01 0.6254E-02 0.8780E-01 0.0000E+00
0.0000E+00 0.3345E-01 0.2778E+01 0.2746E+01 0.1642E-01 0.7977E-02 0.7961E-02 0.1257E-01 0.1881E-01 0.1888E-01 0.1031E+01 0.1320E+01 0.2751E-01 0.2559E-01 0.3961E+01 0.1346E-01 0.6223E-02 0.1606E-01 0.4074E-01 0.6255E-02 0.9208E-01 0.0000E+00
0.0000E+00 0.2819E+01 0.2786E+01 0.7220E-02 0.8532E-02 0.7623E-02 0.1602E-01 0.1869E-01 0.2501E-01 0.2522E-01 0.6418E-02 0.1326E+01 0.3709E-01 0.3420E-01 0.3963E+01 0.1956E-01 0.6272E-02 0.6252E-02 0.5329E-01 0.6609E-02 0.9631E-01 0.0000E+00
0.0000E+00 0.2819E+01 0.6440E-02 0.6971E-02 0.1746E-01 0.1397E-01 0.2234E-01 0.2784E-01 0.3491E-01 0.3236E-01 0.1259E-01 0.1335E+01 0.4616E-01 0.4157E-01 0.3966E+01 0.2601E-01 0.1249E-01 0.6271E-02 0.6014E-01 0.1280E-01 0.1009E+00 0.0000E+00
0.0000E+00 0.2819E+01 0.1301E-01 0.1374E-01 0.2604E-01 0.2423E-01 0.3191E-01 0.3752E-01 0.4455E-01 0.4126E-01 0.2355E-01 0.1338E+01 0.5511E-01 0.4830E-01 0.3965E+01 0.3660E-01 0.2109E-01 0.1244E-01 0.6579E-01 0.1941E-01 0.1056E+00 0.0000E+00
0.0000E+00 0.2819E+01 0.1930E-01 0.2093E-01 0.3132E-01 0.3395E-01 0.1444E+00 0.1025E+00 0.5544E-01 0.5159E-01 0.3367E-01 0.1347E+01 0.4093E+01 0.4029E+01 0.3974E+01 0.4745E-01 0.1260E+00 0.9528E-01 0.7227E-01 0.1369E+00 0.1115E+00 0.0000E+00
0.0000E+00 0.2819E+01 0.2585E-01 0.2833E-01 0.3715E-01 0.4118E-01 0.1635E+00 0.9307E-02 0.9236E-02 0.7129E-01 0.4190E-01 0.1355E+01 0.4120E+01 0.1792E-01 0.9010E-02 0.5735E-01 0.1450E+00 0.1033E-01 0.6592E-02 0.1419E+00 0.7764E-02 0.0000E+00
0.0000E+00 0.2827E+01 0.2856E+01 0.2933E+01 0.4724E-01 0.5195E-01 0.1823E+00 0.9693E-02 0.7758E-02 0.9007E-01 0.5142E-01 0.1359E+01 0.4133E+01 0.6807E-02 0.6420E-02 0.2221E+00 0.1583E+00 0.6902E-02 0.1318E-01 0.1606E+00 0.1405E-01 0.0000E+00
0.0000E+00 0.6905E-02 0.6375E-02 0.2940E+01 0.9935E-02 0.6289E-01 0.2009E+00 0.8840E-02 0.6696E-02 0.1077E+00 0.6106E-01 0.1362E+01 0.4138E+01 0.6348E-02 0.1258E-01 0.2255E+00 0.6636E-02 0.6452E-02 0.2000E-01 0.1740E+00 0.6582E-02 0.0000E+00
0.0000E+00 0.6384E-02 0.1251E-01 0.2958E+01 0.1722E-01 0.7379E-01 0.2208E+00 0.9097E-02 0.6223E-02 0.1248E+00 0.7155E-01 0.1371E+01 0.4144E+01 0.1245E-01 0.1872E-01 0.2607E+00 0.1275E-01 0.1365E-01 0.2648E-01 0.1800E+00 0.6291E-02 0.0000E+00
0.0000E+00 0.0000E+00 0.0000E+00 0.0000E+00 0.0000E+00 0.0000E+00 0.0000E+00 0.0000E+00 0.0000E+00 0.0000E+00 0.0000E+00 0.0000E+00 0.0000E+00 0.0000E+00 0.0000E+00 0.0000E+00 0.0000E+00 0.0000E+00 0.0000E+00 0.0000E+00 0.0000E+00 0.0000E+00
