p4_rainD_lowsm_sedtr.asc
ncols     22
nrows     62
xllcorner      0.00000000
yllcorner      0.00000000
cellsize      0.50000000
nodata_value -9999
0.0000E+00 0.0000E+00 0.0000E+00 0.0000E+00 0.0000E+00 0.0000E+00 0.0000E+00 0.0000E+00 0.0000E+00 0.0000E+00 0.0000E+00 0.0000E+00 0.0000E+00 0.0000E+00 0.0000E+00 0.0000E+00 0.0000E+00 0.0000E+00 0.0000E+00 0.0000E+00 0.0000E+00 0.0000E+00
0.0000E+00 0.1633E-03 0.1051E-03 0.1181E-03 0.4656E-03 0.1046E-03 0.4497E-03 0.1391E-02 0.2079E-03 0.6555E-03 0.2614E-05 0.2067E-03 0.1379E-02 0.6778E-03 0.1826E-02 0.2713E-02 0.2384E-02 0.5383E-03 0.8952E-04 0.2917E-03 0.7757E-03 0.0000E+00
0.0000E+00 0.3850E-03 0.1198E-02 0.6924E-04 0.7468E-03 0.1684E-02 0.7873E-03 0.3445E-02 0.4352E-03 0.3139E-02 0.1606E-02 0.1235E-02 0.5262E-02 0.2473E-02 0.1343E-02 0.2185E-02 0.5207E-02 0.3482E-02 0.3065E-03 0.3016E-03 0.2202E-03 0.0000E+00
0.0000E+00 0.1031E-02 0.2242E-02 0.1274E-02 0.3738E-03 0.2226E-02 0.6298E-02 0.3833E-02 0.1263E-03 0.2530E-02 0.1660E-02 0.1218E-04 0.3984E-02 0.1381E-02 0.8223E-03 0.7498E-03 0.6141E-02 0.7836E-04 0.3029E-04 0.8620E-03 0.2406E-03 0.0000E+00
0.0000E+00 0.1180E-02 0.1591E-02 0.6793E-03 0.4725E-04 0.8184E-02 0.3634E-04 0.2885E-02 0.5173E-03 0.2332E-02 0.4072E-02 0.1566E-02 0.8313E-02 0.3798E-02 0.1335E-02 0.3817E-02 0.4155E-02 0.5030E-02 0.3215E-02 0.1245E-02 0.8585E-03 0.0000E+00
0.0000E+00 0.6897E-03 0.2085E-02 0.8498E-03 0.7518E-03 0.4285E-02 0.1751E-04 0.2706E-02 0.3065E-02 0.3029E-02 0.1753E-02 0.5201E-03 0.1001E-01 0.5893E-02 0.1737E-02 0.2142E-04 0.9814E-03 0.3027E-02 0.1114E-01 0.3822E-02 0.1422E-02 0.0000E+00
0.0000E+00 0.3250E-03 0.3687E-02 0.8176E-03 0.6687E-03 0.4931E-02 0.9504E-03 0.9080E-02 0.6838E-02 0.3268E-02 0.3303E-02 0.2164E-02 0.8474E-02 0.4746E-02 0.4074E-02 0.1403E-04 0.2879E-06 0.2260E-02 0.1194E-01 0.1815E-02 0.8276E-03 0.0000E+00
0.0000E+00 0.4294E-03 0.3566E-02 0.4416E-06 0.2469E-03 0.3000E-02 0.5751E-02 0.1120E-01 0.1232E-01 0.4501E-02 0.9415E-04 0.2262E-02 0.8189E-02 0.5736E-02 0.6839E-02 0.9956E-04 0.8944E-05 0.2093E-02 0.9708E-02 0.5430E-03 0.2721E-03 0.0000E+00
0.0000E+00 0.3336E-02 0.2218E-02 0.2911E-04 0.4265E-02 0.8638E-02 0.5914E-02 0.4519E-02 0.5278E-02 0.4397E-03 0.2582E-03 0.2361E-02 0.1578E-01 0.1480E-01 0.9396E-02 0.5134E-03 0.2654E-04 0.1103E-01 0.9473E-02 0.1388E-02 0.2060E-02 0.0000E+00
0.0000E+00 0.3425E-02 0.7237E-02 0.1891E-02 0.5597E-02 0.4640E-02 0.2490E-02 0.4051E-02 0.4580E-02 0.3622E-02 0.2504E-02 0.1484E-02 0.1300E-01 0.3491E-02 0.2532E-02 0.1619E-02 0.1840E-02 0.2161E-01 0.1341E-05 0.1474E-02 0.6972E-02 0.0000E+00
0.0000E+00 0.1383E-02 0.3461E-02 0.2815E-02 0.4863E-02 0.3665E-02 0.3490E-02 0.1078E-01 0.6650E-02 0.2481E-02 0.5038E-02 0.3637E-02 0.1308E-01 0.4328E-02 0.5060E-02 0.2100E-02 0.1205E-02 0.1159E-01 0.5289E-03 0.1011E-02 0.3009E-02 0.0000E+00
0.0000E+00 0.3105E-02 0.4946E-02 0.3058E-02 0.2917E-02 0.2609E-02 0.2881E-02 0.9991E-02 0.5054E-02 0.1331E-02 0.4988E-02 0.1309E-02 0.9427E-02 0.1159E-04 0.2036E-01 0.7339E-02 0.5091E-02 0.1470E-01 0.2815E-02 0.2350E-02 0.4076E-02 0.0000E+00
0.0000E+00 0.1755E-02 0.4804E-02 0.4787E-02 0.9179E-02 0.1141E-02 0.1061E-01 0.7269E-02 0.1376E-01 0.3976E-03 0.6733E-02 0.1126E-02 0.5813E-02 0.2750E-02 0.1497E-01 0.9854E-02 0.7279E-02 0.2048E-01 0.2937E-02 0.1939E-02 0.2354E-02 0.0000E+00
0.0000E+00 0.3229E-02 0.5216E-02 0.7370E-02 0.1696E-01 0.9365E-02 0.2841E-02 0.1144E-02 0.1434E-01 0.9149E-03 0.1033E-01 0.5177E-02 0.1208E-02 0.1361E-02 0.8307E-02 0.1952E-01 0.4118E-02 0.1090E-01 0.4763E-02 0.2222E-02 0.1614E-02 0.0000E+00
0.0000E+00 0.1201E-02 0.5344E-02 0.6189E-02 0.1196E-01 0.6545E-02 0.9561E-02 0.3876E-02 0.1091E-01 0.2040E-02 0.1958E-01 0.5716E-02 0.1088E-03 0.2286E-02 0.7754E-02 0.1717E-01 0.4709E-02 0.1586E-01 0.1324E-01 0.1804E-02 0.2257E-02 0.0000E+00
0.0000E+00 0.1209E-02 0.4244E-02 0.8817E-02 0.1235E-01 0.9798E-02 0.3841E-02 0.1156E-02 0.1181E-01 0.2963E-02 0.1197E-01 0.1956E-02 0.6154E-04 0.7490E-02 0.6303E-02 0.1635E-01 0.2882E-02 0.1545E-01 0.1950E-01 0.7135E-02 0.2750E-02 0.0000E+00
0.0000E+00 0.1780E-03 0.1261E-01 0.1170E-01 0.1769E-01 0.8450E-02 0.1256E-02 0.3963E-02 0.2811E-01 0.8343E-02 0.1209E-01 0.1779E-02 0.9405E-03 0.1322E-02 0.1362E-02 0.1517E-01 0.1639E-01 0.1739E-01 0.1956E-01 0.4947E-02 0.1485E-02 0.0000E+00
0.0000E+00 0.5849E-04 0.6180E-02 0.9373E-02 0.1105E-01 0.7470E-02 0.3308E-02 0.1757E-02 0.1370E-01 0.5914E-02 0.1545E-01 0.8545E-02 0.3977E-02 0.2378E-03 0.2907E-04 0.2182E-02 0.3161E-01 0.1553E-01 0.1654E-01 0.6181E-02 0.1021E-01 0.0000E+00
0.0000E+00 0.4256E-03 0.1448E-02 0.9466E-02 0.9337E-02 0.1564E-01 0.3037E-02 0.1247E-02 0.1429E-01 0.5557E-02 0.1593E-01 0.9632E-02 0.2574E-02 0.7217E-08 0.1719E-04 0.1421E-03 0.2990E-01 0.1756E-01 0.1384E-01 0.3908E-02 0.4358E-02 0.0000E+00
0.0000E+00 0.5255E-02 0.3371E-02 0.1091E-01 0.8376E-02 0.9688E-02 0.1093E-04 0.6346E-03 0.2816E-01 0.7797E-02 0.2733E-01 0.9828E-03 0.6402E-03 0.1793E-03 0.5140E-05 0.4984E-06 0.3582E-01 0.1648E-01 0.8803E-02 0.5281E-02 0.4075E-02 0.0000E+00
0.0000E+00 0.3149E-02 0.3827E-02 0.1887E-01 0.5906E-02 0.5386E-02 0.1527E-03 0.5265E-03 0.1463E-01 0.9286E-02 0.2241E-01 0.8790E-02 0.1650E-03 0.2350E-03 0.5914E-03 0.7758E-07 0.3390E-01 0.1192E-02 0.1658E-02 0.8409E-02 0.6132E-02 0.0000E+00
0.0000E+00 0.3331E-02 0.1525E-02 0.1674E-01 0.1184E-01 0.4455E-02 0.7292E-03 0.1839E-02 0.1220E-01 0.1554E-01 0.2108E-01 0.6155E-02 0.7693E-04 0.1535E-03 0.3955E-02 0.3923E-04 0.4287E-01 0.1012E-01 0.1139E-02 0.9007E-02 0.4301E-02 0.0000E+00
0.0000E+00 0.2708E-02 0.2706E-02 0.1815E-01 0.3954E-02 0.2267E-02 0.3709E-02 0.5968E-02 0.8088E-03 0.1479E-01 0.1731E-01 0.6294E-02 0.2551E-02 0.1652E-02 0.4227E-02 0.1566E-02 0.3347E-01 0.2407E-02 0.6329E-03 0.1017E-01 0.9022E-02 0.0000E+00
0.0000E+00 0.2196E-02 0.3671E-02 0.2579E-01 0.6149E-06 0.1098E-04 0.1587E-01 0.2201E-02 0.2416E-03 0.1403E-01 0.1645E-01 0.5950E-02 0.3849E-02 0.2053E-02 0.1030E-01 0.9488E-03 0.4033E-01 0.1629E-02 0.6138E-02 0.1722E-01 0.1828E-01 0.0000E+00
0.0000E+00 0.4421E-02 0.2037E-02 0.1714E-01 0.1389E-04 0.2190E-03 0.5696E-02 0.1135E-02 0.9368E-03 0.1320E-01 0.1361E-01 0.1367E-01 0.1490E-01 0.1883E-02 0.1047E-01 0.3086E-02 0.5110E-01 0.3662E-02 0.6994E-02 0.4830E-02 0.8330E-02 0.0000E+00
0.0000E+00 0.1688E-02 0.3259E-02 0.1397E-01 0.1421E-01 0.8086E-02 0.1091E-01 0.3192E-02 0.2209E-02 0.1647E-01 0.1170E-02 0.1192E-02 0.1093E-01 0.1565E-02 0.1054E-01 0.4010E-02 0.4175E-01 0.3299E-02 0.4731E-02 0.5956E-02 0.7045E-02 0.0000E+00
0.0000E+00 0.1168E-02 0.3567E-02 0.1627E-02 0.3251E-02 0.9508E-03 0.2110E-01 0.1045E-01 0.1385E-01 0.2639E-01 0.1104E-01 0.3172E-02 0.6826E-02 0.8948E-02 0.1578E-01 0.3234E-02 0.3495E-01 0.5165E-02 0.1156E-01 0.2382E-01 0.1817E-01 0.0000E+00
0.0000E+00 0.2754E-02 0.1841E-02 0.1907E-02 0.5520E-02 0.7990E-02 0.3243E-01 0.4009E-02 0.6045E-02 0.2469E-01 0.6541E-02 0.5016E-02 0.2131E-02 0.4040E-02 0.1417E-01 0.8990E-02 0.4237E-01 0.3578E-02 0.6878E-02 0.1679E-01 0.1136E-01 0.0000E+00
0.0000E+00 0.5681E-02 0.7872E-02 0.2495E-02 0.5839E-02 0.2174E-01 0.1558E-01 0.5063E-02 0.4097E-02 0.1251E-01 0.4174E-02 0.6862E-02 0.3458E-03 0.3101E-03 0.1994E-01 0.1026E-01 0.4936E-01 0.6559E-02 0.9120E-02 0.8686E-02 0.1533E-01 0.0000E+00
0.0000E+00 0.3053E-02 0.3759E-02 0.2350E-02 0.7427E-02 0.1760E-01 0.2500E-02 0.1480E-02 0.2817E-02 0.9934E-02 0.2276E-01 0.9994E-02 0.3561E-03 0.9593E-04 0.3097E-01 0.5308E-02 0.3940E-01 0.5022E-02 0.6953E-02 0.3035E-02 0.7033E-02 0.0000E+00
0.0000E+00 0.2492E-02 0.2983E-02 0.1542E-02 0.3766E-02 0.2790E-01 0.2957E-02 0.4454E-04 0.1228E-01 0.3021E-02 0.1475E-01 0.3513E-02 0.4270E-02 0.4929E-04 0.2574E-01 0.6730E-02 0.3443E-01 0.2750E-02 0.6507E-02 0.5085E-02 0.4564E-02 0.0000E+00
0.0000E+00 0.1655E-02 0.3434E-02 0.1002E-02 0.5324E-02 0.2280E-01 0.2880E-03 0.6713E-04 0.1542E-01 0.1818E-02 0.1254E-01 0.1215E-02 0.6325E-02 0.1282E-01 0.2394E-01 0.9706E-02 0.3201E-01 0.2443E-02 0.1056E-01 0.5046E-02 0.1568E-01 0.0000E+00
0.0000E+00 0.1957E-02 0.5444E-02 0.7722E-03 0.2771E-02 0.2801E-01 0.4110E-03 0.1653E-02 0.4712E-02 0.4145E-02 0.2723E-01 0.4409E-02 0.1580E-01 0.2097E-01 0.9830E-03 0.4630E-02 0.3289E-01 0.2316E-02 0.1302E-01 0.4972E-02 0.1768E-01 0.0000E+00
0.0000E+00 0.2401E-02 0.2484E-02 0.5005E-03 0.4545E-02 0.2672E-01 0.1381E-03 0.8474E-03 0.1071E-02 0.5846E-02 0.2364E-01 0.1475E-02 0.7829E-02 0.3769E-01 0.8758E-02 0.2982E-01 0.2404E-01 0.7011E-03 0.6300E-02 0.6260E-02 0.1107E-01 0.0000E+00
0.0000E+00 0.2818E-02 0.7246E-02 0.5868E-02 0.1430E-01 0.2681E-01 0.1527E-02 0.8004E-02 0.9814E-02 0.1437E-01 0.1513E-01 0.1545E-02 0.7616E-02 0.2211E-01 0.7767E-02 0.2893E-01 0.3807E-02 0.7777E-03 0.7783E-03 0.4733E-04 0.1923E-01 0.0000E+00
0.0000E+00 0.4251E-02 0.9073E-02 0.5577E-02 0.5260E-02 0.2560E-01 0.3464E-02 0.4661E-02 0.3113E-02 0.8843E-02 0.2436E-01 0.8744E-03 0.5919E-02 0.1992E-01 0.3149E-01 0.3427E-01 0.1071E-02 0.1604E-04 0.7824E-04 0.2161E-05 0.2754E-01 0.0000E+00
0.0000E+00 0.5617E-02 0.4988E-02 0.3432E-02 0.3027E-02 0.2188E-01 0.2428E-02 0.6854E-02 0.1032E-01 0.6226E-02 0.1387E-01 0.1568E-02 0.3077E-03 0.1899E-01 0.3245E-01 0.7388E-03 0.3714E-03 0.2047E-03 0.8803E-04 0.7428E-06 0.1551E-01 0.0000E+00
0.0000E+00 0.1044E-01 0.6957E-03 0.5820E-03 0.9383E-02 0.2203E-01 0.4640E-02 0.1007E-01 0.2268E-01 0.3165E-02 0.2110E-01 0.2393E-02 0.1038E-03 0.2489E-01 0.3092E-01 0.4605E-02 0.1162E-02 0.2344E-03 0.1808E-03 0.7994E-03 0.1602E-01 0.0000E+00
0.0000E+00 0.1848E-01 0.1652E-03 0.8934E-04 0.2363E-01 0.3768E-01 0.1099E-01 0.1433E-01 0.2780E-01 0.2318E-02 0.2483E-01 0.3682E-02 0.6767E-03 0.1998E-01 0.4677E-01 0.3865E-02 0.9151E-03 0.2224E-02 0.2738E-03 0.4350E-03 0.1401E-01 0.0000E+00
0.0000E+00 0.1283E-01 0.1216E-03 0.1556E-03 0.1627E-01 0.2466E-01 0.6665E-02 0.6677E-02 0.1820E-01 0.5256E-03 0.1526E-01 0.1277E-01 0.2995E-05 0.1193E-02 0.4288E-01 0.1785E-02 0.1473E-02 0.8229E-03 0.1491E-03 0.4238E-02 0.7254E-02 0.0000E+00
0.0000E+00 0.7953E-02 0.4291E-04 0.1905E-02 0.2999E-01 0.2431E-01 0.3598E-02 0.4709E-02 0.1938E-01 0.2631E-02 0.1038E-01 0.6953E-02 0.5658E-04 0.4725E-03 0.3709E-01 0.3015E-01 0.2993E-01 0.8789E-02 0.3776E-02 0.3963E-02 0.6740E-04 0.0000E+00
0.0000E+00 0.4911E-02 0.3527E-02 0.3914E-02 0.3674E-01 0.3001E-02 0.6318E-02 0.6561E-03 0.1360E-01 0.2146E-02 0.1510E-01 0.8147E-02 0.1427E-03 0.6065E-03 0.3961E-03 0.1588E-02 0.3863E-01 0.4896E-02 0.9802E-02 0.2378E-01 0.1957E-02 0.0000E+00
0.0000E+00 0.6001E-03 0.2671E-02 0.6077E-02 0.3513E-01 0.8180E-02 0.2487E-02 0.6182E-03 0.2163E-01 0.1561E-02 0.3723E-01 0.1050E-01 0.1556E-02 0.2703E-02 0.1032E-02 0.4823E-03 0.4500E-01 0.9588E-02 0.7569E-02 0.2707E-01 0.1431E-01 0.0000E+00
0.0000E+00 0.6545E-03 0.1516E-02 0.1437E-01 0.2245E-01 0.2233E-01 0.2600E-01 0.7049E-02 0.3004E-01 0.9737E-03 0.2185E-01 0.7965E-02 0.2817E-02 0.3170E-02 0.1468E-03 0.2543E-04 0.4334E-01 0.4173E-01 0.1191E-01 0.1404E-01 0.9857E-02 0.0000E+00
0.0000E+00 0.3581E-03 0.7741E-03 0.2815E-01 0.9399E-03 0.3879E-02 0.2834E-01 0.1495E-01 0.1773E-01 0.4564E-03 0.2146E-01 0.8046E-02 0.1983E-02 0.2261E-02 0.6750E-04 0.1074E-06 0.2937E-03 0.3706E-01 0.6575E-02 0.1231E-01 0.7685E-02 0.0000E+00
0.0000E+00 0.2564E-03 0.2061E-03 0.2597E-01 0.2776E-02 0.2210E-02 0.4412E-01 0.1804E-01 0.8763E-03 0.4194E-03 0.2323E-01 0.1307E-01 0.3030E-02 0.1437E-02 0.2483E-06 0.6305E-04 0.5306E-04 0.3983E-01 0.3063E-02 0.1624E-01 0.5060E-02 0.0000E+00
0.0000E+00 0.7512E-04 0.4328E-03 0.1629E-01 0.8044E-03 0.2156E-02 0.4483E-01 0.4036E-02 0.5947E-04 0.2000E-03 0.1647E-01 0.6296E-02 0.1773E-02 0.9898E-03 -.3367E-06 0.2135E-02 0.1581E-04 0.4374E-01 0.1053E-03 0.1184E-01 0.3731E-02 0.0000E+00
0.0000E+00 0.3025E-04 0.2075E-03 0.1325E-01 0.2972E-02 0.5825E-02 0.4935E-01 0.5689E-02 0.1804E-03 0.8503E-03 0.1721E-01 0.1217E-01 0.1360E-02 0.7335E-03 0.6306E-03 0.8555E-03 0.6085E-03 0.5163E-01 0.9377E-04 0.2113E-01 0.5861E-02 0.0000E+00
0.0000E+00 0.3372E-03 0.5520E-03 0.1324E-01 0.3529E-02 0.2236E-02 0.4387E-01 0.4173E-02 0.1391E-02 0.3044E-03 0.1573E-01 0.8820E-02 0.3660E-02 0.9749E-03 0.1149E-03 0.2769E-05 0.8423E-02 0.4952E-01 0.2105E-02 0.1946E-01 0.3103E-02 0.0000E+00
0.0000E+00 0.3053E-02 0.2950E-02 0.1650E-01 0.2876E-02 0.4626E-01 0.4589E-01 0.2513E-02 0.1902E-03 0.4101E-03 0.1739E-01 0.7069E-02 0.1824E-02 0.5017E-03 0.1323E-02 0.1379E-03 0.5693E-02 0.4270E-01 0.1161E-01 0.1231E-01 0.1300E-02 0.0000E+00
0.0000E+00 0.1276E-02 0.2511E-02 0.1408E-01 0.3171E-02 0.4703E-01 0.6316E-02 0.1727E-02 0.6702E-03 0.1393E-03 0.2243E-01 0.1981E-01 0.3640E-02 0.1347E-02 0.1774E-04 0.3564E-01 0.3536E-01 0.3768E-01 0.7635E-02 0.8386E-03 0.2994E-02 0.0000E+00
0.0000E+00 0.9013E-03 0.1350E-02 0.4980E-01 0.4095E-01 0.3969E-01 0.3467E-02 0.4605E-04 0.2197E-03 0.2554E-04 0.1282E-01 0.2221E-01 0.5493E-02 0.4034E-03 0.4028E-01 0.5338E-01 0.3342E-05 0.1901E-02 0.7640E-03 0.1660E-04 0.9656E-03 0.0000E+00
0.0000E+00 0.1222E-02 0.4413E-01 0.4500E-01 0.4296E-02 0.1290E-02 0.2335E-02 0.7159E-04 0.1542E-03 0.1439E-03 0.1343E-01 0.2567E-01 0.2888E-02 0.1610E-02 0.4990E-01 0.1573E-02 -.3847E-06 0.8125E-03 0.1352E-02 0.7794E-04 0.4751E-03 0.0000E+00
0.0000E+00 0.4160E-01 0.4147E-01 0.4122E-03 0.3071E-02 0.3042E-02 0.6772E-02 0.4131E-04 0.1183E-03 0.1528E-02 0.6639E-04 0.2736E-01 0.4623E-02 0.1019E-02 0.4765E-01 0.6179E-03 0.1373E-04 0.6624E-04 0.1459E-02 0.5066E-03 0.2813E-02 0.0000E+00
0.0000E+00 0.5378E-01 0.1351E-02 0.1314E-02 0.3221E-02 0.9758E-03 0.2592E-02 0.2029E-02 0.2373E-02 0.7219E-03 0.3871E-04 0.2494E-01 0.4088E-02 0.4580E-02 0.4864E-01 0.5187E-03 0.1035E-03 0.3668E-06 0.4521E-02 0.1895E-03 0.2085E-02 0.0000E+00
0.0000E+00 0.5082E-01 0.2342E-02 0.2284E-02 0.3768E-02 0.3648E-02 0.3800E-02 0.1627E-02 0.1444E-02 0.5680E-03 0.8398E-03 0.1886E-01 0.3666E-02 0.2209E-02 0.4533E-01 0.3087E-02 0.1385E-02 0.4280E-04 0.1633E-02 0.1986E-03 0.9530E-03 0.0000E+00
0.0000E+00 0.6276E-01 0.1495E-02 0.1893E-02 0.2250E-02 0.6858E-02 0.8460E-02 0.4606E-02 0.7109E-03 0.1669E-02 0.1902E-02 0.2030E-01 0.3106E-01 0.2729E-01 0.3485E-01 0.5721E-03 0.1655E-02 0.4316E-02 0.2483E-02 0.1106E-02 0.1725E-02 0.0000E+00
0.0000E+00 0.5228E-01 0.1158E-02 0.2413E-02 0.1923E-02 0.6471E-02 0.1149E-01 0.3033E-02 0.2615E-03 0.9308E-02 0.9430E-02 0.2478E-01 0.2718E-01 0.2427E-02 0.9275E-03 0.1199E-02 0.1305E-02 0.1192E-02 0.1237E-03 0.3101E-02 0.1937E-02 0.0000E+00
0.0000E+00 0.3232E-01 0.2362E-01 0.2151E-01 0.9290E-03 0.6042E-02 0.1834E-01 0.6114E-02 0.1402E-02 0.1401E-01 0.1105E-01 0.1668E-01 0.3468E-01 0.1081E-02 0.3965E-03 0.1409E-01 0.9832E-03 0.6028E-03 0.9006E-03 0.1844E-02 0.1937E-02 0.0000E+00
0.0000E+00 0.7334E-04 0.1141E-03 0.2011E-01 0.1301E-02 0.6340E-02 0.2190E-01 0.5736E-02 0.3792E-03 0.1251E-01 0.8013E-02 0.1344E-01 0.3214E-01 0.1420E-03 0.1319E-03 0.6364E-02 0.1113E-02 0.9386E-03 0.5818E-03 0.1087E-02 0.3020E-03 0.0000E+00
0.0000E+00 0.2192E-03 0.3587E-03 0.1851E-01 0.1713E-02 0.5187E-02 0.1587E-01 0.2934E-02 0.1405E-04 0.9096E-02 0.6770E-02 0.1213E-01 0.2926E-01 0.4336E-04 0.9298E-04 0.4815E-02 0.2043E-03 0.3912E-03 0.3806E-03 0.6489E-03 0.6820E-04 0.0000E+00
0.0000E+00 0.0000E+00 0.0000E+00 0.0000E+00 0.0000E+00 0.0000E+00 0.0000E+00 0.0000E+00 0.0000E+00 0.0000E+00 0.0000E+00 0.0000E+00 0.0000E+00 0.0000E+00 0.0000E+00 0.0000E+00 0.0000E+00 0.0000E+00 0.0000E+00 0.0000E+00 0.0000E+00 0.0000E+00
