p4_rainC_lowsm_dschg.asc
ncols     22
nrows     62
xllcorner      0.00000000
yllcorner      0.00000000
cellsize      0.50000000
nodata_value -9999
0.0000E+00 0.0000E+00 0.0000E+00 0.0000E+00 0.0000E+00 0.0000E+00 0.0000E+00 0.0000E+00 0.0000E+00 0.0000E+00 0.0000E+00 0.0000E+00 0.0000E+00 0.0000E+00 0.0000E+00 0.0000E+00 0.0000E+00 0.0000E+00 0.0000E+00 0.0000E+00 0.0000E+00 0.0000E+00
0.0000E+00 0.5157E-03 0.1166E-02 0.6102E-03 0.7695E-03 0.1847E-02 0.9980E-03 0.1328E-02 0.3754E-03 0.7576E-03 0.1680E-02 0.1243E-02 0.1630E-02 0.1244E-02 0.1415E-02 0.1326E-02 0.1491E-02 0.8297E-03 0.6517E-03 0.9113E-03 0.6736E-03 0.0000E+00
0.0000E+00 0.4467E-03 0.1815E-02 0.3339E-03 0.1116E-02 0.4408E-02 0.6753E-02 0.2376E-02 0.5780E-03 0.1909E-02 0.3010E-02 0.2135E-02 0.5899E-02 0.2241E-02 0.1561E-02 0.3557E-02 0.6280E-02 0.2125E-02 0.3224E-03 0.1467E-02 0.1425E-02 0.0000E+00
0.0000E+00 0.8324E-03 0.2055E-02 0.4913E-03 0.3454E-03 0.1906E-02 0.8190E-02 0.1075E-01 0.8259E-03 0.3143E-02 0.3058E-02 0.2473E-03 0.8518E-02 0.2802E-02 0.1894E-02 0.5879E-02 0.8663E-02 0.2106E-03 0.1615E-03 0.3418E-02 0.3534E-02 0.0000E+00
0.0000E+00 0.9425E-03 0.2064E-02 0.9058E-03 0.4905E-03 0.3767E-02 0.2219E-03 0.1020E-01 0.2441E-02 0.4800E-02 0.4506E-02 0.1259E-02 0.1039E-01 0.4964E-02 0.2173E-02 0.7430E-02 0.1829E-01 0.1834E-01 0.9550E-02 0.9419E-02 0.5720E-02 0.0000E+00
0.0000E+00 0.1457E-02 0.5280E-02 0.3358E-02 0.1689E-02 0.4489E-02 0.4296E-03 0.1025E-01 0.3975E-02 0.6915E-02 0.5343E-02 0.1182E-02 0.1290E-01 0.7339E-02 0.3263E-02 0.2089E-03 0.1184E-02 0.2205E-01 0.3616E-01 0.2178E-02 0.7639E-03 0.0000E+00
0.0000E+00 0.1737E-02 0.6945E-02 0.9835E-03 0.6140E-03 0.5982E-02 0.2113E-02 0.1094E-01 0.5621E-02 0.8199E-02 0.5043E-02 0.6868E-02 0.2186E-01 0.9800E-02 0.5535E-02 0.1268E-03 0.2946E-04 0.2651E-02 0.3879E-01 0.1083E-02 0.8730E-03 0.0000E+00
0.0000E+00 0.2644E-02 0.7532E-02 0.3137E-04 0.8040E-03 0.6807E-02 0.3658E-02 0.1140E-01 0.1638E-01 0.9168E-02 0.4723E-03 0.2167E-02 0.2386E-01 0.1224E-01 0.7414E-02 0.4279E-03 0.1215E-03 0.2784E-02 0.4299E-01 0.1769E-02 0.8515E-03 0.0000E+00
0.0000E+00 0.3080E-02 0.8130E-02 0.3479E-03 0.3087E-02 0.8069E-02 0.3303E-02 0.1068E-01 0.1903E-01 0.8167E-03 0.7527E-03 0.2640E-02 0.2505E-01 0.1223E-01 0.9615E-02 0.1196E-02 0.4736E-03 0.4889E-01 0.4472E-01 0.2488E-02 0.1749E-02 0.0000E+00
0.0000E+00 0.3047E-02 0.9184E-02 0.1540E-02 0.5406E-02 0.8884E-02 0.3307E-02 0.1207E-01 0.2075E-01 0.2065E-02 0.1688E-02 0.2855E-02 0.2649E-01 0.1093E-01 0.1215E-01 0.3718E-02 0.2619E-02 0.4990E-01 0.4452E-04 0.2099E-02 0.2557E-02 0.0000E+00
0.0000E+00 0.3426E-02 0.1029E-01 0.2975E-02 0.7526E-02 0.1126E-01 0.5899E-02 0.1384E-01 0.2027E-01 0.3252E-02 0.7314E-02 0.5110E-02 0.4083E-01 0.1190E-01 0.1455E-01 0.6480E-02 0.4421E-02 0.4953E-01 0.9114E-03 0.2264E-02 0.2996E-02 0.0000E+00
0.0000E+00 0.3997E-02 0.1152E-01 0.4340E-02 0.1002E-01 0.1370E-01 0.2147E-01 0.1601E-01 0.1957E-01 0.1164E-02 0.1005E-01 0.7757E-02 0.4356E-01 0.1580E-03 0.1671E-01 0.8625E-02 0.6413E-02 0.5124E-01 0.3547E-02 0.4920E-02 0.5186E-02 0.0000E+00
0.0000E+00 0.4923E-02 0.1287E-01 0.6114E-02 0.1251E-01 0.2455E-02 0.2352E-01 0.4178E-01 0.6355E-01 0.9127E-03 0.1238E-01 0.1017E-01 0.4603E-01 0.4471E-01 0.6337E-01 0.1025E-01 0.7394E-02 0.5256E-01 0.6186E-02 0.7579E-02 0.7934E-02 0.0000E+00
0.0000E+00 0.6682E-02 0.1478E-01 0.8221E-02 0.1453E-01 0.5000E-02 0.2503E-02 0.2494E-02 0.6854E-01 0.1532E-02 0.3013E-01 0.1509E-01 0.2595E-02 0.2781E-02 0.6853E-01 0.8009E-01 0.7932E-02 0.5147E-01 0.2936E-01 0.2065E-01 0.1046E-01 0.0000E+00
0.0000E+00 0.8080E-02 0.2460E-01 0.1038E-01 0.1713E-01 0.5944E-02 0.4846E-02 0.2196E-02 0.7100E-01 0.3136E-02 0.3261E-01 0.1952E-02 0.1540E-03 0.1068E-02 0.3586E-02 0.8611E-01 0.1052E-01 0.5321E-01 0.3143E-01 0.2787E-02 0.2636E-02 0.0000E+00
0.0000E+00 0.1857E-02 0.2773E-01 0.1293E-01 0.1974E-01 0.7927E-02 0.4451E-02 0.2182E-02 0.7361E-01 0.5906E-02 0.3474E-01 0.1804E-02 0.4819E-03 0.1952E-02 0.2488E-02 0.8805E-01 0.9876E-02 0.5579E-01 0.3370E-01 0.4812E-02 0.2498E-02 0.0000E+00
0.0000E+00 0.2412E-03 0.2973E-01 0.1518E-01 0.2219E-01 0.9718E-02 0.5171E-02 0.3443E-02 0.7390E-01 0.8314E-02 0.3725E-01 0.8330E-02 0.3912E-02 0.2904E-02 0.5198E-02 0.9556E-01 0.1064E+00 0.5678E-01 0.3573E-01 0.5822E-02 0.2544E-02 0.0000E+00
0.0000E+00 0.6462E-03 0.3198E-01 0.4832E-01 0.2421E-01 0.1973E-01 0.7827E-02 0.5739E-02 0.7848E-01 0.1084E-01 0.5163E-01 0.1233E-01 0.2093E-02 0.3857E-03 0.2124E-03 0.2376E-02 0.1102E+00 0.5752E-01 0.3777E-01 0.8566E-02 0.5094E-02 0.0000E+00
0.0000E+00 0.1915E-02 0.1218E-02 0.5146E-01 0.2697E-01 0.2403E-01 0.1972E-02 0.1344E-02 0.8025E-01 0.1354E-01 0.5570E-01 0.3251E-02 0.7477E-03 0.2160E-04 0.1477E-03 0.2214E-03 0.1085E+00 0.5944E-01 0.4034E-01 0.9613E-02 0.6672E-02 0.0000E+00
0.0000E+00 0.2875E-02 0.1470E-02 0.5371E-01 0.2937E-01 0.2481E-01 0.1278E-03 0.1318E-02 0.8214E-01 0.1625E-01 0.5756E-01 0.7851E-03 0.2462E-03 0.3171E-03 0.8349E-04 0.1712E-03 0.2111E+00 0.1048E+00 0.4291E-01 0.1223E-01 0.9285E-02 0.0000E+00
0.0000E+00 0.3484E-02 0.2733E-02 0.5584E-01 0.3151E-01 0.2736E-01 0.1270E-02 0.3551E-02 0.8594E-01 0.1865E-01 0.6006E-01 0.3049E-02 0.3779E-03 0.5103E-03 0.6823E-03 0.1395E-03 0.2134E+00 0.2711E-02 0.2563E-02 0.1440E-01 0.1159E-01 0.0000E+00
0.0000E+00 0.5506E-02 0.3189E-02 0.1183E+00 0.6291E-01 0.2998E-01 0.2647E-02 0.4346E-02 0.8794E-01 0.1083E+00 0.6192E-01 0.5711E-02 0.4684E-03 0.8304E-03 0.3101E-02 0.6352E-03 0.2156E+00 0.4972E-02 0.2268E-02 0.1689E-01 0.1376E-01 0.0000E+00
0.0000E+00 0.7392E-02 0.5787E-02 0.1213E+00 0.1575E-02 0.2636E-02 0.4143E-02 0.4173E-02 0.7960E-03 0.1108E+00 0.6378E-01 0.8429E-02 0.3179E-02 0.2285E-02 0.5234E-02 0.2482E-02 0.2237E+00 0.6107E-02 0.3012E-02 0.1891E-01 0.1583E-01 0.0000E+00
0.0000E+00 0.9090E-02 0.7498E-02 0.1230E+00 0.1492E-05 0.8921E-04 0.5672E-02 0.3509E-02 0.9904E-03 0.1128E+00 0.6612E-01 0.1105E-01 0.5344E-02 0.4626E-02 0.7414E-02 0.2181E-02 0.2253E+00 0.2156E-02 0.5419E-02 0.2100E-01 0.1772E-01 0.0000E+00
0.0000E+00 0.8755E-02 0.9052E-02 0.1237E+00 0.1866E-03 0.4653E-03 0.5391E-02 0.3566E-02 0.3355E-02 0.1110E+00 0.6857E-01 0.8202E-01 0.8944E-01 0.6957E-02 0.9606E-02 0.3622E-02 0.2247E+00 0.2567E-02 0.6751E-02 0.2276E-01 0.1878E-01 0.0000E+00
0.0000E+00 0.8351E-02 0.1006E-01 0.1233E+00 0.1254E+00 0.1274E+00 0.1347E+00 0.6190E-02 0.5686E-02 0.1109E+00 0.2510E-02 0.2653E-02 0.9379E-01 0.9745E-02 0.2193E-01 0.6321E-02 0.2238E+00 0.3124E-02 0.7265E-02 0.2320E-01 0.2050E-01 0.0000E+00
0.0000E+00 0.7975E-02 0.9494E-02 0.9597E-03 0.1743E-02 0.1995E-02 0.1364E+00 0.7995E-02 0.8255E-02 0.1123E+00 0.4760E-02 0.1817E-02 0.9472E-01 0.9685E-01 0.1208E+00 0.8766E-02 0.2244E+00 0.3942E-02 0.8940E-02 0.2389E-01 0.2164E-01 0.0000E+00
0.0000E+00 0.7446E-02 0.8800E-02 0.2031E-02 0.3208E-02 0.3593E-02 0.1382E+00 0.7867E-02 0.8270E-02 0.1145E+00 0.6521E-02 0.4377E-02 0.5992E-03 0.1009E-02 0.1224E+00 0.1129E-01 0.2247E+00 0.5813E-02 0.1162E-01 0.2402E-01 0.2152E-01 0.0000E+00
0.0000E+00 0.7035E-02 0.8928E-02 0.2957E-02 0.5535E-02 0.1435E+00 0.1400E+00 0.9852E-02 0.9834E-02 0.1169E+00 0.8221E-02 0.7166E-02 0.3301E-03 0.2666E-03 0.1213E+00 0.1399E-01 0.2261E+00 0.7074E-02 0.1238E-01 0.2308E-01 0.2163E-01 0.0000E+00
0.0000E+00 0.6571E-02 0.8685E-02 0.3283E-02 0.6387E-02 0.1454E+00 0.1621E-02 0.1102E-01 0.2219E-01 0.1189E+00 0.1259E+00 0.9715E-02 0.7695E-03 0.3735E-03 0.1223E+00 0.1633E-01 0.2276E+00 0.7937E-02 0.1251E-01 0.2405E-01 0.2141E-01 0.0000E+00
0.0000E+00 0.6843E-02 0.9095E-02 0.4383E-02 0.6836E-02 0.1480E+00 0.1373E-02 0.1750E-03 0.2313E-01 0.8545E-03 0.1229E+00 0.1151E-01 0.1435E-01 0.6432E-03 0.1222E+00 0.1724E-01 0.2288E+00 0.8081E-02 0.3488E-01 0.2405E-01 0.2231E-01 0.0000E+00
0.0000E+00 0.6792E-02 0.9787E-02 0.4224E-02 0.9085E-02 0.1485E+00 0.5080E-03 0.4150E-03 0.2237E-01 0.1241E-02 0.1203E+00 0.2158E-02 0.1898E-01 0.1262E+00 0.1235E+00 0.1656E-01 0.2279E+00 0.7407E-02 0.3467E-01 0.1793E-02 0.2409E-01 0.0000E+00
0.0000E+00 0.6616E-02 0.1072E-01 0.4067E-02 0.1143E-01 0.1495E+00 0.2156E-03 0.2321E-02 0.2583E-01 0.2662E-01 0.1219E+00 0.1672E-02 0.2052E-01 0.1283E+00 0.1689E-02 0.1560E-01 0.2269E+00 0.7518E-02 0.3433E-01 0.4017E-02 0.2654E-01 0.0000E+00
0.0000E+00 0.6578E-02 0.1042E-01 0.3735E-02 0.1388E-01 0.1498E+00 0.4750E-03 0.1329E-02 0.2031E-02 0.2666E-01 0.1238E+00 0.2192E-02 0.1988E-01 0.1297E+00 0.4075E-02 0.2409E+00 0.2276E+00 0.8926E-02 0.4435E-01 0.5057E-01 0.7805E-01 0.0000E+00
0.0000E+00 0.6429E-02 0.1091E-01 0.4895E-02 0.1399E-01 0.1505E+00 0.2044E-02 0.3917E-02 0.3885E-02 0.2839E-01 0.1248E+00 0.3483E-02 0.2429E-01 0.1273E+00 0.4399E-02 0.2429E+00 0.3162E-02 0.1189E-02 0.7790E-03 0.2622E-03 0.8029E-01 0.0000E+00
0.0000E+00 0.6987E-02 0.1139E-01 0.5470E-02 0.1275E-01 0.1512E+00 0.3682E-02 0.6021E-02 0.4135E-02 0.3061E-01 0.1254E+00 0.1468E-02 0.2741E-01 0.1564E+00 0.2427E+00 0.2410E+00 0.4977E-03 0.8128E-04 0.1289E-03 0.9268E-04 0.7913E-01 0.0000E+00
0.0000E+00 0.2457E-01 0.1753E-01 0.6519E-02 0.1168E-01 0.1524E+00 0.4843E-02 0.7838E-02 0.3657E-01 0.3211E-01 0.1251E+00 0.1053E-02 0.8578E-03 0.1594E+00 0.2437E+00 0.5672E-03 0.7451E-03 0.3193E-03 0.2243E-03 0.1793E-03 0.7749E-01 0.0000E+00
0.0000E+00 0.2514E-01 0.1091E-02 0.8579E-03 0.1312E-01 0.1532E+00 0.5863E-02 0.8717E-02 0.3824E-01 0.1790E-02 0.1267E+00 0.3636E-02 0.6134E-03 0.1614E+00 0.2456E+00 0.1784E-02 0.1288E-02 0.6802E-03 0.5264E-03 0.1027E-02 0.7976E-01 0.0000E+00
0.0000E+00 0.2458E-01 0.2934E-03 0.1631E-03 0.1426E-01 0.1518E+00 0.5946E-02 0.8567E-02 0.3803E-01 0.7546E-03 0.1256E+00 0.6024E-02 0.9250E-03 0.1620E+00 0.4089E+00 0.2464E-02 0.2185E-02 0.3391E-02 0.1118E-02 0.1507E-02 0.8158E-01 0.0000E+00
0.0000E+00 0.2468E-01 0.5460E-03 0.5866E-03 0.1589E-01 0.1506E+00 0.7799E-02 0.9358E-02 0.3919E-01 0.1696E-02 0.1254E+00 0.7884E-02 0.8418E-04 0.7921E-03 0.4090E+00 0.3095E-02 0.4073E-02 0.8559E-02 0.3377E-02 0.8529E-01 0.8339E-01 0.0000E+00
0.0000E+00 0.2491E-01 0.5688E-03 0.2607E-02 0.1792E+00 0.1621E+00 0.9789E-02 0.1100E-01 0.5547E-01 0.3692E-02 0.1268E+00 0.7766E-02 0.3184E-03 0.9427E-03 0.4098E+00 0.4131E+00 0.4157E+00 0.1068E-01 0.2229E-02 0.8671E-01 0.2772E-02 0.0000E+00
0.0000E+00 0.2456E-01 0.2687E-01 0.4825E-02 0.1803E+00 0.1175E-02 0.1933E-02 0.9753E-03 0.5825E-01 0.8648E-03 0.1291E+00 0.8826E-02 0.7967E-03 0.1804E-02 0.5304E-03 0.1219E-02 0.4137E+00 0.1044E-01 0.4379E-02 0.8787E-01 0.1803E-02 0.0000E+00
0.0000E+00 0.1342E-02 0.3027E-01 0.3695E-01 0.1804E+00 0.3067E-02 0.1750E-02 0.5169E-03 0.6012E-01 0.1451E-02 0.1310E+00 0.1091E-01 0.1263E-02 0.3099E-02 0.8134E-03 0.2120E-03 0.4148E+00 0.1283E-01 0.5597E-02 0.8545E-01 0.3796E-02 0.0000E+00
0.0000E+00 0.3923E-03 0.1301E-02 0.3807E-01 0.1808E+00 0.1837E+00 0.1846E+00 0.1670E-02 0.5927E-01 0.2895E-02 0.1360E+00 0.1349E-01 0.2906E-02 0.3195E-02 0.1760E-03 0.1971E-03 0.4164E+00 0.4313E+00 0.7700E-02 0.8283E-01 0.4644E-02 0.0000E+00
0.0000E+00 0.5482E-03 0.2073E-03 0.3823E-01 0.1025E-02 0.1914E-02 0.1885E+00 0.5838E-01 0.5731E-01 0.3880E-03 0.1372E+00 0.1525E-01 0.3805E-02 0.3482E-02 0.4547E-03 0.5745E-04 0.4027E-03 0.4337E+00 0.8194E-02 0.8102E-01 0.4559E-02 0.0000E+00
0.0000E+00 0.9967E-03 0.4300E-03 0.3715E-01 0.6089E-03 0.9834E-03 0.2522E+00 0.6171E-01 0.9862E-03 0.4295E-03 0.1344E+00 0.1518E-01 0.3799E-02 0.3480E-02 0.1278E-03 0.3759E-03 0.1208E-03 0.4324E+00 0.9086E-02 0.9186E-01 0.4202E-02 0.0000E+00
0.0000E+00 0.1384E-02 0.2025E-02 0.3686E-01 0.8251E-03 0.1652E-02 0.2558E+00 0.1857E-02 0.1925E-03 0.9597E-03 0.1315E+00 0.1453E-01 0.3550E-02 0.4086E-02 0.4181E-03 0.2613E-02 0.4066E-03 0.4285E+00 0.2310E-03 0.9392E-01 0.4202E-02 0.0000E+00
0.0000E+00 0.1481E-02 0.4048E-02 0.4093E-01 0.1909E-02 0.2771E-02 0.2574E+00 0.2306E-02 0.5230E-03 0.2504E-02 0.1326E+00 0.1988E-01 0.3679E-02 0.4145E-02 0.5927E-03 0.5090E-02 0.6873E-02 0.4286E+00 0.3901E-03 0.9522E-01 0.6788E-02 0.0000E+00
0.0000E+00 0.4773E-03 0.6745E-03 0.4005E-01 0.2469E-02 0.2728E-02 0.2672E+00 0.8332E-02 0.3968E-02 0.3300E-02 0.1333E+00 0.2721E-01 0.5649E-02 0.4084E-02 0.4154E-03 0.6941E-04 0.6953E-02 0.4287E+00 0.9330E-03 0.9699E-01 0.8863E-02 0.0000E+00
0.0000E+00 0.7490E-03 0.9318E-03 0.3884E-01 0.3628E-02 0.2718E+00 0.2700E+00 0.1773E-02 0.3860E-03 0.6674E-03 0.1331E+00 0.2778E-01 0.1346E-02 0.2442E-03 0.5641E-03 0.5232E-03 0.7270E-02 0.4304E+00 0.9395E-01 0.9527E-01 0.1085E-01 0.0000E+00
0.0000E+00 0.9712E-03 0.1293E-02 0.3766E-01 0.5336E-02 0.2732E+00 0.2462E-02 0.7223E-03 0.3159E-03 0.1295E-03 0.1315E+00 0.2760E-01 0.1798E-02 0.5579E-03 0.1913E-03 0.5271E+00 0.5306E+00 0.5258E+00 0.9528E-01 0.6897E-03 0.1163E-01 0.0000E+00
0.0000E+00 0.1571E-02 0.1771E-02 0.3151E+00 0.2791E+00 0.2737E+00 0.1166E-02 0.1646E-03 0.5356E-03 0.2461E-03 0.1284E+00 0.2838E-01 0.1873E-02 0.7544E-03 0.5201E+00 0.5244E+00 0.7287E-04 0.1233E-02 0.5266E-03 0.2938E-03 0.1067E-01 0.0000E+00
0.0000E+00 0.1941E-02 0.3186E+00 0.3177E+00 0.2586E-02 0.1248E-02 0.1163E-02 0.2645E-03 0.7312E-03 0.3244E-03 0.1259E+00 0.1551E+00 0.2525E-02 0.1223E-02 0.5202E+00 0.7401E-03 0.3359E-04 0.2248E-02 0.3112E-02 0.3257E-03 0.9321E-02 0.0000E+00
0.0000E+00 0.3152E+00 0.3163E+00 0.7211E-03 0.1539E-02 0.8386E-03 0.1816E-02 0.6312E-03 0.1082E-02 0.7251E-03 0.9114E-04 0.1548E+00 0.4098E-02 0.2636E-02 0.5176E+00 0.9372E-03 0.1008E-03 0.3262E-03 0.3609E-02 0.2834E-03 0.8078E-02 0.0000E+00
0.0000E+00 0.3120E+00 0.5951E-03 0.5306E-03 0.3146E-02 0.1321E-02 0.1923E-02 0.2412E-02 0.3029E-02 0.1280E-02 0.5733E-03 0.1552E+00 0.5585E-02 0.3477E-02 0.5151E+00 0.1430E-02 0.3259E-03 0.4538E-04 0.4047E-02 0.6482E-03 0.6546E-02 0.0000E+00
0.0000E+00 0.3090E+00 0.9159E-03 0.1107E-02 0.4249E-02 0.3454E-02 0.3860E-02 0.4316E-02 0.4933E-02 0.2900E-02 0.3125E-02 0.1534E+00 0.7132E-02 0.3865E-02 0.5113E+00 0.3650E-02 0.1716E-02 0.3939E-03 0.3773E-02 0.8697E-03 0.6006E-02 0.0000E+00
0.0000E+00 0.3059E+00 0.1148E-02 0.1641E-02 0.3847E-02 0.5248E-02 0.1926E-01 0.1340E-01 0.7256E-02 0.4175E-02 0.5336E-02 0.1547E+00 0.5242E+00 0.5156E+00 0.5121E+00 0.6130E-02 0.1013E-01 0.6582E-02 0.4028E-02 0.6971E-02 0.6069E-02 0.0000E+00
0.0000E+00 0.3024E+00 0.1498E-02 0.2429E-02 0.3595E-02 0.6011E-02 0.2287E-01 0.1672E-02 0.1578E-02 0.7819E-02 0.6624E-02 0.1554E+00 0.5278E+00 0.3163E-02 0.1727E-02 0.8157E-02 0.1368E-01 0.2108E-02 0.2651E-03 0.5447E-02 0.1105E-02 0.0000E+00
0.0000E+00 0.2998E+00 0.2992E+00 0.3039E+00 0.5709E-02 0.8449E-02 0.2655E-01 0.1916E-02 0.9014E-03 0.1112E-01 0.8486E-02 0.1540E+00 0.5280E+00 0.6194E-03 0.2995E-03 0.2266E-01 0.1491E-01 0.5799E-03 0.7742E-03 0.6133E-02 0.1243E-02 0.0000E+00
0.0000E+00 0.5566E-03 0.4504E-03 0.3010E+00 0.1995E-02 0.1094E-01 0.2944E-01 0.1335E-02 0.3926E-03 0.1395E-01 0.1047E-01 0.1524E+00 0.5268E+00 0.2108E-03 0.6024E-03 0.2170E-01 0.4066E-03 0.3331E-03 0.1005E-02 0.6741E-02 0.5385E-03 0.0000E+00
0.0000E+00 0.4735E-03 0.5990E-03 0.3007E+00 0.2787E-02 0.1317E-01 0.3361E-01 0.1629E-02 0.2444E-03 0.1658E-01 0.1282E-01 0.1531E+00 0.5261E+00 0.4667E-03 0.6439E-03 0.2185E-01 0.3901E-03 0.7359E-03 0.1347E-02 0.6871E-02 0.3451E-03 0.0000E+00
0.0000E+00 0.0000E+00 0.0000E+00 0.0000E+00 0.0000E+00 0.0000E+00 0.0000E+00 0.0000E+00 0.0000E+00 0.0000E+00 0.0000E+00 0.0000E+00 0.0000E+00 0.0000E+00 0.0000E+00 0.0000E+00 0.0000E+00 0.0000E+00 0.0000E+00 0.0000E+00 0.0000E+00 0.0000E+00
