p4_rainB_lowsm_dschg.asc
ncols     22
nrows     62
xllcorner      0.00000000
yllcorner      0.00000000
cellsize      0.50000000
nodata_value -9999
0.0000E+00 0.0000E+00 0.0000E+00 0.0000E+00 0.0000E+00 0.0000E+00 0.0000E+00 0.0000E+00 0.0000E+00 0.0000E+00 0.0000E+00 0.0000E+00 0.0000E+00 0.0000E+00 0.0000E+00 0.0000E+00 0.0000E+00 0.0000E+00 0.0000E+00 0.0000E+00 0.0000E+00 0.0000E+00
0.0000E+00 0.1417E-02 0.3881E-02 0.1488E-02 0.1770E-02 0.4037E-02 0.2070E-02 0.2485E-02 0.1236E-02 0.1725E-02 0.3187E-02 0.2462E-02 0.3003E-02 0.2392E-02 0.2640E-02 0.2473E-02 0.2830E-02 0.1912E-02 0.1521E-02 0.2645E-02 0.1593E-02 0.0000E+00
0.0000E+00 0.1322E-02 0.6350E-02 0.1254E-02 0.2481E-02 0.9355E-02 0.1412E-01 0.4610E-02 0.2383E-02 0.4072E-02 0.5804E-02 0.4457E-02 0.1122E-01 0.4518E-02 0.3494E-02 0.6424E-02 0.1204E-01 0.4539E-02 0.1181E-02 0.4957E-02 0.3408E-02 0.0000E+00
0.0000E+00 0.2552E-02 0.7493E-02 0.1306E-02 0.1278E-02 0.3435E-02 0.1691E-01 0.2259E-01 0.3468E-02 0.6607E-02 0.6435E-02 0.1074E-02 0.1646E-01 0.5944E-02 0.4763E-02 0.1057E-01 0.1626E-01 0.1070E-02 0.1002E-02 0.8507E-02 0.7202E-02 0.0000E+00
0.0000E+00 0.3555E-02 0.8416E-02 0.2647E-02 0.2274E-02 0.6806E-02 0.1047E-02 0.2277E-01 0.6550E-02 0.9742E-02 0.9286E-02 0.2409E-02 0.1986E-01 0.9853E-02 0.6236E-02 0.1362E-01 0.3382E-01 0.3555E-01 0.2239E-01 0.2068E-01 0.1106E-01 0.0000E+00
0.0000E+00 0.5009E-02 0.1825E-01 0.9207E-02 0.4792E-02 0.8498E-02 0.2092E-02 0.2364E-01 0.9520E-02 0.1353E-01 0.1121E-01 0.3089E-02 0.2434E-01 0.1402E-01 0.9212E-02 0.1050E-02 0.2441E-02 0.4248E-01 0.7302E-01 0.3882E-02 0.2237E-02 0.0000E+00
0.0000E+00 0.6308E-02 0.2203E-01 0.2036E-02 0.1624E-02 0.1143E-01 0.5288E-02 0.2553E-01 0.1257E-01 0.1617E-01 0.1157E-01 0.1643E-01 0.4457E-01 0.1836E-01 0.1324E-01 0.9590E-03 0.7569E-03 0.4660E-02 0.7763E-01 0.2227E-02 0.3186E-02 0.0000E+00
0.0000E+00 0.8288E-02 0.2368E-01 0.7943E-03 0.2690E-02 0.1332E-01 0.8260E-02 0.2713E-01 0.3403E-01 0.1840E-01 0.1358E-02 0.3997E-02 0.4829E-01 0.2270E-01 0.1684E-01 0.2094E-02 0.1671E-02 0.5372E-02 0.8897E-01 0.6959E-02 0.4073E-02 0.0000E+00
0.0000E+00 0.9608E-02 0.2547E-01 0.1914E-02 0.6681E-02 0.1593E-01 0.8611E-02 0.2698E-01 0.3916E-01 0.1728E-02 0.2491E-02 0.5165E-02 0.5082E-01 0.2366E-01 0.2078E-01 0.3879E-02 0.2817E-02 0.1005E+00 0.9224E-01 0.4407E-02 0.3193E-02 0.0000E+00
0.0000E+00 0.1049E-01 0.2772E-01 0.4230E-02 0.1078E-01 0.1787E-01 0.9370E-02 0.2970E-01 0.4243E-01 0.3715E-02 0.4421E-02 0.5970E-02 0.5367E-01 0.2269E-01 0.2524E-01 0.8302E-02 0.6645E-02 0.1029E+00 0.8564E-03 0.4399E-02 0.5209E-02 0.0000E+00
0.0000E+00 0.1177E-01 0.2999E-01 0.6922E-02 0.1459E-01 0.2210E-01 0.1388E-01 0.3300E-01 0.4265E-01 0.6123E-02 0.1467E-01 0.9934E-02 0.8293E-01 0.2485E-01 0.2950E-01 0.1309E-01 0.1001E-01 0.1034E+00 0.2701E-02 0.5245E-02 0.6426E-02 0.0000E+00
0.0000E+00 0.1341E-01 0.3249E-01 0.9601E-02 0.1898E-01 0.2641E-01 0.4380E-01 0.3687E-01 0.4234E-01 0.2429E-02 0.1942E-01 0.1457E-01 0.8767E-01 0.9982E-03 0.3333E-01 0.1692E-01 0.1361E-01 0.1068E+00 0.7275E-02 0.9915E-02 0.1030E-01 0.0000E+00
0.0000E+00 0.1544E-01 0.3521E-01 0.1285E-01 0.2335E-01 0.4338E-02 0.4757E-01 0.8852E-01 0.1349E+00 0.2991E-02 0.2353E-01 0.1883E-01 0.9210E-01 0.9210E-01 0.1291E+00 0.1996E-01 0.1584E-01 0.1096E+00 0.1191E-01 0.1457E-01 0.1507E-01 0.0000E+00
0.0000E+00 0.1861E-01 0.3872E-01 0.1670E-01 0.2707E-01 0.8818E-02 0.4400E-02 0.4388E-02 0.1437E+00 0.4611E-02 0.5577E-01 0.2758E-01 0.4588E-02 0.4827E-02 0.1383E+00 0.1610E+00 0.1738E-01 0.1091E+00 0.5514E-01 0.3873E-01 0.1956E-01 0.0000E+00
0.0000E+00 0.2141E-01 0.6340E-01 0.2059E-01 0.3165E-01 0.1081E-01 0.8595E-02 0.4028E-02 0.1482E+00 0.7585E-02 0.6013E-01 0.3678E-02 0.9833E-03 0.2152E-02 0.6570E-02 0.1720E+00 0.2194E-01 0.1125E+00 0.5889E-01 0.4835E-02 0.4640E-02 0.0000E+00
0.0000E+00 0.3382E-02 0.6948E-01 0.2503E-01 0.3625E-01 0.1445E-01 0.8586E-02 0.4406E-02 0.1528E+00 0.1239E-01 0.6399E-01 0.3955E-02 0.2128E-02 0.3524E-02 0.4381E-02 0.1756E+00 0.2167E-01 0.1171E+00 0.6295E-01 0.8476E-02 0.5138E-02 0.0000E+00
0.0000E+00 0.1064E-02 0.7307E-01 0.2902E-01 0.4060E-01 0.1776E-01 0.1038E-01 0.6946E-02 0.1541E+00 0.1660E-01 0.6848E-01 0.1899E-01 0.1044E-01 0.6902E-02 0.9860E-02 0.1898E+00 0.2137E+00 0.1193E+00 0.6671E-01 0.1074E-01 0.5828E-02 0.0000E+00
0.0000E+00 0.2272E-02 0.7704E-01 0.1084E+00 0.4432E-01 0.3667E-01 0.1498E-01 0.1102E-01 0.1644E+00 0.2102E-01 0.9857E-01 0.2630E-01 0.3763E-02 0.1916E-02 0.1068E-02 0.4171E-02 0.2210E+00 0.1213E+00 0.7042E-01 0.1551E-01 0.1034E-01 0.0000E+00
0.0000E+00 0.4887E-02 0.2347E-02 0.1143E+00 0.4911E-01 0.4442E-01 0.3570E-02 0.2874E-02 0.1679E+00 0.2572E-01 0.1067E+00 0.6083E-02 0.1682E-02 0.7155E-03 0.9790E-03 0.1942E-02 0.2202E+00 0.1249E+00 0.7498E-01 0.1775E-01 0.1326E-01 0.0000E+00
0.0000E+00 0.6912E-02 0.2698E-02 0.1184E+00 0.5346E-01 0.4633E-01 0.9605E-03 0.3452E-02 0.1714E+00 0.3044E-01 0.1102E+00 0.1705E-02 0.1117E-02 0.1130E-02 0.9185E-03 0.3506E-02 0.4273E+00 0.2089E+00 0.7956E-01 0.2235E-01 0.1786E-01 0.0000E+00
0.0000E+00 0.8323E-02 0.5093E-02 0.1223E+00 0.5744E-01 0.5086E-01 0.3309E-02 0.8879E-02 0.1817E+00 0.3470E-01 0.1147E+00 0.5806E-02 0.2100E-02 0.2165E-02 0.1594E-02 0.4222E-02 0.4315E+00 0.4737E-02 0.4548E-02 0.2622E-01 0.2198E-01 0.0000E+00
0.0000E+00 0.1195E-01 0.6361E-02 0.2385E+00 0.1158E+00 0.5548E-01 0.4656E-02 0.7903E-02 0.1855E+00 0.2236E+00 0.1182E+00 0.1048E-01 0.3054E-02 0.3308E-02 0.5885E-02 0.5499E-02 0.4356E+00 0.8788E-02 0.4581E-02 0.3059E-01 0.2583E-01 0.0000E+00
0.0000E+00 0.1536E-01 0.1089E-01 0.2446E+00 0.3041E-02 0.4640E-02 0.7550E-02 0.8540E-02 0.1909E-02 0.2280E+00 0.1217E+00 0.1521E-01 0.7790E-02 0.6066E-02 0.9751E-02 0.8913E-02 0.4507E+00 0.1111E-01 0.6339E-02 0.3426E-01 0.2964E-01 0.0000E+00
0.0000E+00 0.1851E-01 0.1415E-01 0.2479E+00 0.5867E-03 0.9263E-03 0.1052E-01 0.8183E-02 0.2933E-02 0.2319E+00 0.1260E+00 0.1982E-01 0.1169E-01 0.1025E-01 0.1362E-01 0.9024E-02 0.4539E+00 0.3868E-02 0.1057E-01 0.3808E-01 0.3315E-01 0.0000E+00
0.0000E+00 0.1902E-01 0.1720E-01 0.2497E+00 0.1588E-02 0.2110E-02 0.1065E-01 0.9307E-02 0.7083E-02 0.2306E+00 0.1305E+00 0.1547E+00 0.1704E+00 0.1443E-01 0.1757E-01 0.1173E-01 0.4544E+00 0.4976E-02 0.1331E-01 0.4151E-01 0.3552E-01 0.0000E+00
0.0000E+00 0.1917E-01 0.1948E-01 0.2504E+00 0.2556E+00 0.2610E+00 0.2754E+00 0.1390E-01 0.1119E-01 0.2314E+00 0.4436E-02 0.4662E-02 0.1784E+00 0.1924E-01 0.4136E-01 0.1644E-01 0.4545E+00 0.6453E-02 0.1479E-01 0.4297E-01 0.3877E-01 0.0000E+00
0.0000E+00 0.1953E-01 0.1943E-01 0.2024E-02 0.3129E-02 0.3629E-02 0.2787E+00 0.1731E-01 0.1569E-01 0.2345E+00 0.8443E-02 0.3293E-02 0.1809E+00 0.1850E+00 0.2304E+00 0.2073E-01 0.4563E+00 0.8318E-02 0.1797E-01 0.4486E-01 0.4119E-01 0.0000E+00
0.0000E+00 0.1980E-01 0.1929E-01 0.4154E-02 0.5897E-02 0.6676E-02 0.2823E+00 0.1787E-01 0.1646E-01 0.2386E+00 0.1176E-01 0.8580E-02 0.1780E-02 0.2215E-02 0.2344E+00 0.2513E-01 0.4580E+00 0.1172E-01 0.2266E-01 0.4606E-01 0.4195E-01 0.0000E+00
0.0000E+00 0.2021E-01 0.2031E-01 0.6253E-02 0.9946E-02 0.2937E+00 0.2860E+00 0.2144E-01 0.1951E-01 0.2430E+00 0.1498E-01 0.1341E-01 0.1151E-02 0.1091E-02 0.2342E+00 0.2982E-01 0.4611E+00 0.1429E-01 0.2452E-01 0.4558E-01 0.4300E-01 0.0000E+00
0.0000E+00 0.2082E-01 0.2082E-01 0.7511E-02 0.1200E-01 0.2982E+00 0.2984E-02 0.2406E-01 0.4632E-01 0.2468E+00 0.2612E+00 0.1787E-01 0.2462E-02 0.2058E-02 0.2366E+00 0.3400E-01 0.4643E+00 0.1638E-01 0.2555E-01 0.4793E-01 0.4352E-01 0.0000E+00
0.0000E+00 0.2223E-01 0.2239E-01 0.9959E-02 0.1328E-01 0.3037E+00 0.2675E-02 0.1006E-02 0.4858E-01 0.1889E-02 0.2585E+00 0.2118E-01 0.2732E-01 0.3240E-02 0.2376E+00 0.3604E-01 0.4670E+00 0.1736E-01 0.7297E-01 0.4876E-01 0.4568E-01 0.0000E+00
0.0000E+00 0.2328E-01 0.2428E-01 0.1073E-01 0.1728E-01 0.3064E+00 0.1380E-02 0.2073E-02 0.4836E-01 0.3190E-02 0.2562E+00 0.3871E-02 0.3556E-01 0.2478E+00 0.2406E+00 0.3594E-01 0.4670E+00 0.1741E-01 0.7347E-01 0.3237E-02 0.4905E-01 0.0000E+00
0.0000E+00 0.2415E-01 0.2641E-01 0.1162E-01 0.2146E-01 0.3087E+00 0.1178E-02 0.5574E-02 0.5641E-01 0.5986E-01 0.2595E+00 0.3093E-02 0.3857E-01 0.2518E+00 0.3103E-02 0.3527E-01 0.4671E+00 0.1843E-01 0.7382E-01 0.7141E-02 0.5336E-01 0.0000E+00
0.0000E+00 0.2515E-01 0.2681E-01 0.1228E-01 0.2575E-01 0.3103E+00 0.2263E-02 0.2503E-02 0.3621E-02 0.6080E-01 0.2631E+00 0.4330E-02 0.3867E-01 0.2549E+00 0.7285E-02 0.5029E+00 0.4693E+00 0.2134E-01 0.9822E-01 0.1094E+00 0.1651E+00 0.0000E+00
0.0000E+00 0.2602E-01 0.2827E-01 0.1482E-01 0.2692E-01 0.3124E+00 0.5247E-02 0.7015E-02 0.7071E-02 0.6406E-01 0.2655E+00 0.6941E-02 0.4779E-01 0.2529E+00 0.8682E-02 0.5087E+00 0.5988E-02 0.2384E-02 0.1740E-02 0.1127E-02 0.1699E+00 0.0000E+00
0.0000E+00 0.2757E-01 0.2977E-01 0.1640E-01 0.2605E-01 0.3145E+00 0.8307E-02 0.1078E-01 0.8091E-02 0.6802E-01 0.2675E+00 0.2874E-02 0.5389E-01 0.3103E+00 0.5137E+00 0.5075E+00 0.2247E-02 0.9144E-03 0.9617E-03 0.1702E-02 0.1696E+00 0.0000E+00
0.0000E+00 0.7715E-01 0.4869E-01 0.1864E-01 0.2549E-01 0.3173E+00 0.1065E-01 0.1412E-01 0.8039E-01 0.7097E-01 0.2682E+00 0.2167E-02 0.1904E-02 0.3164E+00 0.5162E+00 0.1706E-02 0.3331E-02 0.1131E-02 0.1046E-02 0.2606E-02 0.1683E+00 0.0000E+00
0.0000E+00 0.8052E-01 0.3179E-02 0.1986E-02 0.2828E-01 0.3196E+00 0.1292E-01 0.1610E-01 0.8431E-01 0.3238E-02 0.2716E+00 0.6673E-02 0.1560E-02 0.3208E+00 0.5201E+00 0.4055E-02 0.4873E-02 0.2308E-02 0.2172E-02 0.4386E-02 0.1725E+00 0.0000E+00
0.0000E+00 0.8069E-01 0.1106E-02 0.1021E-02 0.3066E-01 0.3190E+00 0.1369E-01 0.1667E-01 0.8481E-01 0.1757E-02 0.2713E+00 0.1086E-01 0.2092E-02 0.3239E+00 0.8470E+00 0.5739E-02 0.6851E-02 0.7032E-02 0.3750E-02 0.5800E-02 0.1760E+00 0.0000E+00
0.0000E+00 0.8175E-01 0.2192E-02 0.2245E-02 0.3372E-01 0.3185E+00 0.1706E-01 0.1852E-01 0.8730E-01 0.3721E-02 0.2722E+00 0.1436E-01 0.9176E-03 0.1769E-02 0.8483E+00 0.7316E-02 0.1033E-01 0.1806E-01 0.7711E-02 0.1871E+00 0.1794E+00 0.0000E+00
0.0000E+00 0.8290E-01 0.3106E-02 0.5870E-02 0.3790E+00 0.3426E+00 0.2064E-01 0.2169E-01 0.1194E+00 0.7315E-02 0.2753E+00 0.1498E-01 0.1973E-02 0.2795E-02 0.8506E+00 0.8592E+00 0.8690E+00 0.2199E-01 0.3907E-02 0.1912E+00 0.4804E-02 0.0000E+00
0.0000E+00 0.8323E-01 0.8963E-01 0.9827E-02 0.3817E+00 0.2286E-02 0.3514E-02 0.2097E-02 0.1249E+00 0.2030E-02 0.2796E+00 0.1718E-01 0.3307E-02 0.5479E-02 0.1391E-02 0.2346E-02 0.8686E+00 0.2233E-01 0.7743E-02 0.1939E+00 0.3313E-02 0.0000E+00
0.0000E+00 0.2517E-02 0.9580E-01 0.1091E+00 0.3832E+00 0.5709E-02 0.3785E-02 0.1451E-02 0.1284E+00 0.3545E-02 0.2833E+00 0.2096E-01 0.4686E-02 0.8703E-02 0.1809E-02 0.1036E-02 0.8722E+00 0.2655E-01 0.1031E-01 0.1918E+00 0.6868E-02 0.0000E+00
0.0000E+00 0.1327E-02 0.2450E-02 0.1121E+00 0.3850E+00 0.3916E+00 0.3955E+00 0.3826E-02 0.1283E+00 0.6373E-02 0.2937E+00 0.2551E-01 0.7769E-02 0.9716E-02 0.1260E-02 0.1026E-02 0.8763E+00 0.9066E+00 0.1409E-01 0.1895E+00 0.8691E-02 0.0000E+00
0.0000E+00 0.2329E-02 0.1213E-02 0.1137E+00 0.2030E-02 0.3561E-02 0.4030E+00 0.1306E+00 0.1265E+00 0.1315E-02 0.2966E+00 0.2895E-01 0.9694E-02 0.1093E-01 0.2359E-02 0.8776E-03 0.1368E-02 0.9117E+00 0.1552E-01 0.1880E+00 0.9196E-02 0.0000E+00
0.0000E+00 0.3577E-02 0.2266E-02 0.1129E+00 0.1573E-02 0.2045E-02 0.5438E+00 0.1369E+00 0.2106E-02 0.2252E-02 0.2944E+00 0.2974E-01 0.1036E-01 0.1198E-01 0.2771E-02 0.2008E-02 0.9755E-03 0.9116E+00 0.1752E-01 0.2090E+00 0.9471E-02 0.0000E+00
0.0000E+00 0.4988E-02 0.5292E-02 0.1134E+00 0.2650E-02 0.3667E-02 0.5506E+00 0.3370E-02 0.1075E-02 0.4476E-02 0.2917E+00 0.2961E-01 0.1093E-01 0.1362E-01 0.3820E-02 0.9090E-02 0.2082E-02 0.9081E+00 0.1100E-02 0.2136E+00 0.1027E-01 0.0000E+00
0.0000E+00 0.6059E-02 0.1285E-01 0.1270E+00 0.4766E-02 0.5880E-02 0.5539E+00 0.4078E-02 0.1335E-02 0.7349E-02 0.2943E+00 0.4472E-01 0.1200E-01 0.1470E-01 0.1408E-02 0.1395E-01 0.1879E-01 0.9096E+00 0.1198E-02 0.2165E+00 0.1485E-01 0.0000E+00
0.0000E+00 0.1347E-02 0.1544E-02 0.1265E+00 0.6281E-02 0.6579E-02 0.5762E+00 0.1920E-01 0.1141E-01 0.9192E-02 0.2964E+00 0.6637E-01 0.1850E-01 0.1557E-01 0.1217E-02 0.9301E-03 0.1962E-01 0.9109E+00 0.2923E-02 0.2200E+00 0.1864E-01 0.0000E+00
0.0000E+00 0.2483E-02 0.2662E-02 0.1255E+00 0.8577E-02 0.5894E+00 0.5827E+00 0.3943E-02 0.1224E-02 0.1537E-02 0.2981E+00 0.6804E-01 0.2455E-02 0.1081E-02 0.2211E-02 0.2173E-02 0.2089E-01 0.9142E+00 0.2196E+00 0.2187E+00 0.2229E-01 0.0000E+00
0.0000E+00 0.3606E-02 0.3948E-02 0.1246E+00 0.1174E-01 0.5941E+00 0.4930E-02 0.1768E-02 0.1162E-02 0.1004E-02 0.2971E+00 0.6855E-01 0.3633E-02 0.2232E-02 0.2743E-02 0.1156E+01 0.1157E+01 0.1139E+01 0.2235E+00 0.1750E-02 0.2441E-01 0.0000E+00
0.0000E+00 0.5157E-02 0.5410E-02 0.7337E+00 0.6099E+00 0.5968E+00 0.2271E-02 0.9924E-03 0.2217E-02 0.1976E-02 0.2943E+00 0.7042E-01 0.4545E-02 0.3269E-02 0.1153E+01 0.1155E+01 0.9007E-03 0.2361E-02 0.2234E-02 0.1131E-02 0.2382E-01 0.0000E+00
0.0000E+00 0.6566E-02 0.7452E+00 0.7397E+00 0.4908E-02 0.2335E-02 0.2219E-02 0.1961E-02 0.3270E-02 0.2932E-02 0.2922E+00 0.3647E+00 0.6122E-02 0.4690E-02 0.1154E+01 0.2441E-02 0.7850E-03 0.4493E-02 0.8538E-02 0.1144E-02 0.2284E-01 0.0000E+00
0.0000E+00 0.7480E+00 0.7441E+00 0.1668E-02 0.2784E-02 0.1841E-02 0.3960E-02 0.3131E-02 0.4465E-02 0.4169E-02 0.9554E-03 0.3656E+00 0.9203E-02 0.7413E-02 0.1153E+01 0.3455E-02 0.9378E-03 0.1145E-02 0.1076E-01 0.1172E-02 0.2231E-01 0.0000E+00
0.0000E+00 0.7453E+00 0.1411E-02 0.1464E-02 0.5771E-02 0.3136E-02 0.4933E-02 0.6350E-02 0.8015E-02 0.5697E-02 0.2226E-02 0.3674E+00 0.1212E-01 0.9272E-02 0.1151E+01 0.4807E-02 0.1986E-02 0.8307E-03 0.1220E-01 0.2351E-02 0.2213E-01 0.0000E+00
0.0000E+00 0.7426E+00 0.2624E-02 0.2935E-02 0.8158E-02 0.6956E-02 0.8421E-02 0.9821E-02 0.1149E-01 0.8716E-02 0.6691E-02 0.3662E+00 0.1509E-01 0.1052E-01 0.1148E+01 0.8782E-02 0.4625E-02 0.1985E-02 0.1284E-01 0.3520E-02 0.2268E-01 0.0000E+00
0.0000E+00 0.7399E+00 0.3730E-02 0.4458E-02 0.8140E-02 0.1032E-01 0.4093E-01 0.2886E-01 0.1564E-01 0.1165E-01 0.1059E-01 0.3691E+00 0.1176E+01 0.1159E+01 0.1149E+01 0.1314E-01 0.2803E-01 0.2001E-01 0.1413E-01 0.2825E-01 0.2373E-01 0.0000E+00
0.0000E+00 0.7367E+00 0.5004E-02 0.6265E-02 0.8597E-02 0.1213E-01 0.4755E-01 0.3086E-02 0.3014E-02 0.1844E-01 0.1318E-01 0.3712E+00 0.1184E+01 0.5926E-02 0.3125E-02 0.1681E-01 0.3467E-01 0.3803E-02 0.1170E-02 0.2808E-01 0.2123E-02 0.0000E+00
0.0000E+00 0.7350E+00 0.7379E+00 0.7532E+00 0.1238E-01 0.1642E-01 0.5427E-01 0.3438E-02 0.1933E-02 0.2464E-01 0.1660E-01 0.3705E+00 0.1186E+01 0.1504E-02 0.1155E-02 0.5520E-01 0.3784E-01 0.1494E-02 0.2552E-02 0.3151E-01 0.3079E-02 0.0000E+00
0.0000E+00 0.1482E-02 0.1284E-02 0.7514E+00 0.3605E-02 0.2079E-01 0.5999E-01 0.2580E-02 0.1291E-02 0.3023E-01 0.2017E-01 0.3696E+00 0.1185E+01 0.1064E-02 0.2282E-02 0.5454E-01 0.1289E-02 0.1188E-02 0.3773E-02 0.3393E-01 0.1398E-02 0.0000E+00
0.0000E+00 0.1302E-02 0.2278E-02 0.7535E+00 0.5384E-02 0.2483E-01 0.6742E-01 0.2993E-02 0.1072E-02 0.3553E-01 0.2430E-01 0.3716E+00 0.1185E+01 0.2148E-02 0.3223E-02 0.5937E-01 0.2161E-02 0.2626E-02 0.5040E-02 0.3486E-01 0.1179E-02 0.0000E+00
0.0000E+00 0.0000E+00 0.0000E+00 0.0000E+00 0.0000E+00 0.0000E+00 0.0000E+00 0.0000E+00 0.0000E+00 0.0000E+00 0.0000E+00 0.0000E+00 0.0000E+00 0.0000E+00 0.0000E+00 0.0000E+00 0.0000E+00 0.0000E+00 0.0000E+00 0.0000E+00 0.0000E+00 0.0000E+00
