p4_rainD_highsm_sedtr.asc
ncols     22
nrows     62
xllcorner      0.00000000
yllcorner      0.00000000
cellsize      0.50000000
nodata_value -9999
0.0000E+00 0.0000E+00 0.0000E+00 0.0000E+00 0.0000E+00 0.0000E+00 0.0000E+00 0.0000E+00 0.0000E+00 0.0000E+00 0.0000E+00 0.0000E+00 0.0000E+00 0.0000E+00 0.0000E+00 0.0000E+00 0.0000E+00 0.0000E+00 0.0000E+00 0.0000E+00 0.0000E+00 0.0000E+00
0.0000E+00 0.3422E-03 0.2227E-03 0.2016E-03 0.7713E-03 0.1692E-03 0.6413E-03 0.1615E-02 0.5571E-03 0.1024E-02 0.3988E-05 0.2682E-03 0.1548E-02 0.8274E-03 0.2102E-02 0.3153E-02 0.2810E-02 0.9045E-03 0.1411E-03 0.6031E-03 0.1207E-02 0.0000E+00
0.0000E+00 0.8731E-03 0.2779E-02 0.3248E-03 0.1072E-02 0.2263E-02 0.1043E-02 0.4171E-02 0.1679E-02 0.4327E-02 0.1893E-02 0.1675E-02 0.6106E-02 0.3186E-02 0.1898E-02 0.2448E-02 0.6672E-02 0.4825E-02 0.1039E-02 0.7986E-03 0.3505E-03 0.0000E+00
0.0000E+00 0.2302E-02 0.5125E-02 0.2192E-02 0.1240E-02 0.2402E-02 0.8011E-02 0.4841E-02 0.5243E-03 0.3520E-02 0.2134E-02 0.6824E-04 0.4743E-02 0.1879E-02 0.1202E-02 0.8148E-03 0.7090E-02 0.4912E-03 0.3400E-03 0.1287E-02 0.3003E-03 0.0000E+00
0.0000E+00 0.3852E-02 0.4296E-02 0.1368E-02 0.2184E-03 0.8725E-02 0.2040E-03 0.3710E-02 0.9125E-03 0.3125E-02 0.5179E-02 0.1917E-02 0.9378E-02 0.4662E-02 0.2728E-02 0.4119E-02 0.4913E-02 0.5917E-02 0.4193E-02 0.1670E-02 0.9546E-03 0.0000E+00
0.0000E+00 0.2247E-02 0.4532E-02 0.1581E-02 0.1348E-02 0.4731E-02 0.1507E-03 0.3771E-02 0.4106E-02 0.3750E-02 0.2262E-02 0.7404E-03 0.1106E-01 0.6757E-02 0.3378E-02 0.1499E-03 0.1336E-02 0.3716E-02 0.1252E-01 0.4002E-02 0.2476E-02 0.0000E+00
0.0000E+00 0.1180E-02 0.6539E-02 0.1160E-02 0.1280E-02 0.5675E-02 0.1461E-02 0.1357E-01 0.8414E-02 0.4009E-02 0.4874E-02 0.3072E-02 0.9785E-02 0.5317E-02 0.5998E-02 0.2741E-03 0.2173E-03 0.2262E-02 0.1312E-01 0.2465E-02 0.1677E-02 0.0000E+00
0.0000E+00 0.1065E-02 0.6328E-02 0.2214E-03 0.5792E-03 0.3442E-02 0.7309E-02 0.1693E-01 0.1442E-01 0.5575E-02 0.2016E-03 0.2353E-02 0.9563E-02 0.6175E-02 0.8777E-02 0.5370E-03 0.6358E-03 0.2271E-02 0.1119E-01 0.9095E-03 0.5663E-03 0.0000E+00
0.0000E+00 0.5439E-02 0.4440E-02 0.2105E-03 0.5698E-02 0.1027E-01 0.8760E-02 0.7157E-02 0.6381E-02 0.5937E-03 0.6844E-03 0.2622E-02 0.1752E-01 0.1596E-01 0.1117E-01 0.1220E-02 0.3139E-03 0.1264E-01 0.1107E-01 0.1406E-02 0.2277E-02 0.0000E+00
0.0000E+00 0.6323E-02 0.1101E-01 0.3392E-02 0.6689E-02 0.5732E-02 0.3773E-02 0.6689E-02 0.5608E-02 0.3845E-02 0.4198E-02 0.1753E-02 0.1479E-01 0.3931E-02 0.3298E-02 0.2213E-02 0.2769E-02 0.2372E-01 0.1010E-02 0.1891E-02 0.8529E-02 0.0000E+00
0.0000E+00 0.2541E-02 0.5718E-02 0.4069E-02 0.5562E-02 0.4525E-02 0.5109E-02 0.1494E-01 0.8186E-02 0.2754E-02 0.6215E-02 0.4231E-02 0.1486E-01 0.5370E-02 0.5756E-02 0.2528E-02 0.1600E-02 0.1353E-01 0.1341E-02 0.1413E-02 0.3927E-02 0.0000E+00
0.0000E+00 0.5325E-02 0.7126E-02 0.4045E-02 0.3447E-02 0.3265E-02 0.4155E-02 0.1333E-01 0.6276E-02 0.1811E-02 0.6001E-02 0.1529E-02 0.1097E-01 0.1530E-03 0.2173E-01 0.7923E-02 0.5863E-02 0.1681E-01 0.3620E-02 0.2861E-02 0.5244E-02 0.0000E+00
0.0000E+00 0.3060E-02 0.6601E-02 0.5810E-02 0.9842E-02 0.1164E-02 0.1264E-01 0.1032E-01 0.1719E-01 0.6377E-03 0.7556E-02 0.1256E-02 0.7148E-02 0.3658E-02 0.1652E-01 0.1050E-01 0.8381E-02 0.2296E-01 0.3501E-02 0.2330E-02 0.3049E-02 0.0000E+00
0.0000E+00 0.4547E-02 0.6658E-02 0.8461E-02 0.1782E-01 0.9473E-02 0.2886E-02 0.1164E-02 0.1744E-01 0.1942E-02 0.1132E-01 0.5376E-02 0.1207E-02 0.1357E-02 0.9327E-02 0.2044E-01 0.4797E-02 0.1272E-01 0.5609E-02 0.2752E-02 0.2050E-02 0.0000E+00
0.0000E+00 0.1859E-02 0.6733E-02 0.6993E-02 0.1256E-01 0.6720E-02 0.9719E-02 0.4013E-02 0.1375E-01 0.3286E-02 0.2031E-01 0.6165E-02 0.1189E-02 0.3051E-02 0.8626E-02 0.1825E-01 0.5421E-02 0.1802E-01 0.1383E-01 0.1804E-02 0.2252E-02 0.0000E+00
0.0000E+00 0.1326E-02 0.5257E-02 0.9616E-02 0.1291E-01 0.1019E-01 0.3990E-02 0.1239E-02 0.1439E-01 0.4134E-02 0.1249E-01 0.2279E-02 0.6085E-03 0.7999E-02 0.6398E-02 0.1730E-01 0.3409E-02 0.1763E-01 0.2013E-01 0.7283E-02 0.3195E-02 0.0000E+00
0.0000E+00 0.8283E-03 0.1425E-01 0.1253E-01 0.1820E-01 0.8889E-02 0.1331E-02 0.4686E-02 0.3112E-01 0.9560E-02 0.1257E-01 0.2552E-02 0.1708E-02 0.1748E-02 0.1437E-02 0.1620E-01 0.1781E-01 0.1987E-01 0.2018E-01 0.5212E-02 0.1898E-02 0.0000E+00
0.0000E+00 0.2571E-03 0.7205E-02 0.1027E-01 0.1140E-01 0.7977E-02 0.3838E-02 0.2054E-02 0.1652E-01 0.6589E-02 0.1679E-01 0.1020E-01 0.4204E-02 0.1328E-02 0.3013E-03 0.2253E-02 0.3266E-01 0.1815E-01 0.1703E-01 0.6489E-02 0.1216E-01 0.0000E+00
0.0000E+00 0.6987E-03 0.1792E-02 0.1027E-01 0.9620E-02 0.1646E-01 0.3275E-02 0.1607E-02 0.1689E-01 0.6092E-02 0.1756E-01 0.1078E-01 0.3777E-02 0.2342E-03 0.2447E-03 0.2446E-02 0.3145E-01 0.2040E-01 0.1418E-01 0.4169E-02 0.5410E-02 0.0000E+00
0.0000E+00 0.7058E-02 0.3777E-02 0.1179E-01 0.8628E-02 0.1034E-01 0.2175E-03 0.9680E-03 0.3094E-01 0.8239E-02 0.2890E-01 0.1369E-02 0.2922E-02 0.5585E-03 0.3513E-03 0.1011E-02 0.4113E-01 0.1845E-01 0.9022E-02 0.5563E-02 0.5043E-02 0.0000E+00
0.0000E+00 0.4406E-02 0.4343E-02 0.2006E-01 0.6124E-02 0.5836E-02 0.3097E-03 0.8159E-03 0.1736E-01 0.9521E-02 0.2408E-01 0.9711E-02 0.1368E-02 0.1018E-02 0.9109E-03 0.7261E-03 0.3822E-01 0.1192E-02 0.1655E-02 0.8920E-02 0.6825E-02 0.0000E+00
0.0000E+00 0.4404E-02 0.1763E-02 0.1807E-01 0.1233E-01 0.4864E-02 0.7285E-03 0.1933E-02 0.1457E-01 0.1791E-01 0.2271E-01 0.6712E-02 0.8486E-03 0.8003E-03 0.4459E-02 0.5645E-03 0.4549E-01 0.1025E-01 0.1255E-02 0.9554E-02 0.4725E-02 0.0000E+00
0.0000E+00 0.3556E-02 0.3082E-02 0.1911E-01 0.4650E-02 0.2258E-02 0.3879E-02 0.6955E-02 0.1390E-02 0.1703E-01 0.1885E-01 0.6779E-02 0.3448E-02 0.2804E-02 0.4623E-02 0.2916E-02 0.3632E-01 0.2465E-02 0.7234E-03 0.1076E-01 0.9532E-02 0.0000E+00
0.0000E+00 0.2889E-02 0.4141E-02 0.2653E-01 0.6497E-03 0.5050E-03 0.1678E-01 0.2708E-02 0.4383E-03 0.1618E-01 0.1794E-01 0.6376E-02 0.4771E-02 0.2683E-02 0.1088E-01 0.1838E-02 0.4283E-01 0.1721E-02 0.7051E-02 0.1803E-01 0.1907E-01 0.0000E+00
0.0000E+00 0.5788E-02 0.2347E-02 0.1806E-01 0.3629E-03 0.9475E-03 0.6135E-02 0.1482E-02 0.1258E-02 0.1529E-01 0.1506E-01 0.1541E-01 0.1735E-01 0.2120E-02 0.1103E-01 0.4877E-02 0.5522E-01 0.4218E-02 0.8134E-02 0.5147E-02 0.8724E-02 0.0000E+00
0.0000E+00 0.2306E-02 0.3789E-02 0.1493E-01 0.1515E-01 0.9355E-02 0.1235E-01 0.4555E-02 0.2559E-02 0.1849E-01 0.1185E-02 0.1192E-02 0.1293E-01 0.1698E-02 0.1107E-01 0.5756E-02 0.4809E-01 0.4222E-02 0.5655E-02 0.6372E-02 0.7338E-02 0.0000E+00
0.0000E+00 0.1681E-02 0.4321E-02 0.2308E-02 0.3504E-02 0.1028E-02 0.2219E-01 0.1311E-01 0.1480E-01 0.2851E-01 0.1124E-01 0.3453E-02 0.8339E-02 0.1025E-01 0.1720E-01 0.4075E-02 0.4051E-01 0.6968E-02 0.1339E-01 0.2506E-01 0.1897E-01 0.0000E+00
0.0000E+00 0.4866E-02 0.2247E-02 0.2642E-02 0.6064E-02 0.8668E-02 0.3352E-01 0.5438E-02 0.6577E-02 0.2713E-01 0.6763E-02 0.6441E-02 0.4435E-02 0.5734E-02 0.1593E-01 0.1009E-01 0.4736E-01 0.4888E-02 0.8151E-02 0.1808E-01 0.1199E-01 0.0000E+00
0.0000E+00 0.1024E-01 0.1073E-01 0.3562E-02 0.6326E-02 0.2310E-01 0.1707E-01 0.6558E-02 0.4504E-02 0.1453E-01 0.4363E-02 0.8079E-02 0.9870E-03 0.1197E-02 0.2147E-01 0.1123E-01 0.5303E-01 0.8328E-02 0.1068E-01 0.9392E-02 0.1649E-01 0.0000E+00
0.0000E+00 0.6189E-02 0.5206E-02 0.3689E-02 0.8343E-02 0.1902E-01 0.2810E-02 0.2055E-02 0.3403E-02 0.1159E-01 0.2416E-01 0.1109E-01 0.9937E-03 0.7754E-03 0.3227E-01 0.5737E-02 0.4324E-01 0.6711E-02 0.8457E-02 0.3403E-02 0.7413E-02 0.0000E+00
0.0000E+00 0.5624E-02 0.4364E-02 0.2426E-02 0.4208E-02 0.2918E-01 0.3620E-02 0.4310E-03 0.1429E-01 0.4514E-02 0.1622E-01 0.4223E-02 0.5181E-02 0.4550E-03 0.2715E-01 0.7195E-02 0.3816E-01 0.3930E-02 0.7879E-02 0.6130E-02 0.4979E-02 0.0000E+00
0.0000E+00 0.4644E-02 0.5278E-02 0.1653E-02 0.6068E-02 0.2434E-01 0.5465E-03 0.4557E-03 0.1793E-01 0.3160E-02 0.1408E-01 0.1283E-02 0.7210E-02 0.1426E-01 0.2531E-01 0.1053E-01 0.3611E-01 0.3893E-02 0.1337E-01 0.5461E-02 0.1761E-01 0.0000E+00
0.0000E+00 0.5277E-02 0.7915E-02 0.1421E-02 0.3155E-02 0.2956E-01 0.2612E-02 0.2446E-02 0.5937E-02 0.5602E-02 0.2895E-01 0.4946E-02 0.1706E-01 0.2208E-01 0.1098E-02 0.4970E-02 0.3669E-01 0.4025E-02 0.1794E-01 0.5312E-02 0.2018E-01 0.0000E+00
0.0000E+00 0.5955E-02 0.4081E-02 0.1025E-02 0.5045E-02 0.2845E-01 0.9845E-03 0.9974E-03 0.1133E-02 0.8242E-02 0.2581E-01 0.1722E-02 0.8745E-02 0.3868E-01 0.9227E-02 0.3334E-01 0.2679E-01 0.1325E-02 0.8366E-02 0.8179E-02 0.1334E-01 0.0000E+00
0.0000E+00 0.6611E-02 0.1064E-01 0.1028E-01 0.1587E-01 0.2869E-01 0.2628E-02 0.8460E-02 0.1040E-01 0.1938E-01 0.1694E-01 0.1904E-02 0.8667E-02 0.2347E-01 0.8843E-02 0.3191E-01 0.4404E-02 0.1029E-02 0.1190E-02 0.3215E-03 0.2229E-01 0.0000E+00
0.0000E+00 0.8176E-02 0.1314E-01 0.9509E-02 0.6040E-02 0.2746E-01 0.4674E-02 0.4971E-02 0.3421E-02 0.1283E-01 0.2624E-01 0.1072E-02 0.6873E-02 0.2193E-01 0.3516E-01 0.3756E-01 0.4116E-02 0.1320E-02 0.1532E-02 0.3329E-02 0.3188E-01 0.0000E+00
0.0000E+00 0.1080E-01 0.8579E-02 0.6110E-02 0.3613E-02 0.2346E-01 0.3127E-02 0.7275E-02 0.1304E-01 0.8662E-02 0.1541E-01 0.2160E-02 0.4955E-03 0.2105E-01 0.3528E-01 0.1674E-02 0.1832E-02 0.6130E-03 0.4688E-03 0.1190E-02 0.1928E-01 0.0000E+00
0.0000E+00 0.1744E-01 0.1549E-02 0.9713E-03 0.1279E-01 0.2372E-01 0.5850E-02 0.1081E-01 0.2701E-01 0.3445E-02 0.2294E-01 0.2758E-02 0.1960E-03 0.2655E-01 0.3297E-01 0.6953E-02 0.3230E-02 0.7179E-03 0.7568E-03 0.2524E-02 0.1964E-01 0.0000E+00
0.0000E+00 0.2882E-01 0.5560E-03 0.8927E-03 0.3050E-01 0.3997E-01 0.1415E-01 0.1590E-01 0.3388E-01 0.3556E-02 0.2716E-01 0.3982E-02 0.1063E-02 0.2182E-01 0.4943E-01 0.6117E-02 0.2156E-02 0.2812E-02 0.8065E-03 0.1224E-02 0.1767E-01 0.0000E+00
0.0000E+00 0.2221E-01 0.5356E-03 0.6789E-03 0.2245E-01 0.2697E-01 0.8731E-02 0.7431E-02 0.2322E-01 0.8026E-03 0.1710E-01 0.1351E-01 0.2311E-03 0.1816E-02 0.4665E-01 0.2896E-02 0.2172E-02 0.1250E-02 0.4154E-03 0.7182E-02 0.9858E-02 0.0000E+00
0.0000E+00 0.1463E-01 0.2918E-03 0.2661E-02 0.3444E-01 0.2656E-01 0.4602E-02 0.5327E-02 0.2305E-01 0.3243E-02 0.1187E-01 0.7528E-02 0.4424E-03 0.8797E-03 0.4098E-01 0.3509E-01 0.3588E-01 0.9899E-02 0.3901E-02 0.6847E-02 0.6740E-04 0.0000E+00
0.0000E+00 0.1020E-01 0.8531E-02 0.4600E-02 0.3990E-01 0.3787E-02 0.6799E-02 0.9719E-03 0.1702E-01 0.3426E-02 0.1638E-01 0.8985E-02 0.5083E-03 0.1222E-02 0.6934E-03 0.1973E-02 0.4678E-01 0.5612E-02 0.1014E-01 0.2965E-01 0.2173E-02 0.0000E+00
0.0000E+00 0.6904E-03 0.7170E-02 0.1051E-01 0.3862E-01 0.9334E-02 0.2965E-02 0.1228E-02 0.2587E-01 0.2668E-02 0.4096E-01 0.1167E-01 0.3560E-02 0.4903E-02 0.1588E-02 0.2685E-02 0.5130E-01 0.1063E-01 0.8086E-02 0.3529E-01 0.1521E-01 0.0000E+00
0.0000E+00 0.1809E-02 0.1792E-02 0.1942E-01 0.2618E-01 0.2629E-01 0.2996E-01 0.9826E-02 0.3548E-01 0.1581E-02 0.2578E-01 0.8846E-02 0.4390E-02 0.6437E-02 0.1529E-02 0.1903E-03 0.4952E-01 0.4739E-01 0.1273E-01 0.1972E-01 0.1077E-01 0.0000E+00
0.0000E+00 0.1499E-02 0.4898E-02 0.3476E-01 0.1215E-02 0.4241E-02 0.3190E-01 0.1913E-01 0.2234E-01 0.1298E-02 0.2509E-01 0.8963E-02 0.2932E-02 0.4907E-02 0.8434E-03 0.2310E-03 0.8710E-03 0.4268E-01 0.7137E-02 0.1732E-01 0.8951E-02 0.0000E+00
0.0000E+00 0.1138E-02 0.1624E-02 0.3325E-01 0.4813E-02 0.3025E-02 0.5089E-01 0.2299E-01 0.1281E-02 0.2441E-02 0.2702E-01 0.1471E-01 0.4695E-02 0.3542E-02 0.9490E-03 0.3895E-03 0.1137E-02 0.4639E-01 0.3366E-02 0.2137E-01 0.6237E-02 0.0000E+00
0.0000E+00 0.4194E-03 0.1215E-02 0.2173E-01 0.1707E-02 0.3224E-02 0.5103E-01 0.4389E-02 0.4649E-03 0.1089E-02 0.1920E-01 0.7141E-02 0.2899E-02 0.2626E-02 0.4799E-03 0.4525E-02 0.3879E-03 0.5292E-01 0.6920E-03 0.1571E-01 0.4814E-02 0.0000E+00
0.0000E+00 0.2089E-03 0.8900E-03 0.1739E-01 0.4975E-02 0.8072E-02 0.5581E-01 0.5870E-02 0.2935E-03 0.1697E-02 0.2028E-01 0.1437E-01 0.2372E-02 0.2118E-02 0.8602E-03 0.1759E-02 0.1402E-02 0.5926E-01 0.2170E-03 0.2604E-01 0.7049E-02 0.0000E+00
0.0000E+00 0.6924E-03 0.7748E-03 0.1713E-01 0.5912E-02 0.3248E-02 0.5068E-01 0.5006E-02 0.2321E-02 0.7568E-03 0.1871E-01 0.1115E-01 0.5732E-02 0.2584E-02 0.2716E-03 0.8601E-03 0.1207E-01 0.5816E-01 0.4565E-02 0.2455E-01 0.3989E-02 0.0000E+00
0.0000E+00 0.7057E-02 0.5572E-02 0.2242E-01 0.4690E-02 0.5555E-01 0.5257E-01 0.3465E-02 0.5191E-03 0.5898E-03 0.2063E-01 0.9217E-02 0.2020E-02 0.2248E-02 0.4200E-02 0.5592E-03 0.8574E-02 0.5096E-01 0.1544E-01 0.1578E-01 0.1664E-02 0.0000E+00
0.0000E+00 0.3933E-02 0.5593E-02 0.1897E-01 0.4474E-02 0.5787E-01 0.8072E-02 0.2994E-02 0.2102E-02 0.2416E-02 0.2691E-01 0.2441E-01 0.4486E-02 0.4932E-02 0.4634E-02 0.4813E-01 0.4706E-01 0.4808E-01 0.1145E-01 0.1557E-02 0.3544E-02 0.0000E+00
0.0000E+00 0.2582E-02 0.3080E-02 0.6477E-01 0.5085E-01 0.4943E-01 0.4367E-02 0.4519E-03 0.9554E-03 0.9049E-03 0.1555E-01 0.2857E-01 0.8460E-02 0.1919E-02 0.5614E-01 0.6809E-01 0.6752E-03 0.2350E-02 0.2881E-02 0.9117E-04 0.1270E-02 0.0000E+00
0.0000E+00 0.3174E-02 0.5942E-01 0.5936E-01 0.4988E-02 0.1509E-02 0.2865E-02 0.1089E-02 0.1007E-02 0.2286E-02 0.1657E-01 0.3174E-01 0.4424E-02 0.4625E-02 0.6651E-01 0.3775E-02 0.7718E-04 0.1025E-02 0.2286E-02 0.2308E-03 0.6633E-03 0.0000E+00
0.0000E+00 0.5958E-01 0.5781E-01 0.6648E-03 0.3347E-02 0.4393E-02 0.9489E-02 0.5731E-03 0.7812E-03 0.6499E-02 0.3083E-02 0.3365E-01 0.6374E-02 0.2421E-02 0.6557E-01 0.1742E-02 0.4347E-03 0.2036E-03 0.2647E-02 0.1988E-02 0.4971E-02 0.0000E+00
0.0000E+00 0.7359E-01 0.1846E-02 0.2504E-02 0.3567E-02 0.1481E-02 0.3969E-02 0.3270E-02 0.3639E-02 0.3058E-02 0.9720E-03 0.3120E-01 0.5407E-02 0.6926E-02 0.6742E-01 0.1430E-02 0.8434E-03 0.5696E-03 0.8281E-02 0.8893E-03 0.4514E-02 0.0000E+00
0.0000E+00 0.7278E-01 0.4516E-02 0.3990E-02 0.4423E-02 0.4489E-02 0.5527E-02 0.2228E-02 0.1993E-02 0.1941E-02 0.1303E-02 0.2406E-01 0.4641E-02 0.3432E-02 0.6199E-01 0.4383E-02 0.2499E-02 0.3076E-03 0.3159E-02 0.9922E-03 0.2175E-02 0.0000E+00
0.0000E+00 0.8852E-01 0.3623E-02 0.3594E-02 0.2691E-02 0.7897E-02 0.9959E-02 0.5260E-02 0.9727E-03 0.2777E-02 0.2185E-02 0.2609E-01 0.4510E-01 0.4098E-01 0.4930E-01 0.9352E-03 0.3651E-02 0.7499E-02 0.5534E-02 0.3761E-02 0.4344E-02 0.0000E+00
0.0000E+00 0.7771E-01 0.3031E-02 0.4349E-02 0.2501E-02 0.7491E-02 0.1295E-01 0.3410E-02 0.3184E-03 0.1134E-01 0.1025E-01 0.3161E-01 0.4059E-01 0.2757E-02 0.1008E-02 0.1421E-02 0.2547E-02 0.1271E-02 0.6931E-03 0.1115E-01 0.2397E-02 0.0000E+00
0.0000E+00 0.5161E-01 0.4091E-01 0.3875E-01 0.1200E-02 0.6926E-02 0.1995E-01 0.6524E-02 0.2049E-02 0.1635E-01 0.1191E-01 0.2183E-01 0.4862E-01 0.1648E-02 0.1394E-02 0.1650E-01 0.1774E-02 0.1044E-02 0.2182E-02 0.5528E-02 0.3196E-02 0.0000E+00
0.0000E+00 0.1675E-03 0.2580E-03 0.3829E-01 0.1398E-02 0.7089E-02 0.2386E-01 0.6901E-02 0.1001E-02 0.1454E-01 0.8579E-02 0.1816E-01 0.4688E-01 0.9873E-03 0.5092E-03 0.7899E-02 0.2697E-02 0.2779E-02 0.1754E-02 0.3491E-02 0.5249E-03 0.0000E+00
0.0000E+00 0.4287E-03 0.1207E-02 0.3601E-01 0.2002E-02 0.5818E-02 0.1743E-01 0.3288E-02 0.7753E-04 0.1053E-01 0.7181E-02 0.1652E-01 0.4395E-01 0.3249E-03 0.6477E-03 0.6870E-02 0.7378E-03 0.1332E-02 0.1170E-02 0.2288E-02 0.2496E-03 0.0000E+00
0.0000E+00 0.0000E+00 0.0000E+00 0.0000E+00 0.0000E+00 0.0000E+00 0.0000E+00 0.0000E+00 0.0000E+00 0.0000E+00 0.0000E+00 0.0000E+00 0.0000E+00 0.0000E+00 0.0000E+00 0.0000E+00 0.0000E+00 0.0000E+00 0.0000E+00 0.0000E+00 0.0000E+00 0.0000E+00
