p4_rainC_medsm_sedtr.asc
ncols     22
nrows     62
xllcorner      0.00000000
yllcorner      0.00000000
cellsize      0.50000000
nodata_value -9999
0.0000E+00 0.0000E+00 0.0000E+00 0.0000E+00 0.0000E+00 0.0000E+00 0.0000E+00 0.0000E+00 0.0000E+00 0.0000E+00 0.0000E+00 0.0000E+00 0.0000E+00 0.0000E+00 0.0000E+00 0.0000E+00 0.0000E+00 0.0000E+00 0.0000E+00 0.0000E+00 0.0000E+00 0.0000E+00
0.0000E+00 0.3965E-02 0.2004E-02 0.2720E-02 0.7537E-02 0.1348E-02 0.6277E-02 0.1384E-01 0.5363E-02 0.9537E-02 0.1693E-03 0.2744E-02 0.1308E-01 0.7664E-02 0.1736E-01 0.2425E-01 0.2155E-01 0.8018E-02 0.2101E-02 0.6286E-02 0.1126E-01 0.0000E+00
0.0000E+00 0.9155E-02 0.2285E-01 0.3851E-02 0.1009E-01 0.1869E-01 0.7642E-02 0.3014E-01 0.1292E-01 0.2956E-01 0.1577E-01 0.1362E-01 0.3911E-01 0.2384E-01 0.1639E-01 0.2082E-01 0.4595E-01 0.3233E-01 0.1067E-01 0.7140E-02 0.2646E-02 0.0000E+00
0.0000E+00 0.2062E-01 0.3855E-01 0.1979E-01 0.1038E-01 0.1965E-01 0.4457E-01 0.3256E-01 0.3870E-02 0.2794E-01 0.1548E-01 0.7935E-03 0.3342E-01 0.1361E-01 0.9320E-02 0.5762E-02 0.4424E-01 0.4706E-02 0.3534E-02 0.1142E-01 0.2631E-02 0.0000E+00
0.0000E+00 0.3121E-01 0.3506E-01 0.1253E-01 0.1596E-02 0.5207E-01 0.2133E-02 0.2126E-01 0.8726E-02 0.2533E-01 0.3507E-01 0.1472E-01 0.5055E-01 0.3164E-01 0.1979E-01 0.2642E-01 0.3040E-01 0.2851E-01 0.2031E-01 0.1078E-01 0.8179E-02 0.0000E+00
0.0000E+00 0.1939E-01 0.3269E-01 0.1354E-01 0.1273E-01 0.3353E-01 0.1631E-02 0.2081E-01 0.2938E-01 0.2964E-01 0.1869E-01 0.5647E-02 0.5498E-01 0.4325E-01 0.1936E-01 0.1730E-02 0.1098E-01 0.2345E-01 0.5892E-01 0.2918E-01 0.1978E-01 0.0000E+00
0.0000E+00 0.7169E-02 0.4043E-01 0.1055E-01 0.1148E-01 0.3849E-01 0.1351E-01 0.6596E-01 0.5170E-01 0.3181E-01 0.3464E-01 0.2227E-01 0.5420E-01 0.3782E-01 0.3673E-01 0.2802E-02 0.2222E-02 0.1064E-01 0.5885E-01 0.1819E-01 0.1164E-01 0.0000E+00
0.0000E+00 0.7868E-02 0.4118E-01 0.2502E-02 0.4896E-02 0.2462E-01 0.4634E-01 0.8661E-01 0.7783E-01 0.3946E-01 0.2003E-02 0.1881E-01 0.5042E-01 0.4073E-01 0.5068E-01 0.4765E-02 0.4943E-02 0.1522E-01 0.5380E-01 0.4489E-02 0.2624E-02 0.0000E+00
0.0000E+00 0.3671E-01 0.3185E-01 0.2190E-02 0.3817E-01 0.5697E-01 0.5702E-01 0.3974E-01 0.4009E-01 0.5700E-02 0.5738E-02 0.1815E-01 0.7254E-01 0.7763E-01 0.6174E-01 0.1044E-01 0.2792E-02 0.5785E-01 0.5210E-01 0.1225E-01 0.1777E-01 0.0000E+00
0.0000E+00 0.4363E-01 0.5881E-01 0.2629E-01 0.4539E-01 0.3849E-01 0.2530E-01 0.3962E-01 0.3410E-01 0.2771E-01 0.2944E-01 0.1207E-01 0.7144E-01 0.2729E-01 0.2229E-01 0.1907E-01 0.2195E-01 0.8824E-01 0.9472E-02 0.1278E-01 0.4787E-01 0.0000E+00
0.0000E+00 0.1506E-01 0.4178E-01 0.3076E-01 0.4032E-01 0.3415E-01 0.3406E-01 0.7531E-01 0.3924E-01 0.2194E-01 0.4223E-01 0.2909E-01 0.7682E-01 0.3288E-01 0.3268E-01 0.2052E-01 0.1506E-01 0.5904E-01 0.1125E-01 0.9326E-02 0.2454E-01 0.0000E+00
0.0000E+00 0.3305E-01 0.4683E-01 0.3147E-01 0.2648E-01 0.2640E-01 0.3310E-01 0.7637E-01 0.3210E-01 0.1450E-01 0.4014E-01 0.1218E-01 0.5893E-01 0.1721E-02 0.8992E-01 0.4698E-01 0.3740E-01 0.7033E-01 0.2712E-01 0.1582E-01 0.3404E-01 0.0000E+00
0.0000E+00 0.2053E-01 0.4581E-01 0.4047E-01 0.5264E-01 0.1044E-01 0.6331E-01 0.6416E-01 0.8882E-01 0.4855E-02 0.4637E-01 0.1079E-01 0.4425E-01 0.3574E-01 0.9309E-01 0.6044E-01 0.4910E-01 0.9033E-01 0.2731E-01 0.1556E-01 0.2205E-01 0.0000E+00
0.0000E+00 0.3018E-01 0.4592E-01 0.5291E-01 0.8498E-01 0.5438E-01 0.2226E-01 0.1047E-01 0.9316E-01 0.1322E-01 0.6196E-01 0.3225E-01 0.6704E-02 0.7334E-02 0.6089E-01 0.9833E-01 0.3220E-01 0.5555E-01 0.4127E-01 0.2036E-01 0.1569E-01 0.0000E+00
0.0000E+00 0.1510E-01 0.4574E-01 0.4806E-01 0.7077E-01 0.4170E-01 0.5712E-01 0.2899E-01 0.8081E-01 0.2331E-01 0.8508E-01 0.4080E-01 0.1042E-01 0.2333E-01 0.5309E-01 0.9318E-01 0.3378E-01 0.7195E-01 0.6403E-01 0.9085E-02 0.1073E-01 0.0000E+00
0.0000E+00 0.1197E-01 0.4085E-01 0.5736E-01 0.7098E-01 0.5925E-01 0.2576E-01 0.1010E-01 0.8119E-01 0.2716E-01 0.6403E-01 0.1700E-01 0.5157E-02 0.4918E-01 0.4183E-01 0.8302E-01 0.1998E-01 0.7165E-01 0.8640E-01 0.4371E-01 0.2077E-01 0.0000E+00
0.0000E+00 0.7701E-02 0.6737E-01 0.6898E-01 0.8652E-01 0.5533E-01 0.8885E-02 0.3156E-01 0.1266E+00 0.5510E-01 0.6292E-01 0.1527E-01 0.1054E-01 0.1321E-01 0.1135E-01 0.7759E-01 0.8511E-01 0.8039E-01 0.9059E-01 0.3502E-01 0.1311E-01 0.0000E+00
0.0000E+00 0.1858E-02 0.4878E-01 0.6170E-01 0.6392E-01 0.4786E-01 0.2581E-01 0.1783E-01 0.8944E-01 0.4543E-01 0.7944E-01 0.5331E-01 0.3040E-01 0.1221E-01 0.3646E-02 0.1824E-01 0.1237E+00 0.7665E-01 0.8162E-01 0.3853E-01 0.6438E-01 0.0000E+00
0.0000E+00 0.6760E-02 0.1509E-01 0.5800E-01 0.5340E-01 0.7522E-01 0.2483E-01 0.1400E-01 0.8937E-01 0.4247E-01 0.8054E-01 0.6372E-01 0.2924E-01 0.2116E-02 0.2507E-02 0.1826E-01 0.1209E+00 0.8483E-01 0.6940E-01 0.2795E-01 0.3647E-01 0.0000E+00
0.0000E+00 0.4168E-01 0.2713E-01 0.5893E-01 0.4833E-01 0.5117E-01 0.2344E-02 0.7733E-02 0.1289E+00 0.4767E-01 0.1026E+00 0.1108E-01 0.2248E-01 0.4060E-02 0.3270E-02 0.8080E-02 0.1634E+00 0.8402E-01 0.4282E-01 0.3175E-01 0.3540E-01 0.0000E+00
0.0000E+00 0.3077E-01 0.2935E-01 0.8274E-01 0.3735E-01 0.3428E-01 0.3158E-02 0.7224E-02 0.9193E-01 0.5402E-01 0.9200E-01 0.5829E-01 0.1024E-01 0.7072E-02 0.7993E-02 0.4772E-02 0.1587E+00 0.6703E-02 0.8530E-02 0.5011E-01 0.4218E-01 0.0000E+00
0.0000E+00 0.3293E-01 0.1179E-01 0.1050E+00 0.6731E-01 0.3269E-01 0.4677E-02 0.1591E-01 0.8206E-01 0.9990E-01 0.8888E-01 0.4750E-01 0.5612E-02 0.6142E-02 0.3219E-01 0.3225E-02 0.1732E+00 0.5712E-01 0.8708E-02 0.5545E-01 0.3454E-01 0.0000E+00
0.0000E+00 0.2885E-01 0.2194E-01 0.1055E+00 0.3308E-01 0.1068E-01 0.2809E-01 0.3958E-01 0.1111E-01 0.9547E-01 0.7776E-01 0.4693E-01 0.1584E-01 0.2033E-01 0.3446E-01 0.2201E-01 0.1539E+00 0.1860E-01 0.5502E-02 0.6072E-01 0.5306E-01 0.0000E+00
0.0000E+00 0.2552E-01 0.2889E-01 0.1206E+00 0.5732E-02 0.4115E-02 0.8448E-01 0.1762E-01 0.3210E-02 0.9093E-01 0.7422E-01 0.4493E-01 0.3170E-01 0.2258E-01 0.6148E-01 0.1223E-01 0.1676E+00 0.1466E-01 0.4231E-01 0.8580E-01 0.8885E-01 0.0000E+00
0.0000E+00 0.3955E-01 0.1980E-01 0.1014E+00 0.3509E-02 0.6977E-02 0.3708E-01 0.9672E-02 0.1086E-01 0.8164E-01 0.6282E-01 0.7367E-01 0.8228E-01 0.1965E-01 0.6552E-01 0.3086E-01 0.1940E+00 0.2703E-01 0.5136E-01 0.3611E-01 0.5462E-01 0.0000E+00
0.0000E+00 0.1838E-01 0.2700E-01 0.9392E-01 0.9371E-01 0.7765E-01 0.8860E-01 0.2958E-01 0.1956E-01 0.8721E-01 0.1058E-01 0.6705E-02 0.7207E-01 0.1724E-01 0.6669E-01 0.3489E-01 0.1736E+00 0.3107E-01 0.3678E-01 0.3842E-01 0.4726E-01 0.0000E+00
0.0000E+00 0.1717E-01 0.2462E-01 0.1775E-01 0.2599E-01 0.9537E-02 0.1117E+00 0.6817E-01 0.7388E-01 0.1191E+00 0.6213E-01 0.2554E-01 0.6475E-01 0.6908E-01 0.1098E+00 0.3107E-01 0.1609E+00 0.4402E-01 0.7065E-01 0.9791E-01 0.8424E-01 0.0000E+00
0.0000E+00 0.3555E-01 0.1492E-01 0.1951E-01 0.4028E-01 0.4980E-01 0.1449E+00 0.3399E-01 0.4047E-01 0.1217E+00 0.4471E-01 0.4375E-01 0.3164E-01 0.3822E-01 0.1026E+00 0.5634E-01 0.1792E+00 0.3530E-01 0.5335E-01 0.8356E-01 0.6134E-01 0.0000E+00
0.0000E+00 0.6240E-01 0.5363E-01 0.2425E-01 0.4273E-01 0.1282E+00 0.1013E+00 0.4091E-01 0.2983E-01 0.8793E-01 0.3113E-01 0.4674E-01 0.8961E-02 0.1029E-01 0.1086E+00 0.5927E-01 0.2005E+00 0.5049E-01 0.6156E-01 0.4901E-01 0.7854E-01 0.0000E+00
0.0000E+00 0.4638E-01 0.3070E-01 0.2264E-01 0.5205E-01 0.1156E+00 0.2178E-01 0.1538E-01 0.2459E-01 0.7638E-01 0.1157E+00 0.6258E-01 0.8823E-02 0.6491E-02 0.1412E+00 0.3812E-01 0.1812E+00 0.4632E-01 0.5290E-01 0.2466E-01 0.4170E-01 0.0000E+00
0.0000E+00 0.4693E-01 0.2833E-01 0.1826E-01 0.2739E-01 0.1438E+00 0.2668E-01 0.4628E-02 0.6592E-01 0.3332E-01 0.9145E-01 0.2743E-01 0.3187E-01 0.3676E-02 0.1325E+00 0.4218E-01 0.1716E+00 0.2931E-01 0.4810E-01 0.3469E-01 0.3109E-01 0.0000E+00
0.0000E+00 0.4122E-01 0.3564E-01 0.1205E-01 0.3823E-01 0.1291E+00 0.5265E-02 0.4104E-02 0.7468E-01 0.2398E-01 0.8354E-01 0.1148E-01 0.4005E-01 0.9172E-01 0.1289E+00 0.5501E-01 0.1671E+00 0.2776E-01 0.5928E-01 0.3663E-01 0.7301E-01 0.0000E+00
0.0000E+00 0.4512E-01 0.4968E-01 0.1097E-01 0.2379E-01 0.1420E+00 0.2264E-01 0.2024E-01 0.3875E-01 0.3242E-01 0.1266E+00 0.3414E-01 0.7426E-01 0.1122E+00 0.1028E-01 0.2794E-01 0.1691E+00 0.3030E-01 0.7809E-01 0.3789E-01 0.9025E-01 0.0000E+00
0.0000E+00 0.5088E-01 0.2575E-01 0.8947E-02 0.3256E-01 0.1398E+00 0.8110E-02 0.8810E-02 0.1035E-01 0.4022E-01 0.1244E+00 0.1281E-01 0.4518E-01 0.1598E+00 0.5466E-01 0.1702E+00 0.1486E+00 0.1610E-01 0.5732E-01 0.5392E-01 0.8026E-01 0.0000E+00
0.0000E+00 0.5484E-01 0.5973E-01 0.6028E-01 0.7485E-01 0.1404E+00 0.2082E-01 0.5124E-01 0.5814E-01 0.8033E-01 0.1006E+00 0.1606E-01 0.4666E-01 0.1168E+00 0.5724E-01 0.1723E+00 0.3097E-01 0.9255E-02 0.1117E-01 0.3774E-02 0.1018E+00 0.0000E+00
0.0000E+00 0.6584E-01 0.7677E-01 0.6309E-01 0.3533E-01 0.1370E+00 0.3391E-01 0.3696E-01 0.2437E-01 0.6491E-01 0.1258E+00 0.1013E-01 0.3666E-01 0.1210E+00 0.1910E+00 0.1841E+00 0.3016E-01 0.1301E-01 0.1436E-01 0.2580E-01 0.1286E+00 0.0000E+00
0.0000E+00 0.7615E-01 0.5468E-01 0.4894E-01 0.2102E-01 0.1245E+00 0.2692E-01 0.4653E-01 0.6036E-01 0.4563E-01 0.9603E-01 0.1789E-01 0.4972E-02 0.1144E+00 0.1870E+00 0.1463E-01 0.1316E-01 0.5249E-02 0.4264E-02 0.8392E-02 0.9252E-01 0.0000E+00
0.0000E+00 0.9055E-01 0.1300E-01 0.8735E-02 0.5965E-01 0.1233E+00 0.4041E-01 0.6222E-01 0.1061E+00 0.2519E-01 0.1168E+00 0.2225E-01 0.2157E-02 0.1272E+00 0.1850E+00 0.4450E-01 0.2082E-01 0.6122E-02 0.6226E-02 0.1639E-01 0.9276E-01 0.0000E+00
0.0000E+00 0.1322E+00 0.5115E-02 0.7539E-02 0.1239E+00 0.1662E+00 0.7680E-01 0.8386E-01 0.1330E+00 0.2401E-01 0.1256E+00 0.2913E-01 0.9117E-02 0.1132E+00 0.2791E+00 0.4085E-01 0.1490E-01 0.2280E-01 0.7631E-02 0.7686E-02 0.9079E-01 0.0000E+00
0.0000E+00 0.1192E+00 0.4819E-02 0.5829E-02 0.1099E+00 0.1304E+00 0.6004E-01 0.4731E-01 0.1056E+00 0.5645E-02 0.9983E-01 0.7028E-01 0.1139E-02 0.1553E-01 0.2655E+00 0.1807E-01 0.1790E-01 0.1085E-01 0.4274E-02 0.5168E-01 0.6027E-01 0.0000E+00
0.0000E+00 0.8870E-01 0.2643E-02 0.2167E-01 0.1722E+00 0.1398E+00 0.3203E-01 0.3429E-01 0.1041E+00 0.2368E-01 0.8225E-01 0.4353E-01 0.3032E-02 0.7066E-02 0.2468E+00 0.2338E+00 0.2369E+00 0.5082E-01 0.2837E-01 0.4876E-01 0.8856E-03 0.0000E+00
0.0000E+00 0.5968E-01 0.5121E-01 0.3340E-01 0.1710E+00 0.2822E-01 0.4451E-01 0.8884E-02 0.7887E-01 0.2460E-01 0.9453E-01 0.4890E-01 0.4205E-02 0.9107E-02 0.7265E-02 0.1661E-01 0.2591E+00 0.3045E-01 0.6016E-01 0.1228E+00 0.1813E-01 0.0000E+00
0.0000E+00 0.6492E-02 0.4648E-01 0.6448E-01 0.1643E+00 0.5738E-01 0.2079E-01 0.1072E-01 0.1025E+00 0.1901E-01 0.1664E+00 0.6421E-01 0.2647E-01 0.3195E-01 0.1419E-01 0.2388E-01 0.2737E+00 0.5490E-01 0.5308E-01 0.1537E+00 0.8077E-01 0.0000E+00
0.0000E+00 0.1444E-01 0.1524E-01 0.9642E-01 0.1321E+00 0.1380E+00 0.1453E+00 0.5567E-01 0.1292E+00 0.1342E-01 0.1344E+00 0.5449E-01 0.3345E-01 0.4088E-01 0.1343E-01 0.1906E-02 0.2685E+00 0.2781E+00 0.7136E-01 0.1074E+00 0.6759E-01 0.0000E+00
0.0000E+00 0.9187E-02 0.3584E-01 0.1507E+00 0.1108E-01 0.3061E-01 0.1634E+00 0.8949E-01 0.9312E-01 0.1252E-01 0.1334E+00 0.5354E-01 0.2643E-01 0.3280E-01 0.6812E-02 0.2270E-02 0.8674E-02 0.2628E+00 0.4312E-01 0.9556E-01 0.5624E-01 0.0000E+00
0.0000E+00 0.6945E-02 0.1293E-01 0.1603E+00 0.3578E-01 0.2110E-01 0.2272E+00 0.9772E-01 0.1138E-01 0.1948E-01 0.1375E+00 0.7396E-01 0.3697E-01 0.2328E-01 0.8274E-02 0.3528E-02 0.1039E-01 0.2695E+00 0.2250E-01 0.1150E+00 0.3509E-01 0.0000E+00
0.0000E+00 0.1804E-02 0.1086E-01 0.1267E+00 0.1345E-01 0.2290E-01 0.2250E+00 0.3181E-01 0.4545E-02 0.7812E-02 0.1109E+00 0.4186E-01 0.2424E-01 0.1853E-01 0.2520E-02 0.3053E-01 0.3143E-02 0.2850E+00 0.7021E-02 0.9232E-01 0.2111E-01 0.0000E+00
0.0000E+00 0.1130E-02 0.5742E-02 0.1020E+00 0.3465E-01 0.4973E-01 0.2291E+00 0.3933E-01 0.3092E-02 0.1460E-01 0.1155E+00 0.6487E-01 0.1685E-01 0.1792E-01 0.8558E-02 0.1304E-01 0.9334E-02 0.3030E+00 0.2238E-02 0.1201E+00 0.2842E-01 0.0000E+00
0.0000E+00 0.7374E-02 0.7807E-02 0.9543E-01 0.4037E-01 0.1984E-01 0.2331E+00 0.3729E-01 0.1968E-01 0.6434E-02 0.1125E+00 0.6698E-01 0.3957E-01 0.2214E-01 0.3546E-02 0.8169E-02 0.6019E-01 0.3032E+00 0.3298E-01 0.1198E+00 0.2322E-01 0.0000E+00
0.0000E+00 0.4910E-01 0.4063E-01 0.1079E+00 0.3300E-01 0.2492E+00 0.2369E+00 0.2612E-01 0.5926E-02 0.6440E-02 0.1184E+00 0.5802E-01 0.1677E-01 0.2071E-01 0.3376E-01 0.4062E-02 0.4905E-01 0.2885E+00 0.7854E-01 0.8393E-01 0.1296E-01 0.0000E+00
0.0000E+00 0.3345E-01 0.4288E-01 0.9582E-01 0.3222E-01 0.2601E+00 0.5034E-01 0.2374E-01 0.1880E-01 0.2111E-01 0.1366E+00 0.9969E-01 0.3331E-01 0.3793E-01 0.3432E-01 0.3304E+00 0.3314E+00 0.3219E+00 0.6626E-01 0.1350E-01 0.2494E-01 0.0000E+00
0.0000E+00 0.2047E-01 0.2455E-01 0.3240E+00 0.2541E+00 0.2448E+00 0.3144E-01 0.3631E-02 0.7833E-02 0.7632E-02 0.1030E+00 0.1204E+00 0.5503E-01 0.1460E-01 0.3527E+00 0.3701E+00 0.6479E-02 0.1905E-01 0.2250E-01 0.1094E-02 0.1084E-01 0.0000E+00
0.0000E+00 0.2309E-01 0.3072E+00 0.3073E+00 0.3442E-01 0.1322E-01 0.2264E-01 0.7588E-02 0.7351E-02 0.1794E-01 0.1006E+00 0.1737E+00 0.3020E-01 0.3272E-01 0.3674E+00 0.2897E-01 0.9568E-03 0.8278E-02 0.1334E-01 0.2322E-02 0.8446E-02 0.0000E+00
0.0000E+00 0.3139E+00 0.3051E+00 0.6808E-02 0.2535E-01 0.2999E-01 0.5683E-01 0.4406E-02 0.5618E-02 0.4285E-01 0.2551E-01 0.1705E+00 0.4227E-01 0.2021E-01 0.3681E+00 0.1327E-01 0.4094E-02 0.2212E-02 0.1530E-01 0.1652E-01 0.2506E-01 0.0000E+00
0.0000E+00 0.3410E+00 0.1782E-01 0.2148E-01 0.2832E-01 0.1090E-01 0.2539E-01 0.2494E-01 0.2695E-01 0.2218E-01 0.7542E-02 0.1618E+00 0.3872E-01 0.4408E-01 0.3746E+00 0.1030E-01 0.6806E-02 0.5242E-02 0.4617E-01 0.7343E-02 0.2522E-01 0.0000E+00
0.0000E+00 0.3461E+00 0.3597E-01 0.2943E-01 0.3316E-01 0.3110E-01 0.3687E-01 0.2038E-01 0.1832E-01 0.1510E-01 0.1100E-01 0.1407E+00 0.3416E-01 0.2335E-01 0.3661E+00 0.3143E-01 0.1951E-01 0.2971E-02 0.1594E-01 0.8798E-02 0.1550E-01 0.0000E+00
0.0000E+00 0.3811E+00 0.3123E-01 0.2688E-01 0.1825E-01 0.4832E-01 0.5275E-01 0.3335E-01 0.9658E-02 0.2082E-01 0.1704E-01 0.1420E+00 0.3313E+00 0.3217E+00 0.3363E+00 0.7857E-02 0.2385E-01 0.4170E-01 0.3125E-01 0.3036E-01 0.3367E-01 0.0000E+00
0.0000E+00 0.3682E+00 0.2546E-01 0.3131E-01 0.1405E-01 0.4423E-01 0.6210E-01 0.2517E-01 0.3483E-02 0.5781E-01 0.5560E-01 0.1571E+00 0.3224E+00 0.2160E-01 0.8974E-02 0.1160E-01 0.1940E-01 0.1139E-01 0.7554E-02 0.6591E-01 0.1984E-01 0.0000E+00
0.0000E+00 0.3267E+00 0.3079E+00 0.3071E+00 0.8494E-02 0.4596E-01 0.8898E-01 0.4338E-01 0.1754E-01 0.8166E-01 0.6659E-01 0.1368E+00 0.3384E+00 0.1557E-01 0.1337E-01 0.6981E-01 0.1575E-01 0.1030E-01 0.1932E-01 0.3510E-01 0.2616E-01 0.0000E+00
0.0000E+00 0.2222E-02 0.3390E-02 0.3049E+00 0.1246E-01 0.4671E-01 0.1055E+00 0.4513E-01 0.8936E-02 0.7702E-01 0.5301E-01 0.1287E+00 0.3378E+00 0.1036E-01 0.4101E-02 0.4338E-01 0.2339E-01 0.2432E-01 0.1638E-01 0.2363E-01 0.5748E-02 0.0000E+00
0.0000E+00 0.4966E-02 0.1167E-01 0.2981E+00 0.1778E-01 0.4166E-01 0.8221E-01 0.2402E-01 0.8055E-03 0.5771E-01 0.4484E-01 0.1209E+00 0.3322E+00 0.2325E-02 0.5797E-02 0.3547E-01 0.5178E-02 0.1186E-01 0.9845E-02 0.1890E-01 0.3106E-02 0.0000E+00
0.0000E+00 0.0000E+00 0.0000E+00 0.0000E+00 0.0000E+00 0.0000E+00 0.0000E+00 0.0000E+00 0.0000E+00 0.0000E+00 0.0000E+00 0.0000E+00 0.0000E+00 0.0000E+00 0.0000E+00 0.0000E+00 0.0000E+00 0.0000E+00 0.0000E+00 0.0000E+00 0.0000E+00 0.0000E+00
