p4_rainC_lowsm_sedtr.asc
ncols     22
nrows     62
xllcorner      0.00000000
yllcorner      0.00000000
cellsize      0.50000000
nodata_value -9999
0.0000E+00 0.0000E+00 0.0000E+00 0.0000E+00 0.0000E+00 0.0000E+00 0.0000E+00 0.0000E+00 0.0000E+00 0.0000E+00 0.0000E+00 0.0000E+00 0.0000E+00 0.0000E+00 0.0000E+00 0.0000E+00 0.0000E+00 0.0000E+00 0.0000E+00 0.0000E+00 0.0000E+00 0.0000E+00
0.0000E+00 0.2170E-02 0.9341E-03 0.1750E-02 0.4427E-02 0.7242E-03 0.4197E-02 0.1187E-01 0.2490E-02 0.6064E-02 0.1227E-03 0.2044E-02 0.1140E-01 0.6185E-02 0.1480E-01 0.2089E-01 0.1771E-01 0.4682E-02 0.1457E-02 0.3338E-02 0.7392E-02 0.0000E+00
0.0000E+00 0.4579E-02 0.1126E-01 0.1216E-02 0.5263E-02 0.1263E-01 0.4589E-02 0.2495E-01 0.4451E-02 0.2140E-01 0.1335E-01 0.9743E-02 0.3347E-01 0.1841E-01 0.1121E-01 0.1809E-01 0.3647E-01 0.2318E-01 0.4015E-02 0.2489E-02 0.1576E-02 0.0000E+00
0.0000E+00 0.1078E-01 0.1980E-01 0.1352E-01 0.3617E-02 0.1696E-01 0.3632E-01 0.2474E-01 0.8779E-03 0.1791E-01 0.1253E-01 0.2257E-03 0.2819E-01 0.9615E-02 0.5490E-02 0.4866E-02 0.3717E-01 0.9985E-03 0.5046E-03 0.6991E-02 0.1887E-02 0.0000E+00
0.0000E+00 0.1248E-01 0.1496E-01 0.6714E-02 0.3528E-03 0.4645E-01 0.5185E-03 0.1570E-01 0.4264E-02 0.1673E-01 0.2750E-01 0.1217E-01 0.4507E-01 0.2524E-01 0.8950E-02 0.2376E-01 0.2448E-01 0.2286E-01 0.1581E-01 0.7722E-02 0.7005E-02 0.0000E+00
0.0000E+00 0.6201E-02 0.1216E-01 0.5550E-02 0.6189E-02 0.2697E-01 0.2951E-03 0.1511E-01 0.2184E-01 0.2173E-01 0.1309E-01 0.3658E-02 0.4963E-01 0.3673E-01 0.9850E-02 0.3337E-03 0.7460E-02 0.1812E-01 0.5182E-01 0.2688E-01 0.6090E-02 0.0000E+00
0.0000E+00 0.2052E-02 0.1840E-01 0.7309E-02 0.5792E-02 0.3073E-01 0.7987E-02 0.5015E-01 0.4243E-01 0.2403E-01 0.2433E-01 0.1239E-01 0.4323E-01 0.3240E-01 0.2543E-01 0.2839E-03 0.3723E-04 0.1042E-01 0.5162E-01 0.1299E-01 0.2793E-02 0.0000E+00
0.0000E+00 0.2720E-02 0.1724E-01 0.3070E-04 0.1748E-02 0.1912E-01 0.3517E-01 0.6376E-01 0.6480E-01 0.3059E-01 0.1118E-02 0.1613E-01 0.4018E-01 0.3608E-01 0.3894E-01 0.1267E-02 0.2578E-03 0.1366E-01 0.4499E-01 0.2000E-02 0.4213E-03 0.0000E+00
0.0000E+00 0.2353E-01 0.1070E-01 0.4449E-03 0.2945E-01 0.4757E-01 0.3587E-01 0.2614E-01 0.3045E-01 0.4273E-02 0.2810E-02 0.1520E-01 0.6181E-01 0.6971E-01 0.5068E-01 0.4649E-02 0.4069E-03 0.4888E-01 0.4325E-01 0.1128E-01 0.1595E-01 0.0000E+00
0.0000E+00 0.2574E-01 0.3522E-01 0.1587E-01 0.3749E-01 0.3026E-01 0.1315E-01 0.2578E-01 0.2550E-01 0.2471E-01 0.1985E-01 0.9363E-02 0.5994E-01 0.2256E-01 0.1549E-01 0.1330E-01 0.1535E-01 0.7898E-01 0.2431E-03 0.1007E-01 0.3841E-01 0.0000E+00
0.0000E+00 0.8182E-02 0.2136E-01 0.2152E-01 0.3418E-01 0.2643E-01 0.2141E-01 0.5794E-01 0.3043E-01 0.1730E-01 0.3241E-01 0.2421E-01 0.6281E-01 0.2639E-01 0.2730E-01 0.1520E-01 0.1098E-01 0.4910E-01 0.4951E-02 0.6578E-02 0.1777E-01 0.0000E+00
0.0000E+00 0.1954E-01 0.2831E-01 0.2200E-01 0.2191E-01 0.2031E-01 0.2134E-01 0.5896E-01 0.2367E-01 0.9623E-02 0.3113E-01 0.9580E-02 0.4583E-01 0.2218E-03 0.8320E-01 0.4228E-01 0.3218E-01 0.5992E-01 0.2140E-01 0.1273E-01 0.2617E-01 0.0000E+00
0.0000E+00 0.9515E-02 0.2906E-01 0.3154E-01 0.4814E-01 0.9671E-02 0.5228E-01 0.4277E-01 0.6385E-01 0.2179E-02 0.3947E-01 0.8686E-02 0.3239E-01 0.2467E-01 0.7958E-01 0.5533E-01 0.4227E-01 0.7879E-01 0.2229E-01 0.1243E-01 0.1621E-01 0.0000E+00
0.0000E+00 0.1988E-01 0.3110E-01 0.4387E-01 0.7926E-01 0.5198E-01 0.2098E-01 0.9777E-02 0.6808E-01 0.6173E-02 0.5542E-01 0.2969E-01 0.6464E-02 0.7229E-02 0.4766E-01 0.8579E-01 0.2678E-01 0.4506E-01 0.3189E-01 0.1539E-01 0.1165E-01 0.0000E+00
0.0000E+00 0.7797E-02 0.2583E-01 0.3994E-01 0.6524E-01 0.3918E-01 0.5393E-01 0.2542E-01 0.5613E-01 0.1401E-01 0.7958E-01 0.3381E-01 0.1705E-02 0.1745E-01 0.4657E-01 0.7941E-01 0.2850E-01 0.6128E-01 0.5799E-01 0.8966E-02 0.1039E-01 0.0000E+00
0.0000E+00 0.9933E-02 0.2227E-01 0.4996E-01 0.6549E-01 0.5528E-01 0.2355E-01 0.8177E-02 0.5728E-01 0.1820E-01 0.5863E-01 0.1162E-01 0.9725E-03 0.4412E-01 0.3967E-01 0.7022E-01 0.1645E-01 0.6129E-01 0.8111E-01 0.4205E-01 0.1713E-01 0.0000E+00
0.0000E+00 0.2340E-02 0.4921E-01 0.6182E-01 0.8119E-01 0.5112E-01 0.7617E-02 0.2436E-01 0.1057E+00 0.4721E-01 0.5777E-01 0.7864E-02 0.3765E-02 0.7165E-02 0.9972E-02 0.6466E-01 0.7076E-01 0.7025E-01 0.8511E-01 0.3259E-01 0.9180E-02 0.0000E+00
0.0000E+00 0.4061E-03 0.3161E-01 0.4327E-01 0.5913E-01 0.4320E-01 0.2215E-01 0.1264E-01 0.6306E-01 0.3908E-01 0.6707E-01 0.4263E-01 0.2691E-01 0.3364E-02 0.7359E-03 0.1706E-01 0.1127E+00 0.6651E-01 0.7611E-01 0.3602E-01 0.5313E-01 0.0000E+00
0.0000E+00 0.3583E-02 0.1202E-01 0.4141E-01 0.4928E-01 0.6938E-01 0.2163E-01 0.8301E-02 0.6451E-01 0.3733E-01 0.6756E-01 0.5612E-01 0.2103E-01 0.2623E-04 0.3215E-03 0.2103E-02 0.1087E+00 0.7499E-01 0.6417E-01 0.2571E-01 0.2784E-01 0.0000E+00
0.0000E+00 0.3132E-01 0.2403E-01 0.4402E-01 0.4464E-01 0.4605E-01 0.2302E-03 0.3434E-02 0.1055E+00 0.4282E-01 0.9253E-01 0.8245E-02 0.6768E-02 0.2107E-02 0.2051E-03 0.1860E-03 0.1367E+00 0.7224E-01 0.3918E-01 0.2951E-01 0.2706E-01 0.0000E+00
0.0000E+00 0.2171E-01 0.2578E-01 0.6848E-01 0.3400E-01 0.3000E-01 0.1465E-02 0.2498E-02 0.6502E-01 0.5039E-01 0.8237E-01 0.5060E-01 0.1519E-02 0.2662E-02 0.5434E-02 0.1740E-04 0.1364E+00 0.6527E-02 0.8159E-02 0.4690E-01 0.3601E-01 0.0000E+00
0.0000E+00 0.2472E-01 0.9533E-02 0.8443E-01 0.6096E-01 0.2860E-01 0.4501E-02 0.1424E-01 0.5614E-01 0.7233E-01 0.7938E-01 0.4118E-01 0.4046E-03 0.1938E-02 0.2752E-01 0.4422E-03 0.1550E+00 0.5459E-01 0.7432E-02 0.5183E-01 0.2957E-01 0.0000E+00
0.0000E+00 0.2219E-01 0.1885E-01 0.8495E-01 0.2583E-01 0.1040E-01 0.2579E-01 0.3267E-01 0.6127E-02 0.6976E-01 0.6847E-01 0.4089E-01 0.1090E-01 0.1316E-01 0.2981E-01 0.1252E-01 0.1341E+00 0.1720E-01 0.3994E-02 0.5676E-01 0.4793E-01 0.0000E+00
0.0000E+00 0.1986E-01 0.2500E-01 0.1027E+00 0.1302E-05 0.3247E-03 0.7826E-01 0.1215E-01 0.1351E-02 0.6649E-01 0.6522E-01 0.3920E-01 0.2568E-01 0.1637E-01 0.5591E-01 0.6136E-02 0.1505E+00 0.1321E-01 0.3649E-01 0.8094E-01 0.8227E-01 0.0000E+00
0.0000E+00 0.3087E-01 0.1651E-01 0.8252E-01 0.2432E-03 0.2533E-02 0.3308E-01 0.4250E-02 0.7782E-02 0.5781E-01 0.5400E-01 0.6301E-01 0.6881E-01 0.1513E-01 0.5956E-01 0.1966E-01 0.1760E+00 0.2338E-01 0.4346E-01 0.3244E-01 0.4873E-01 0.0000E+00
0.0000E+00 0.1352E-01 0.2270E-01 0.7436E-01 0.7395E-01 0.5668E-01 0.6751E-01 0.1904E-01 0.1644E-01 0.6444E-01 0.9810E-02 0.6474E-02 0.5880E-01 0.1376E-01 0.6056E-01 0.2398E-01 0.1519E+00 0.2398E-01 0.3019E-01 0.3466E-01 0.4182E-01 0.0000E+00
0.0000E+00 0.1184E-01 0.2110E-01 0.1235E-01 0.2396E-01 0.8397E-02 0.9375E-01 0.5288E-01 0.6864E-01 0.9753E-01 0.5890E-01 0.2236E-01 0.5179E-01 0.5706E-01 0.9421E-01 0.2351E-01 0.1387E+00 0.3310E-01 0.6089E-01 0.9097E-01 0.7732E-01 0.0000E+00
0.0000E+00 0.2263E-01 0.1218E-01 0.1384E-01 0.3640E-01 0.4508E-01 0.1283E+00 0.2289E-01 0.3610E-01 0.9997E-01 0.4139E-01 0.3162E-01 0.1316E-01 0.2535E-01 0.8412E-01 0.4915E-01 0.1572E+00 0.2593E-01 0.4476E-01 0.7539E-01 0.5472E-01 0.0000E+00
0.0000E+00 0.3846E-01 0.4439E-01 0.1684E-01 0.3907E-01 0.1076E+00 0.8186E-01 0.2999E-01 0.2607E-01 0.6549E-01 0.2832E-01 0.3608E-01 0.3873E-02 0.3598E-02 0.9268E-01 0.5252E-01 0.1801E+00 0.4027E-01 0.5263E-01 0.4294E-01 0.6938E-01 0.0000E+00
0.0000E+00 0.2235E-01 0.2390E-01 0.1437E-01 0.4670E-01 0.9494E-01 0.1890E-01 0.9817E-02 0.1794E-01 0.5456E-01 0.9484E-01 0.5429E-01 0.3818E-02 0.1126E-02 0.1264E+00 0.3356E-01 0.1590E+00 0.3582E-01 0.4403E-01 0.2088E-01 0.3574E-01 0.0000E+00
0.0000E+00 0.2021E-01 0.2051E-01 0.9342E-02 0.2392E-01 0.1236E+00 0.2084E-01 0.7596E-03 0.5608E-01 0.2223E-01 0.6974E-01 0.2085E-01 0.2388E-01 0.4221E-03 0.1163E+00 0.3834E-01 0.1479E+00 0.2107E-01 0.3917E-01 0.2900E-01 0.2614E-01 0.0000E+00
0.0000E+00 0.1607E-01 0.2423E-01 0.4805E-02 0.3378E-01 0.1086E+00 0.3145E-02 0.8561E-03 0.6258E-01 0.1338E-01 0.6205E-01 0.1029E-01 0.3301E-01 0.7318E-01 0.1121E+00 0.4974E-01 0.1400E+00 0.1922E-01 0.5040E-01 0.3371E-01 0.6528E-01 0.0000E+00
0.0000E+00 0.1826E-01 0.3491E-01 0.3202E-02 0.2059E-01 0.1221E+00 0.3933E-02 0.1296E-01 0.2706E-01 0.2061E-01 0.1052E+00 0.2967E-01 0.6670E-01 0.9564E-01 0.8370E-02 0.2449E-01 0.1400E+00 0.1741E-01 0.6599E-01 0.3515E-01 0.8091E-01 0.0000E+00
0.0000E+00 0.2170E-01 0.1675E-01 0.1927E-02 0.2927E-01 0.1191E+00 0.7724E-03 0.7286E-02 0.9637E-02 0.2832E-01 0.1021E+00 0.1015E-01 0.3779E-01 0.1441E+00 0.5068E-01 0.1306E+00 0.1182E+00 0.6674E-02 0.4011E-01 0.3798E-01 0.6043E-01 0.0000E+00
0.0000E+00 0.2406E-01 0.4344E-01 0.3401E-01 0.6745E-01 0.1193E+00 0.1097E-01 0.4770E-01 0.5419E-01 0.6545E-01 0.7797E-01 0.1057E-01 0.3617E-01 0.9879E-01 0.4922E-01 0.1317E+00 0.2599E-01 0.6618E-02 0.7325E-02 0.1045E-02 0.8628E-01 0.0000E+00
0.0000E+00 0.3303E-01 0.5603E-01 0.3363E-01 0.3008E-01 0.1154E+00 0.2296E-01 0.3379E-01 0.2148E-01 0.5008E-01 0.1047E+00 0.7067E-02 0.2683E-01 0.9547E-01 0.1381E+00 0.1385E+00 0.1037E-01 0.7333E-03 0.1640E-02 0.7392E-03 0.1121E+00 0.0000E+00
0.0000E+00 0.3659E-01 0.3055E-01 0.2380E-01 0.1723E-01 0.1027E+00 0.1678E-01 0.4294E-01 0.4823E-01 0.3271E-01 0.7364E-01 0.1237E-01 0.2958E-02 0.9000E-01 0.1412E+00 0.5301E-02 0.3265E-02 0.2315E-02 0.1178E-02 0.3386E-04 0.7480E-01 0.0000E+00
0.0000E+00 0.5361E-01 0.5485E-02 0.4787E-02 0.4830E-01 0.1019E+00 0.2922E-01 0.5738E-01 0.9309E-01 0.2300E-01 0.9534E-01 0.1827E-01 0.1155E-02 0.1051E+00 0.1454E+00 0.2937E-01 0.8578E-02 0.2739E-02 0.2173E-02 0.7096E-02 0.7578E-01 0.0000E+00
0.0000E+00 0.8767E-01 0.1951E-02 0.1251E-02 0.1049E+00 0.1448E+00 0.5762E-01 0.7563E-01 0.1177E+00 0.1630E-01 0.1034E+00 0.2579E-01 0.5232E-02 0.9033E-01 0.2231E+00 0.2526E-01 0.6251E-02 0.1799E-01 0.2758E-02 0.3483E-02 0.7372E-01 0.0000E+00
0.0000E+00 0.7235E-01 0.1555E-02 0.1839E-02 0.8960E-01 0.1078E+00 0.4263E-01 0.4152E-01 0.9002E-01 0.3259E-02 0.7731E-01 0.6479E-01 0.1327E-03 0.1038E-01 0.2077E+00 0.9134E-02 0.1098E-01 0.6893E-02 0.1913E-02 0.3494E-01 0.4464E-01 0.0000E+00
0.0000E+00 0.4741E-01 0.4718E-03 0.1587E-01 0.1379E+00 0.1115E+00 0.2211E-01 0.2960E-01 0.8764E-01 0.1947E-01 0.6015E-01 0.3875E-01 0.7249E-03 0.3541E-02 0.1910E+00 0.1787E+00 0.1790E+00 0.4460E-01 0.2733E-01 0.3354E-01 0.8606E-03 0.0000E+00
0.0000E+00 0.3128E-01 0.2561E-01 0.2790E-01 0.1451E+00 0.2211E-01 0.3916E-01 0.5546E-02 0.6325E-01 0.1429E-01 0.7336E-01 0.4307E-01 0.1705E-02 0.4212E-02 0.4574E-02 0.1305E-01 0.1985E+00 0.2545E-01 0.5747E-01 0.1079E+00 0.1493E-01 0.0000E+00
0.0000E+00 0.5665E-02 0.2428E-01 0.4378E-01 0.1401E+00 0.4835E-01 0.1570E-01 0.5732E-02 0.8921E-01 0.1007E-01 0.1475E+00 0.5666E-01 0.1454E-01 0.1886E-01 0.9084E-02 0.6197E-02 0.2146E+00 0.4838E-01 0.4919E-01 0.1334E+00 0.7304E-01 0.0000E+00
0.0000E+00 0.6654E-02 0.1272E-01 0.7584E-01 0.1065E+00 0.1094E+00 0.1146E+00 0.4001E-01 0.1148E+00 0.5764E-02 0.1105E+00 0.4747E-01 0.2131E-01 0.2239E-01 0.1243E-02 0.4005E-03 0.2139E+00 0.2224E+00 0.6599E-01 0.8693E-01 0.5744E-01 0.0000E+00
0.0000E+00 0.2955E-02 0.6261E-02 0.1262E+00 0.8592E-02 0.2531E-01 0.1305E+00 0.6916E-01 0.7810E-01 0.4918E-02 0.1108E+00 0.4661E-01 0.1502E-01 0.1592E-01 0.8652E-03 0.8625E-04 0.3124E-02 0.2071E+00 0.3913E-01 0.7567E-01 0.4529E-01 0.0000E+00
0.0000E+00 0.2157E-02 0.1126E-02 0.1307E+00 0.2172E-01 0.1576E-01 0.1855E+00 0.8002E-01 0.7258E-02 0.4138E-02 0.1148E+00 0.6448E-01 0.2068E-01 0.9653E-02 0.5503E-04 0.8742E-03 0.1022E-02 0.2141E+00 0.1989E-01 0.9593E-01 0.2679E-01 0.0000E+00
0.0000E+00 0.3561E-03 0.2856E-02 0.9568E-01 0.5980E-02 0.1548E-01 0.1824E+00 0.2766E-01 0.7690E-03 0.1014E-02 0.8761E-01 0.3534E-01 0.1152E-01 0.6397E-02 -.1900E-06 0.1769E-01 0.1961E-03 0.2239E+00 0.1628E-02 0.7249E-01 0.1555E-01 0.0000E+00
0.0000E+00 0.1387E-03 0.6244E-03 0.7038E-01 0.2180E-01 0.3715E-01 0.1893E+00 0.3676E-01 0.2117E-02 0.6634E-02 0.9253E-01 0.5324E-01 0.7476E-02 0.4482E-02 0.7047E-02 0.6962E-02 0.3871E-02 0.2447E+00 0.1238E-02 0.1034E+00 0.2309E-01 0.0000E+00
0.0000E+00 0.4033E-02 0.5881E-02 0.6559E-01 0.2502E-01 0.1301E-01 0.1851E+00 0.2917E-01 0.1108E-01 0.1580E-02 0.9004E-01 0.4399E-01 0.2322E-01 0.6384E-02 0.2036E-02 0.3441E-03 0.4635E-01 0.2443E+00 0.1528E-01 0.1029E+00 0.1800E-01 0.0000E+00
0.0000E+00 0.2677E-01 0.2571E-01 0.7645E-01 0.2047E-01 0.1924E+00 0.1877E+00 0.1867E-01 0.2815E-02 0.4572E-02 0.9625E-01 0.3716E-01 0.1541E-01 0.5971E-02 0.1512E-01 0.1546E-02 0.3528E-01 0.2295E+00 0.5866E-01 0.6497E-01 0.9298E-02 0.0000E+00
0.0000E+00 0.1245E-01 0.2252E-01 0.6558E-01 0.2264E-01 0.1976E+00 0.3911E-01 0.1337E-01 0.7405E-02 0.2260E-02 0.1145E+00 0.7742E-01 0.2818E-01 0.1453E-01 0.2265E-02 0.2421E+00 0.2451E+00 0.2445E+00 0.4744E-01 0.6890E-02 0.1949E-01 0.0000E+00
0.0000E+00 0.6339E-02 0.1015E-01 0.2312E+00 0.1878E+00 0.1827E+00 0.2493E-01 0.7186E-03 0.2001E-02 0.2458E-03 0.8136E-01 0.9496E-01 0.4043E-01 0.3165E-02 0.2538E+00 0.2813E+00 0.3024E-03 0.1528E-01 0.9362E-02 0.4255E-03 0.7843E-02 0.0000E+00
0.0000E+00 0.7892E-02 0.2157E+00 0.2180E+00 0.2974E-01 0.1128E-01 0.1850E-01 0.1082E-02 0.1503E-02 0.1582E-02 0.7910E-01 0.1329E+00 0.2081E-01 0.1320E-01 0.2762E+00 0.1373E-01 0.1316E-04 0.6061E-02 0.6558E-02 0.1043E-02 0.5865E-02 0.0000E+00
0.0000E+00 0.2161E+00 0.2134E+00 0.4211E-02 0.2328E-01 0.2188E-01 0.4146E-01 0.7062E-03 0.9716E-03 0.1446E-01 0.1866E-02 0.1338E+00 0.2853E-01 0.6698E-02 0.2745E+00 0.4930E-02 0.3264E-03 0.9187E-03 0.7707E-02 0.5241E-02 0.1638E-01 0.0000E+00
0.0000E+00 0.2420E+00 0.1357E-01 0.1181E-01 0.2396E-01 0.6961E-02 0.1580E-01 0.1655E-01 0.1758E-01 0.5720E-02 0.8760E-03 0.1265E+00 0.2642E-01 0.2720E-01 0.2804E+00 0.3726E-02 0.1323E-02 0.1741E-03 0.2871E-01 0.1809E-02 0.1439E-01 0.0000E+00
0.0000E+00 0.2442E+00 0.2156E-01 0.1765E-01 0.2521E-01 0.2540E-01 0.2553E-01 0.1433E-01 0.1187E-01 0.3645E-02 0.7715E-02 0.1019E+00 0.2388E-01 0.1225E-01 0.2716E+00 0.2193E-01 0.1115E-01 0.5735E-03 0.7902E-02 0.2048E-02 0.8055E-02 0.0000E+00
0.0000E+00 0.2750E+00 0.1454E-01 0.1432E-01 0.1216E-01 0.4157E-01 0.4227E-01 0.2642E-01 0.5349E-02 0.1024E-01 0.1518E-01 0.1064E+00 0.2328E+00 0.2230E+00 0.2439E+00 0.4241E-02 0.1147E-01 0.2696E-01 0.1602E-01 0.1238E-01 0.1718E-01 0.0000E+00
0.0000E+00 0.2601E+00 0.1002E-01 0.1736E-01 0.8436E-02 0.3768E-01 0.5305E-01 0.2191E-01 0.2515E-02 0.4514E-01 0.5183E-01 0.1231E+00 0.2212E+00 0.1804E-01 0.8206E-02 0.8968E-02 0.9483E-02 0.1003E-01 0.1829E-02 0.2776E-01 0.1607E-01 0.0000E+00
0.0000E+00 0.2290E+00 0.2085E+00 0.2027E+00 0.4912E-02 0.3941E-01 0.7909E-01 0.3903E-01 0.1169E-01 0.6659E-01 0.6202E-01 0.9514E-01 0.2400E+00 0.1047E-01 0.4818E-02 0.5683E-01 0.7215E-02 0.6102E-02 0.8754E-02 0.1395E-01 0.1662E-01 0.0000E+00
0.0000E+00 0.1188E-02 0.1890E-02 0.1999E+00 0.1117E-01 0.4091E-01 0.9300E-01 0.3659E-01 0.3976E-02 0.6231E-01 0.4925E-01 0.8128E-01 0.2397E+00 0.2111E-02 0.1001E-02 0.3097E-01 0.1136E-01 0.9903E-02 0.5325E-02 0.7837E-02 0.3662E-02 0.0000E+00
0.0000E+00 0.2998E-02 0.4743E-02 0.1963E+00 0.1491E-01 0.3630E-01 0.7135E-01 0.2121E-01 0.2474E-03 0.4596E-01 0.4204E-01 0.7618E-01 0.2343E+00 0.2745E-03 0.9944E-03 0.2276E-01 0.1423E-02 0.3456E-02 0.2554E-02 0.5360E-02 0.1352E-02 0.0000E+00
0.0000E+00 0.0000E+00 0.0000E+00 0.0000E+00 0.0000E+00 0.0000E+00 0.0000E+00 0.0000E+00 0.0000E+00 0.0000E+00 0.0000E+00 0.0000E+00 0.0000E+00 0.0000E+00 0.0000E+00 0.0000E+00 0.0000E+00 0.0000E+00 0.0000E+00 0.0000E+00 0.0000E+00 0.0000E+00
