p4_rainA_medsm_dschg.asc
ncols     22
nrows     62
xllcorner      0.00000000
yllcorner      0.00000000
cellsize      0.50000000
nodata_value -9999
0.0000E+00 0.0000E+00 0.0000E+00 0.0000E+00 0.0000E+00 0.0000E+00 0.0000E+00 0.0000E+00 0.0000E+00 0.0000E+00 0.0000E+00 0.0000E+00 0.0000E+00 0.0000E+00 0.0000E+00 0.0000E+00 0.0000E+00 0.0000E+00 0.0000E+00 0.0000E+00 0.0000E+00 0.0000E+00
0.0000E+00 0.6699E-02 0.1964E-01 0.6721E-02 0.7497E-02 0.1527E-01 0.7910E-02 0.8179E-02 0.6421E-02 0.7345E-02 0.9356E-02 0.8383E-02 0.8995E-02 0.8125E-02 0.8488E-02 0.8218E-02 0.9015E-02 0.7792E-02 0.6710E-02 0.1302E-01 0.7009E-02 0.0000E+00
0.0000E+00 0.6578E-02 0.3253E-01 0.6633E-02 0.9285E-02 0.3342E-01 0.4983E-01 0.1605E-01 0.1306E-01 0.1586E-01 0.1767E-01 0.1632E-01 0.3517E-01 0.1621E-01 0.1472E-01 0.1857E-01 0.3714E-01 0.1677E-01 0.6393E-02 0.2563E-01 0.1433E-01 0.0000E+00
0.0000E+00 0.1286E-01 0.3870E-01 0.6323E-02 0.6840E-02 0.9632E-02 0.5841E-01 0.8074E-01 0.1907E-01 0.2448E-01 0.2334E-01 0.6138E-02 0.5183E-01 0.2303E-01 0.2129E-01 0.2921E-01 0.4785E-01 0.6412E-02 0.6281E-02 0.3545E-01 0.2454E-01 0.0000E+00
0.0000E+00 0.1912E-01 0.4461E-01 0.1307E-01 0.1277E-01 0.1907E-01 0.6196E-02 0.8633E-01 0.2837E-01 0.3373E-01 0.3234E-01 0.8240E-02 0.6122E-01 0.3361E-01 0.2899E-01 0.3827E-01 0.9645E-01 0.1079E+00 0.8750E-01 0.7566E-01 0.3460E-01 0.0000E+00
0.0000E+00 0.2576E-01 0.9196E-01 0.4175E-01 0.2164E-01 0.2622E-01 0.1232E-01 0.9214E-01 0.3741E-01 0.4388E-01 0.3963E-01 0.1420E-01 0.7257E-01 0.4415E-01 0.4253E-01 0.6287E-02 0.8828E-02 0.1280E+00 0.2366E+00 0.1036E-01 0.9763E-02 0.0000E+00
0.0000E+00 0.3250E-01 0.1069E+00 0.7823E-02 0.7409E-02 0.3539E-01 0.2192E-01 0.1001E+00 0.4624E-01 0.5245E-01 0.4540E-01 0.6700E-01 0.1500E+00 0.5507E-01 0.5311E-01 0.6230E-02 0.6184E-02 0.1136E-01 0.2479E+00 0.8392E-02 0.1511E-01 0.0000E+00
0.0000E+00 0.3981E-01 0.1138E+00 0.6472E-02 0.1369E-01 0.4257E-01 0.3108E-01 0.1077E+00 0.1159E+00 0.6062E-01 0.6525E-02 0.1098E-01 0.1604E+00 0.6616E-01 0.6365E-01 0.1243E-01 0.1220E-01 0.1707E-01 0.2940E+00 0.3473E-01 0.2085E-01 0.0000E+00
0.0000E+00 0.4628E-01 0.1214E+00 0.1256E-01 0.2393E-01 0.5129E-01 0.3755E-01 0.1123E+00 0.1326E+00 0.7121E-02 0.1281E-01 0.1708E-01 0.1685E+00 0.7240E-01 0.7412E-01 0.1997E-01 0.1828E-01 0.3287E+00 0.3031E+00 0.1113E-01 0.9255E-02 0.0000E+00
0.0000E+00 0.5236E-01 0.1292E+00 0.2066E-01 0.3448E-01 0.5889E-01 0.4333E-01 0.1209E+00 0.1421E+00 0.1011E-01 0.2030E-01 0.2309E-01 0.1771E+00 0.7589E-01 0.8518E-01 0.3093E-01 0.2851E-01 0.3372E+00 0.6482E-02 0.1623E-01 0.1788E-01 0.0000E+00
0.0000E+00 0.5852E-01 0.1367E+00 0.2893E-01 0.4475E-01 0.6980E-01 0.5426E-01 0.1305E+00 0.1468E+00 0.1842E-01 0.4896E-01 0.3335E-01 0.2721E+00 0.8373E-01 0.9602E-01 0.4229E-01 0.3818E-01 0.3417E+00 0.1393E-01 0.2210E-01 0.2441E-01 0.0000E+00
0.0000E+00 0.6578E-01 0.1450E+00 0.3740E-01 0.5574E-01 0.8069E-01 0.1450E+00 0.1409E+00 0.1506E+00 0.8933E-02 0.6032E-01 0.4471E-01 0.2835E+00 0.6250E-02 0.1059E+00 0.5235E-01 0.4796E-01 0.3514E+00 0.2490E-01 0.3345E-01 0.3459E-01 0.0000E+00
0.0000E+00 0.7317E-01 0.1540E+00 0.4665E-01 0.6663E-01 0.1096E-01 0.1553E+00 0.3069E+00 0.4682E+00 0.1463E-01 0.7070E-01 0.5532E-01 0.2948E+00 0.3029E+00 0.4191E+00 0.6098E-01 0.5607E-01 0.3606E+00 0.3626E-01 0.4481E-01 0.4595E-01 0.0000E+00
0.0000E+00 0.8221E-01 0.1640E+00 0.5720E-01 0.7692E-01 0.2208E-01 0.1098E-01 0.1097E-01 0.4905E+00 0.2183E-01 0.1595E+00 0.7740E-01 0.1136E-01 0.1136E-01 0.4418E+00 0.5112E+00 0.6293E-01 0.3634E+00 0.1611E+00 0.1135E+00 0.5730E-01 0.0000E+00
0.0000E+00 0.9143E-01 0.2651E+00 0.6769E-01 0.8827E-01 0.2914E-01 0.2195E-01 0.1099E-01 0.5018E+00 0.3055E-01 0.1703E+00 0.1064E-01 0.6189E-02 0.8042E-02 0.1903E-01 0.5416E+00 0.7427E-01 0.3734E+00 0.1709E+00 0.1136E-01 0.1136E-01 0.0000E+00
0.0000E+00 0.9597E-02 0.2838E+00 0.7861E-01 0.9963E-01 0.3923E-01 0.2647E-01 0.1600E-01 0.5132E+00 0.4191E-01 0.1804E+00 0.1586E-01 0.1224E-01 0.9936E-02 0.1100E-01 0.5518E+00 0.7789E-01 0.3847E+00 0.1811E+00 0.2132E-01 0.1744E-01 0.0000E+00
0.0000E+00 0.6138E-02 0.2935E+00 0.8904E-01 0.1107E+00 0.4855E-01 0.3369E-01 0.2452E-01 0.5185E+00 0.5239E-01 0.1918E+00 0.7475E-01 0.4756E-01 0.2872E-01 0.2831E-01 0.5914E+00 0.6767E+00 0.3925E+00 0.1913E+00 0.2945E-01 0.2349E-01 0.0000E+00
0.0000E+00 0.1222E-01 0.3038E+00 0.4003E+00 0.1207E+00 0.1038E+00 0.4479E-01 0.3505E-01 0.5555E+00 0.6330E-01 0.2971E+00 0.9511E-01 0.1023E-01 0.1234E-01 0.6250E-02 0.1061E-01 0.6969E+00 0.3995E+00 0.2010E+00 0.4080E-01 0.3479E-01 0.0000E+00
0.0000E+00 0.2108E-01 0.8180E-02 0.4184E+00 0.1321E+00 0.1246E+00 0.9920E-02 0.9923E-02 0.5653E+00 0.7466E-01 0.3221E+00 0.1812E-01 0.7159E-02 0.6037E-02 0.6208E-02 0.1244E-01 0.7021E+00 0.4098E+00 0.2123E+00 0.4856E-01 0.4328E-01 0.0000E+00
0.0000E+00 0.2875E-01 0.8546E-02 0.4294E+00 0.1434E+00 0.1316E+00 0.6237E-02 0.1530E-01 0.5752E+00 0.8602E-01 0.3320E+00 0.7157E-02 0.6424E-02 0.6016E-02 0.6184E-02 0.2473E-01 0.1347E+01 0.6447E+00 0.2236E+00 0.5990E-01 0.5463E-01 0.0000E+00
0.0000E+00 0.3515E-01 0.1651E-01 0.4403E+00 0.1542E+00 0.1429E+00 0.1462E-01 0.3763E-01 0.6193E+00 0.9685E-01 0.3433E+00 0.1815E-01 0.1243E-01 0.1221E-01 0.7003E-02 0.3069E-01 0.1358E+01 0.1136E-01 0.1136E-01 0.7001E-01 0.6541E-01 0.0000E+00
0.0000E+00 0.4498E-01 0.2312E-01 0.7609E+00 0.3168E+00 0.1542E+00 0.1136E-01 0.2102E-01 0.6303E+00 0.7368E+00 0.3530E+00 0.2951E-01 0.1848E-01 0.1831E-01 0.1798E-01 0.3687E-01 0.1369E+01 0.2203E-01 0.1617E-01 0.8089E-01 0.7544E-01 0.0000E+00
0.0000E+00 0.5433E-01 0.3408E-01 0.7799E+00 0.9626E-02 0.1136E-01 0.2037E-01 0.2731E-01 0.8055E-02 0.7481E+00 0.3628E+00 0.4087E-01 0.2984E-01 0.2702E-01 0.2852E-01 0.4669E-01 0.1410E+01 0.2961E-01 0.2342E-01 0.9077E-01 0.8585E-01 0.0000E+00
0.0000E+00 0.6326E-01 0.4380E-01 0.7896E+00 0.6423E-02 0.6122E-02 0.2938E-01 0.3227E-01 0.1401E-01 0.7594E+00 0.3742E+00 0.5223E-01 0.4034E-01 0.3797E-01 0.3870E-01 0.5177E-01 0.1420E+01 0.1039E-01 0.3417E-01 0.1011E+00 0.9560E-01 0.0000E+00
0.0000E+00 0.6962E-01 0.5307E-01 0.7963E+00 0.1257E-01 0.1231E-01 0.3414E-01 0.3921E-01 0.2451E-01 0.7610E+00 0.3855E+00 0.4491E+00 0.5007E+00 0.4888E-01 0.4921E-01 0.6014E-01 0.1425E+01 0.1662E-01 0.4318E-01 0.1111E+00 0.1034E+00 0.0000E+00
0.0000E+00 0.7409E-01 0.6113E-01 0.8019E+00 0.8245E+00 0.8469E+00 0.8917E+00 0.5041E-01 0.3496E-01 0.7658E+00 0.1113E-01 0.1136E-01 0.5217E+00 0.6024E-01 0.1208E+00 0.7149E-01 0.1429E+01 0.2380E-01 0.4964E-01 0.1165E+00 0.1124E+00 0.0000E+00
0.0000E+00 0.7978E-01 0.6405E-01 0.7954E-02 0.9049E-02 0.1003E-01 0.9019E+00 0.6051E-01 0.4608E-01 0.7756E+00 0.2167E-01 0.9458E-02 0.5307E+00 0.5419E+00 0.6740E+00 0.8238E-01 0.1436E+01 0.3124E-01 0.5906E-01 0.1236E+00 0.1201E+00 0.0000E+00
0.0000E+00 0.8552E-01 0.6872E-01 0.1575E-01 0.1770E-01 0.1929E-01 0.9120E+00 0.6544E-01 0.5144E-01 0.7863E+00 0.3125E-01 0.2714E-01 0.8195E-02 0.8668E-02 0.6897E+00 0.9328E-01 0.1443E+01 0.4071E-01 0.7041E-01 0.1299E+00 0.1256E+00 0.0000E+00
0.0000E+00 0.9103E-01 0.7506E-01 0.2389E-01 0.2791E-01 0.9489E+00 0.9229E+00 0.7512E-01 0.6070E-01 0.7977E+00 0.4050E-01 0.3849E-01 0.6295E-02 0.6259E-02 0.6925E+00 0.1046E+00 0.1453E+01 0.4911E-01 0.7761E-01 0.1337E+00 0.1317E+00 0.0000E+00
0.0000E+00 0.9675E-01 0.8063E-01 0.3089E-01 0.3587E-01 0.9642E+00 0.9056E-02 0.8414E-01 0.1534E+00 0.8084E+00 0.8517E+00 0.4941E-01 0.1281E-01 0.1238E-01 0.7007E+00 0.1155E+00 0.1463E+01 0.5709E-01 0.8385E-01 0.1421E+00 0.1369E+00 0.0000E+00
0.0000E+00 0.1036E+00 0.8829E-01 0.3954E-01 0.4190E-01 0.9821E+00 0.8981E-02 0.6229E-02 0.1615E+00 0.7780E-02 0.8521E+00 0.5888E-01 0.8120E-01 0.1884E-01 0.7060E+00 0.1225E+00 0.1472E+01 0.6279E-01 0.2341E+00 0.1472E+00 0.1448E+00 0.0000E+00
0.0000E+00 0.1098E+00 0.9627E-01 0.4608E-01 0.5243E-01 0.9956E+00 0.6593E-02 0.1235E-01 0.1657E+00 0.1454E-01 0.8531E+00 0.1038E-01 0.1024E+00 0.7454E+00 0.7154E+00 0.1267E+00 0.1476E+01 0.6849E-01 0.2389E+00 0.9318E-02 0.1544E+00 0.0000E+00
0.0000E+00 0.1155E+00 0.1042E+00 0.5266E-01 0.6333E-01 0.1003E+01 0.6833E-02 0.2220E-01 0.1960E+00 0.2153E+00 0.8627E+00 0.9352E-02 0.1114E+00 0.7562E+00 0.9149E-02 0.1301E+00 0.1481E+01 0.7463E-01 0.2438E+00 0.1943E-01 0.1653E+00 0.0000E+00
0.0000E+00 0.1214E+00 0.1095E+00 0.5805E-01 0.7394E-01 0.1010E+01 0.1297E-01 0.8313E-02 0.9727E-02 0.2213E+00 0.8730E+00 0.1568E-01 0.1159E+00 0.7663E+00 0.1975E-01 0.1621E+01 0.1489E+01 0.8409E-01 0.3415E+00 0.3717E+00 0.5456E+00 0.0000E+00
0.0000E+00 0.1271E+00 0.1162E+00 0.6683E-01 0.8073E-01 0.1018E+01 0.2222E-01 0.1930E-01 0.1961E-01 0.2308E+00 0.8814E+00 0.2425E-01 0.1479E+00 0.7661E+00 0.2737E-01 0.1644E+01 0.1849E-01 0.8457E-02 0.7328E-02 0.6315E-02 0.5622E+00 0.0000E+00
0.0000E+00 0.1339E+00 0.1231E+00 0.7345E-01 0.8437E-01 0.1027E+01 0.3123E-01 0.2946E-01 0.2584E-01 0.2412E+00 0.8889E+00 0.9288E-02 0.1667E+00 0.9431E+00 0.1673E+01 0.1646E+01 0.1275E-01 0.6245E-02 0.6174E-02 0.1235E-01 0.5671E+00 0.0000E+00
0.0000E+00 0.3494E+00 0.2094E+00 0.8115E-01 0.8937E-01 0.1036E+01 0.3897E-01 0.3881E-01 0.2821E+00 0.2501E+00 0.8944E+00 0.8227E-02 0.7729E-02 0.9621E+00 0.1681E+01 0.7974E-02 0.1890E-01 0.6240E-02 0.6233E-02 0.1841E-01 0.5691E+00 0.0000E+00
0.0000E+00 0.3696E+00 0.1469E-01 0.8105E-02 0.9796E-01 0.1044E+01 0.4718E-01 0.4584E-01 0.2965E+00 0.9293E-02 0.9051E+00 0.1920E-01 0.7076E-02 0.9781E+00 0.1693E+01 0.1608E-01 0.2608E-01 0.1242E-01 0.1241E-01 0.2563E-01 0.5802E+00 0.0000E+00
0.0000E+00 0.3748E+00 0.6271E-02 0.6333E-02 0.1060E+00 0.1047E+01 0.5287E-01 0.5149E-01 0.3014E+00 0.7523E-02 0.9091E+00 0.2972E-01 0.8364E-02 0.9931E+00 0.2695E+01 0.2352E-01 0.3383E-01 0.2372E-01 0.1957E-01 0.3255E-01 0.5904E+00 0.0000E+00
0.0000E+00 0.3811E+00 0.1232E-01 0.1252E-01 0.1149E+00 0.1050E+01 0.6233E-01 0.5871E-01 0.3098E+00 0.1483E-01 0.9148E+00 0.3983E-01 0.5653E-02 0.7402E-02 0.2702E+01 0.3040E-01 0.4366E-01 0.6302E-01 0.2971E-01 0.6416E+00 0.6002E+00 0.0000E+00
0.0000E+00 0.3875E+00 0.1837E-01 0.2230E-01 0.1256E+01 0.1132E+01 0.7201E-01 0.6822E-01 0.4116E+00 0.2460E-01 0.9248E+00 0.4522E-01 0.1183E-01 0.1368E-01 0.2711E+01 0.2749E+01 0.2798E+01 0.7392E-01 0.1011E-01 0.6560E+00 0.1136E-01 0.0000E+00
0.0000E+00 0.3925E+00 0.4208E+00 0.3279E-01 0.1265E+01 0.8235E-02 0.9985E-02 0.8149E-02 0.4297E+00 0.8449E-02 0.9361E+00 0.5276E-01 0.1815E-01 0.2691E-01 0.6535E-02 0.8227E-02 0.2805E+01 0.7784E-01 0.2035E-01 0.6649E+00 0.9630E-02 0.0000E+00
0.0000E+00 0.8105E-02 0.4388E+00 0.4816E+00 0.1273E+01 0.1782E-01 0.1542E-01 0.6926E-02 0.4401E+00 0.1540E-01 0.9468E+00 0.6305E-01 0.2484E-01 0.4109E-01 0.7536E-02 0.6236E-02 0.2821E+01 0.8852E-01 0.2899E-01 0.6668E+00 0.1929E-01 0.0000E+00
0.0000E+00 0.6625E-02 0.8208E-02 0.4953E+00 0.1281E+01 0.1305E+01 0.1325E+01 0.1572E-01 0.4448E+00 0.2423E-01 0.9823E+00 0.7441E-01 0.3408E-01 0.4727E-01 0.7267E-02 0.6138E-02 0.2837E+01 0.2937E+01 0.3916E-01 0.6683E+00 0.2636E-01 0.0000E+00
0.0000E+00 0.1277E-01 0.7051E-02 0.5072E+00 0.7623E-02 0.1030E-01 0.1347E+01 0.4685E+00 0.4471E+00 0.6755E-02 0.9924E+00 0.8481E-01 0.4129E-01 0.5348E-01 0.1341E-01 0.6155E-02 0.6921E-02 0.2955E+01 0.4556E-01 0.6707E+00 0.3230E-01 0.0000E+00
0.0000E+00 0.1887E-01 0.1320E-01 0.5115E+00 0.7184E-02 0.7882E-02 0.1845E+01 0.4875E+00 0.8178E-02 0.1297E-01 0.9937E+00 0.9027E-01 0.4738E-01 0.5993E-01 0.1958E-01 0.1229E-01 0.6281E-02 0.2960E+01 0.5269E-01 0.7334E+00 0.3842E-01 0.0000E+00
0.0000E+00 0.2575E-01 0.2234E-01 0.5177E+00 0.1347E-01 0.1516E-01 0.1866E+01 0.9654E-02 0.6462E-02 0.2545E-01 0.9937E+00 0.9462E-01 0.5317E-01 0.6680E-01 0.2539E-01 0.4677E-01 0.1242E-01 0.2960E+01 0.6313E-02 0.7497E+00 0.4414E-01 0.0000E+00
0.0000E+00 0.3198E-01 0.6089E-01 0.5849E+00 0.2109E-01 0.2298E-01 0.1876E+01 0.1064E-01 0.6362E-02 0.3402E-01 0.1003E+01 0.1629E+00 0.5937E-01 0.7298E-01 0.6329E-02 0.6279E-01 0.8395E-01 0.2968E+01 0.6192E-02 0.7594E+00 0.5548E-01 0.0000E+00
0.0000E+00 0.6551E-02 0.6702E-02 0.5896E+00 0.2824E-01 0.2884E-01 0.1959E+01 0.7429E-01 0.5355E-01 0.4114E-01 0.1011E+01 0.2593E+00 0.8716E-01 0.7847E-01 0.6175E-02 0.6284E-02 0.8954E-01 0.2975E+01 0.1437E-01 0.7693E+00 0.6593E-01 0.0000E+00
0.0000E+00 0.1291E-01 0.1304E-01 0.5937E+00 0.3598E-01 0.2018E+01 0.1984E+01 0.1536E-01 0.6338E-02 0.6744E-02 0.1022E+01 0.2664E+00 0.7923E-02 0.6312E-02 0.1233E-01 0.1234E-01 0.9615E-01 0.2986E+01 0.7871E+00 0.7713E+00 0.7591E-01 0.0000E+00
0.0000E+00 0.1928E-01 0.1970E-01 0.5976E+00 0.4507E-01 0.2039E+01 0.1690E-01 0.7707E-02 0.6342E-02 0.6384E-02 0.1025E+01 0.2715E+00 0.1436E-01 0.1255E-01 0.1847E-01 0.3906E+01 0.3895E+01 0.3797E+01 0.8035E+00 0.7686E-02 0.8415E-01 0.0000E+00
0.0000E+00 0.2619E-01 0.2661E-01 0.2707E+01 0.2106E+01 0.2054E+01 0.8194E-02 0.6077E-02 0.1252E-01 0.1258E-01 0.1025E+01 0.2788E+00 0.2060E-01 0.1862E-01 0.3931E+01 0.3914E+01 0.6062E-02 0.8208E-02 0.1231E-01 0.6120E-02 0.8716E-01 0.0000E+00
0.0000E+00 0.3329E-01 0.2763E+01 0.2730E+01 0.1637E-01 0.7938E-02 0.7925E-02 0.1216E-01 0.1861E-01 0.1875E-01 0.1026E+01 0.1313E+01 0.2733E-01 0.2545E-01 0.3939E+01 0.1337E-01 0.6203E-02 0.1600E-01 0.4024E-01 0.6178E-02 0.9134E-01 0.0000E+00
0.0000E+00 0.2803E+01 0.2770E+01 0.7198E-02 0.8492E-02 0.7531E-02 0.1586E-01 0.1827E-01 0.2477E-01 0.2505E-01 0.6342E-02 0.1319E+01 0.3688E-01 0.3400E-01 0.3941E+01 0.1939E-01 0.6252E-02 0.6231E-02 0.5274E-01 0.6542E-02 0.9547E-01 0.0000E+00
0.0000E+00 0.2803E+01 0.6439E-02 0.6945E-02 0.1740E-01 0.1373E-01 0.2219E-01 0.2738E-01 0.3466E-01 0.3215E-01 0.1250E-01 0.1328E+01 0.4593E-01 0.4132E-01 0.3944E+01 0.2576E-01 0.1244E-01 0.6230E-02 0.5950E-01 0.1267E-01 0.1001E+00 0.0000E+00
0.0000E+00 0.2802E+01 0.1299E-01 0.1369E-01 0.2597E-01 0.2397E-01 0.3173E-01 0.3705E-01 0.4426E-01 0.4096E-01 0.2344E-01 0.1330E+01 0.5486E-01 0.4805E-01 0.3943E+01 0.3635E-01 0.2098E-01 0.1230E-01 0.6510E-01 0.1927E-01 0.1048E+00 0.0000E+00
0.0000E+00 0.2803E+01 0.1927E-01 0.2079E-01 0.3110E-01 0.3364E-01 0.1434E+00 0.1017E+00 0.5513E-01 0.5126E-01 0.3356E-01 0.1340E+01 0.4070E+01 0.4005E+01 0.3951E+01 0.4719E-01 0.1250E+00 0.9439E-01 0.7157E-01 0.1359E+00 0.1106E+00 0.0000E+00
0.0000E+00 0.2802E+01 0.2577E-01 0.2818E-01 0.3684E-01 0.4083E-01 0.1624E+00 0.9260E-02 0.9198E-02 0.7090E-01 0.4171E-01 0.1348E+01 0.4096E+01 0.1784E-01 0.8962E-02 0.5705E-01 0.1438E+00 0.1032E-01 0.6577E-02 0.1407E+00 0.7745E-02 0.0000E+00
0.0000E+00 0.2810E+01 0.2839E+01 0.2914E+01 0.4688E-01 0.5159E-01 0.1812E+00 0.9682E-02 0.7755E-02 0.8968E-01 0.5119E-01 0.1352E+01 0.4108E+01 0.6783E-02 0.6371E-02 0.2205E+00 0.1570E+00 0.6863E-02 0.1315E-01 0.1593E+00 0.1400E-01 0.0000E+00
0.0000E+00 0.6861E-02 0.6366E-02 0.2921E+01 0.9918E-02 0.6252E-01 0.1997E+00 0.8827E-02 0.6660E-02 0.1072E+00 0.6081E-01 0.1355E+01 0.4113E+01 0.6328E-02 0.1246E-01 0.2237E+00 0.6601E-02 0.6423E-02 0.1991E-01 0.1726E+00 0.6533E-02 0.0000E+00
0.0000E+00 0.6356E-02 0.1234E-01 0.2938E+01 0.1719E-01 0.7340E-01 0.2196E+00 0.9042E-02 0.6053E-02 0.1242E+00 0.7127E-01 0.1363E+01 0.4120E+01 0.1239E-01 0.1859E-01 0.2586E+00 0.1247E-01 0.1360E-01 0.2637E-01 0.1784E+00 0.6248E-02 0.0000E+00
0.0000E+00 0.0000E+00 0.0000E+00 0.0000E+00 0.0000E+00 0.0000E+00 0.0000E+00 0.0000E+00 0.0000E+00 0.0000E+00 0.0000E+00 0.0000E+00 0.0000E+00 0.0000E+00 0.0000E+00 0.0000E+00 0.0000E+00 0.0000E+00 0.0000E+00 0.0000E+00 0.0000E+00 0.0000E+00
