p4_rainC_highsm_sedtr.asc
ncols     22
nrows     62
xllcorner      0.00000000
yllcorner      0.00000000
cellsize      0.50000000
nodata_value -9999
0.0000E+00 0.0000E+00 0.0000E+00 0.0000E+00 0.0000E+00 0.0000E+00 0.0000E+00 0.0000E+00 0.0000E+00 0.0000E+00 0.0000E+00 0.0000E+00 0.0000E+00 0.0000E+00 0.0000E+00 0.0000E+00 0.0000E+00 0.0000E+00 0.0000E+00 0.0000E+00 0.0000E+00 0.0000E+00
0.0000E+00 0.4156E-02 0.2075E-02 0.2744E-02 0.7678E-02 0.1377E-02 0.6357E-02 0.1411E-01 0.5711E-02 0.9716E-02 0.1713E-03 0.2804E-02 0.1324E-01 0.7893E-02 0.1747E-01 0.2461E-01 0.2186E-01 0.8622E-02 0.2116E-02 0.6360E-02 0.1156E-01 0.0000E+00
0.0000E+00 0.9344E-02 0.2332E-01 0.4009E-02 0.1014E-01 0.1881E-01 0.7716E-02 0.3044E-01 0.1351E-01 0.2989E-01 0.1588E-01 0.1379E-01 0.3940E-01 0.2429E-01 0.1663E-01 0.2111E-01 0.4775E-01 0.3428E-01 0.1098E-01 0.7353E-02 0.2800E-02 0.0000E+00
0.0000E+00 0.2139E-01 0.3945E-01 0.2067E-01 0.1043E-01 0.1971E-01 0.4480E-01 0.3286E-01 0.4145E-02 0.2824E-01 0.1560E-01 0.8765E-03 0.3376E-01 0.1391E-01 0.9559E-02 0.5857E-02 0.4579E-01 0.4747E-02 0.3603E-02 0.1167E-01 0.2768E-02 0.0000E+00
0.0000E+00 0.3238E-01 0.3621E-01 0.1312E-01 0.1615E-02 0.5230E-01 0.2262E-02 0.2149E-01 0.9019E-02 0.2560E-01 0.3534E-01 0.1528E-01 0.5092E-01 0.3201E-01 0.2036E-01 0.2668E-01 0.3135E-01 0.2928E-01 0.2067E-01 0.1105E-01 0.8401E-02 0.0000E+00
0.0000E+00 0.2058E-01 0.3379E-01 0.1402E-01 0.1293E-01 0.3372E-01 0.1728E-02 0.2107E-01 0.2990E-01 0.2990E-01 0.1889E-01 0.5925E-02 0.5535E-01 0.4362E-01 0.1991E-01 0.1746E-02 0.1116E-01 0.2409E-01 0.5972E-01 0.2927E-01 0.2012E-01 0.0000E+00
0.0000E+00 0.7658E-02 0.4155E-01 0.1076E-01 0.1161E-01 0.3871E-01 0.1378E-01 0.6673E-01 0.5242E-01 0.3206E-01 0.3520E-01 0.2277E-01 0.5480E-01 0.3813E-01 0.3740E-01 0.2890E-02 0.2386E-02 0.1074E-01 0.5962E-01 0.1847E-01 0.1206E-01 0.0000E+00
0.0000E+00 0.8310E-02 0.4241E-01 0.2524E-02 0.4975E-02 0.2480E-01 0.4681E-01 0.8777E-01 0.7851E-01 0.3973E-01 0.2293E-02 0.1889E-01 0.5098E-01 0.4099E-01 0.5135E-01 0.4996E-02 0.5520E-02 0.1545E-01 0.5461E-01 0.4688E-02 0.2791E-02 0.0000E+00
0.0000E+00 0.3764E-01 0.3295E-01 0.2268E-02 0.3848E-01 0.5737E-01 0.5768E-01 0.4044E-01 0.4061E-01 0.5777E-02 0.6163E-02 0.1825E-01 0.7310E-01 0.7797E-01 0.6244E-01 0.1078E-01 0.3212E-02 0.5868E-01 0.5288E-01 0.1229E-01 0.1905E-01 0.0000E+00
0.0000E+00 0.4734E-01 0.6009E-01 0.2696E-01 0.4578E-01 0.3883E-01 0.2571E-01 0.4032E-01 0.3455E-01 0.2806E-01 0.3054E-01 0.1220E-01 0.7205E-01 0.2753E-01 0.2275E-01 0.1942E-01 0.2280E-01 0.8900E-01 0.9808E-02 0.1301E-01 0.5080E-01 0.0000E+00
0.0000E+00 0.1872E-01 0.4302E-01 0.3299E-01 0.4069E-01 0.3447E-01 0.3455E-01 0.7627E-01 0.3966E-01 0.2221E-01 0.4312E-01 0.2940E-01 0.7756E-01 0.3315E-01 0.3307E-01 0.2086E-01 0.1564E-01 0.5990E-01 0.1160E-01 0.9554E-02 0.2630E-01 0.0000E+00
0.0000E+00 0.3696E-01 0.4796E-01 0.3364E-01 0.2675E-01 0.2666E-01 0.3355E-01 0.7740E-01 0.3254E-01 0.1457E-01 0.4096E-01 0.1234E-01 0.5967E-01 0.1772E-02 0.9041E-01 0.4730E-01 0.3803E-01 0.7116E-01 0.2751E-01 0.1607E-01 0.3578E-01 0.0000E+00
0.0000E+00 0.2391E-01 0.4685E-01 0.4249E-01 0.5291E-01 0.1049E-01 0.6376E-01 0.6518E-01 0.9002E-01 0.4930E-02 0.4698E-01 0.1093E-01 0.4495E-01 0.3641E-01 0.9398E-01 0.6082E-01 0.4972E-01 0.9120E-01 0.2768E-01 0.1581E-01 0.2325E-01 0.0000E+00
0.0000E+00 0.3322E-01 0.4684E-01 0.5478E-01 0.8533E-01 0.5463E-01 0.2231E-01 0.1049E-01 0.9439E-01 0.1349E-01 0.6246E-01 0.3246E-01 0.6722E-02 0.7348E-02 0.6174E-01 0.9917E-01 0.3269E-01 0.5646E-01 0.4223E-01 0.2103E-01 0.1640E-01 0.0000E+00
0.0000E+00 0.1734E-01 0.4870E-01 0.4968E-01 0.7111E-01 0.4195E-01 0.5726E-01 0.2907E-01 0.8208E-01 0.2384E-01 0.8548E-01 0.4091E-01 0.1118E-01 0.2386E-01 0.5360E-01 0.9418E-01 0.3424E-01 0.7283E-01 0.6473E-01 0.9117E-02 0.1074E-01 0.0000E+00
0.0000E+00 0.1206E-01 0.4344E-01 0.5877E-01 0.7132E-01 0.5955E-01 0.2586E-01 0.1015E-01 0.8243E-01 0.2769E-01 0.6445E-01 0.1711E-01 0.5759E-02 0.4945E-01 0.4193E-01 0.8404E-01 0.2037E-01 0.7250E-01 0.8704E-01 0.4395E-01 0.2111E-01 0.0000E+00
0.0000E+00 0.8611E-02 0.6983E-01 0.7023E-01 0.8685E-01 0.5563E-01 0.8943E-02 0.3182E-01 0.1278E+00 0.5570E-01 0.6333E-01 0.1600E-01 0.1137E-01 0.1388E-01 0.1147E-01 0.7862E-01 0.8640E-01 0.8122E-01 0.9122E-01 0.3529E-01 0.1341E-01 0.0000E+00
0.0000E+00 0.2124E-02 0.5113E-01 0.6490E-01 0.6424E-01 0.4816E-01 0.2600E-01 0.1802E-01 0.9076E-01 0.4596E-01 0.8047E-01 0.5413E-01 0.3048E-01 0.1376E-01 0.3902E-02 0.1832E-01 0.1248E+00 0.7749E-01 0.8224E-01 0.3879E-01 0.6520E-01 0.0000E+00
0.0000E+00 0.7080E-02 0.1540E-01 0.6083E-01 0.5368E-01 0.7558E-01 0.2513E-01 0.1407E-01 0.9064E-01 0.4291E-01 0.8185E-01 0.6491E-01 0.3000E-01 0.2623E-02 0.2637E-02 0.1975E-01 0.1219E+00 0.8564E-01 0.6998E-01 0.2817E-01 0.3712E-01 0.0000E+00
0.0000E+00 0.4237E-01 0.2727E-01 0.6148E-01 0.4858E-01 0.5145E-01 0.2386E-02 0.7828E-02 0.1301E+00 0.4809E-01 0.1034E+00 0.1116E-01 0.2406E-01 0.5059E-02 0.3529E-02 0.8991E-02 0.1659E+00 0.8507E-01 0.4325E-01 0.3196E-01 0.3602E-01 0.0000E+00
0.0000E+00 0.3141E-01 0.2959E-01 0.8514E-01 0.3759E-01 0.3453E-01 0.3225E-02 0.7344E-02 0.9328E-01 0.5435E-01 0.9282E-01 0.5848E-01 0.1145E-01 0.8067E-02 0.8107E-02 0.5386E-02 0.1609E+00 0.6713E-02 0.8546E-02 0.5038E-01 0.4264E-01 0.0000E+00
0.0000E+00 0.3348E-01 0.1195E-01 0.1078E+00 0.6773E-01 0.3293E-01 0.4686E-02 0.1596E-01 0.8335E-01 0.1014E+00 0.8970E-01 0.4767E-01 0.6532E-02 0.7021E-02 0.3238E-01 0.3678E-02 0.1750E+00 0.5726E-01 0.8804E-02 0.5575E-01 0.3497E-01 0.0000E+00
0.0000E+00 0.2933E-01 0.2217E-01 0.1082E+00 0.3343E-01 0.1074E-01 0.2832E-01 0.4006E-01 0.1149E-01 0.9687E-01 0.7859E-01 0.4709E-01 0.1676E-01 0.2156E-01 0.3465E-01 0.2291E-01 0.1558E+00 0.1868E-01 0.5624E-02 0.6105E-01 0.5346E-01 0.0000E+00
0.0000E+00 0.2592E-01 0.2914E-01 0.1230E+00 0.5932E-02 0.4680E-02 0.8528E-01 0.1792E-01 0.3381E-02 0.9228E-01 0.7505E-01 0.4509E-01 0.3275E-01 0.2356E-01 0.6170E-01 0.1279E-01 0.1693E+00 0.1474E-01 0.4273E-01 0.8622E-01 0.8931E-01 0.0000E+00
0.0000E+00 0.4001E-01 0.2001E-01 0.1039E+00 0.3663E-02 0.7620E-02 0.3757E-01 0.9890E-02 0.1116E-01 0.8302E-01 0.6370E-01 0.7458E-01 0.8379E-01 0.2036E-01 0.6575E-01 0.3172E-01 0.1959E+00 0.2727E-01 0.5189E-01 0.3642E-01 0.5506E-01 0.0000E+00
0.0000E+00 0.1872E-01 0.2723E-01 0.9635E-01 0.9610E-01 0.7995E-01 0.9093E-01 0.3015E-01 0.1987E-01 0.8851E-01 0.1063E-01 0.6713E-02 0.7350E-01 0.1784E-01 0.6724E-01 0.3573E-01 0.1758E+00 0.3156E-01 0.3723E-01 0.3874E-01 0.4769E-01 0.0000E+00
0.0000E+00 0.1752E-01 0.2592E-01 0.1790E-01 0.2620E-01 0.9600E-02 0.1137E+00 0.6904E-01 0.7439E-01 0.1202E+00 0.6234E-01 0.2581E-01 0.6615E-01 0.7039E-01 0.1116E+00 0.3174E-01 0.1631E+00 0.4485E-01 0.7124E-01 0.9848E-01 0.8476E-01 0.0000E+00
0.0000E+00 0.3615E-01 0.1543E-01 0.1970E-01 0.4052E-01 0.5012E-01 0.1468E+00 0.3466E-01 0.4088E-01 0.1229E+00 0.4488E-01 0.4448E-01 0.3243E-01 0.3911E-01 0.1046E+00 0.5698E-01 0.1815E+00 0.3606E-01 0.5387E-01 0.8424E-01 0.6184E-01 0.0000E+00
0.0000E+00 0.6346E-01 0.5742E-01 0.2467E-01 0.4295E-01 0.1302E+00 0.1032E+00 0.4158E-01 0.3015E-01 0.8920E-01 0.3128E-01 0.4741E-01 0.9037E-02 0.1079E-01 0.1105E+00 0.5988E-01 0.2025E+00 0.5127E-01 0.6208E-01 0.4954E-01 0.7915E-01 0.0000E+00
0.0000E+00 0.4740E-01 0.3349E-01 0.2306E-01 0.5245E-01 0.1176E+00 0.2186E-01 0.1574E-01 0.2505E-01 0.7764E-01 0.1168E+00 0.6314E-01 0.8958E-02 0.6945E-02 0.1429E+00 0.3859E-01 0.1833E+00 0.4708E-01 0.5341E-01 0.2498E-01 0.4218E-01 0.0000E+00
0.0000E+00 0.4805E-01 0.3113E-01 0.1861E-01 0.2766E-01 0.1456E+00 0.2687E-01 0.4716E-02 0.6643E-01 0.3343E-01 0.9273E-01 0.2786E-01 0.3231E-01 0.4006E-02 0.1342E+00 0.4260E-01 0.1737E+00 0.2993E-01 0.4872E-01 0.3517E-01 0.3150E-01 0.0000E+00
0.0000E+00 0.4233E-01 0.3850E-01 0.1229E-01 0.3858E-01 0.1310E+00 0.5521E-02 0.4273E-02 0.7529E-01 0.2415E-01 0.8479E-01 0.1152E-01 0.4045E-01 0.9369E-01 0.1307E+00 0.5546E-01 0.1695E+00 0.2836E-01 0.5985E-01 0.3721E-01 0.7362E-01 0.0000E+00
0.0000E+00 0.4647E-01 0.5270E-01 0.1118E-01 0.2403E-01 0.1438E+00 0.2303E-01 0.2078E-01 0.3944E-01 0.3301E-01 0.1279E+00 0.3439E-01 0.7473E-01 0.1140E+00 0.1032E-01 0.2831E-01 0.1717E+00 0.3097E-01 0.7885E-01 0.3845E-01 0.9100E-01 0.0000E+00
0.0000E+00 0.5246E-01 0.2851E-01 0.9134E-02 0.3280E-01 0.1416E+00 0.8320E-02 0.8826E-02 0.1048E-01 0.4083E-01 0.1257E+00 0.1299E-01 0.4563E-01 0.1614E+00 0.5483E-01 0.1743E+00 0.1511E+00 0.1665E-01 0.5843E-01 0.5508E-01 0.8178E-01 0.0000E+00
0.0000E+00 0.5663E-01 0.6317E-01 0.6100E-01 0.7530E-01 0.1423E+00 0.2113E-01 0.5130E-01 0.5858E-01 0.8108E-01 0.1019E+00 0.1630E-01 0.4720E-01 0.1186E+00 0.5780E-01 0.1765E+00 0.3127E-01 0.9446E-02 0.1136E-01 0.4077E-02 0.1030E+00 0.0000E+00
0.0000E+00 0.6783E-01 0.8101E-01 0.6392E-01 0.3568E-01 0.1389E+00 0.3435E-01 0.3703E-01 0.2467E-01 0.6570E-01 0.1270E+00 0.1017E-01 0.3715E-01 0.1233E+00 0.1957E+00 0.1896E+00 0.3347E-01 0.1316E-01 0.1550E-01 0.2719E-01 0.1298E+00 0.0000E+00
0.0000E+00 0.8004E-01 0.5790E-01 0.4974E-01 0.2129E-01 0.1264E+00 0.2729E-01 0.4662E-01 0.6112E-01 0.4635E-01 0.9737E-01 0.1802E-01 0.5023E-02 0.1166E+00 0.1911E+00 0.1468E-01 0.1477E-01 0.5434E-02 0.4422E-02 0.9093E-02 0.9381E-01 0.0000E+00
0.0000E+00 0.9412E-01 0.1401E-01 0.9088E-02 0.6019E-01 0.1252E+00 0.4080E-01 0.6248E-01 0.1079E+00 0.2654E-01 0.1181E+00 0.2235E-01 0.2195E-02 0.1293E+00 0.1883E+00 0.4505E-01 0.2244E-01 0.6369E-02 0.6476E-02 0.1715E-01 0.9402E-01 0.0000E+00
0.0000E+00 0.1360E+00 0.5135E-02 0.7983E-02 0.1248E+00 0.1680E+00 0.7748E-01 0.8437E-01 0.1349E+00 0.2433E-01 0.1270E+00 0.2925E-01 0.9420E-02 0.1153E+00 0.2842E+00 0.4149E-01 0.1609E-01 0.2317E-01 0.7964E-02 0.8188E-02 0.9207E-01 0.0000E+00
0.0000E+00 0.1233E+00 0.5088E-02 0.6163E-02 0.1108E+00 0.1323E+00 0.6068E-01 0.4765E-01 0.1075E+00 0.5811E-02 0.1012E+00 0.7050E-01 0.2511E-02 0.1602E-01 0.2706E+00 0.1844E-01 0.1877E-01 0.1114E-01 0.4448E-02 0.5312E-01 0.6153E-01 0.0000E+00
0.0000E+00 0.9273E-01 0.2852E-02 0.2233E-01 0.1749E+00 0.1419E+00 0.3246E-01 0.3455E-01 0.1060E+00 0.2416E-01 0.8365E-01 0.4371E-01 0.4222E-02 0.7366E-02 0.2517E+00 0.2383E+00 0.2418E+00 0.5121E-01 0.2878E-01 0.5009E-01 0.8871E-03 0.0000E+00
0.0000E+00 0.6296E-01 0.5432E-01 0.3405E-01 0.1730E+00 0.2854E-01 0.4466E-01 0.9089E-02 0.8035E-01 0.2491E-01 0.9587E-01 0.4909E-01 0.5497E-02 0.9539E-02 0.7658E-02 0.1670E-01 0.2641E+00 0.3079E-01 0.6068E-01 0.1239E+00 0.1818E-01 0.0000E+00
0.0000E+00 0.6725E-02 0.4943E-01 0.6729E-01 0.1663E+00 0.5802E-01 0.2094E-01 0.1101E-01 0.1037E+00 0.1924E-01 0.1676E+00 0.6446E-01 0.2953E-01 0.3278E-01 0.1435E-01 0.2457E-01 0.2784E+00 0.5537E-01 0.5375E-01 0.1550E+00 0.8099E-01 0.0000E+00
0.0000E+00 0.1705E-01 0.1540E-01 0.9900E-01 0.1341E+00 0.1403E+00 0.1479E+00 0.5630E-01 0.1304E+00 0.1362E-01 0.1358E+00 0.5473E-01 0.3594E-01 0.4204E-01 0.1372E-01 0.2138E-02 0.2730E+00 0.2827E+00 0.7211E-01 0.1089E+00 0.6798E-01 0.0000E+00
0.0000E+00 0.1053E-01 0.3603E-01 0.1533E+00 0.1132E-01 0.3068E-01 0.1655E+00 0.9100E-01 0.9438E-01 0.1295E-01 0.1346E+00 0.5376E-01 0.2819E-01 0.3389E-01 0.6982E-02 0.2511E-02 0.8994E-02 0.2672E+00 0.4368E-01 0.9704E-01 0.5956E-01 0.0000E+00
0.0000E+00 0.7952E-02 0.1305E-01 0.1633E+00 0.3635E-01 0.2180E-01 0.2301E+00 0.9900E-01 0.1156E-01 0.2009E-01 0.1388E+00 0.7427E-01 0.3849E-01 0.2419E-01 0.8655E-02 0.3834E-02 0.1113E-01 0.2739E+00 0.2290E-01 0.1166E+00 0.3756E-01 0.0000E+00
0.0000E+00 0.2200E-02 0.1098E-01 0.1301E+00 0.1374E-01 0.2359E-01 0.2277E+00 0.3195E-01 0.4690E-02 0.8153E-02 0.1123E+00 0.4209E-01 0.2547E-01 0.1925E-01 0.2663E-02 0.3171E-01 0.3415E-02 0.2898E+00 0.7754E-02 0.9400E-01 0.2247E-01 0.0000E+00
0.0000E+00 0.1380E-02 0.6020E-02 0.1057E+00 0.3530E-01 0.5093E-01 0.2317E+00 0.3939E-01 0.3133E-02 0.1502E-01 0.1169E+00 0.6580E-01 0.1801E-01 0.1867E-01 0.9342E-02 0.1386E-01 0.9872E-02 0.3075E+00 0.2386E-02 0.1215E+00 0.2976E-01 0.0000E+00
0.0000E+00 0.7659E-02 0.8330E-02 0.9891E-01 0.4121E-01 0.2049E-01 0.2360E+00 0.3768E-01 0.2011E-01 0.6677E-02 0.1138E+00 0.6883E-01 0.4096E-01 0.2317E-01 0.3651E-02 0.9341E-02 0.6145E-01 0.3078E+00 0.3362E-01 0.1212E+00 0.2448E-01 0.0000E+00
0.0000E+00 0.5023E-01 0.4215E-01 0.1113E+00 0.3375E-01 0.2526E+00 0.2398E+00 0.2640E-01 0.6094E-02 0.6589E-02 0.1198E+00 0.5984E-01 0.1719E-01 0.2117E-01 0.3459E-01 0.4723E-02 0.5032E-01 0.2930E+00 0.8013E-01 0.8552E-01 0.1351E-01 0.0000E+00
0.0000E+00 0.3445E-01 0.4434E-01 0.9929E-01 0.3285E-01 0.2638E+00 0.5081E-01 0.2397E-01 0.1976E-01 0.2225E-01 0.1379E+00 0.1015E+00 0.3405E-01 0.3903E-01 0.3559E-01 0.3375E+00 0.3383E+00 0.3278E+00 0.6771E-01 0.1394E-01 0.2553E-01 0.0000E+00
0.0000E+00 0.2125E-01 0.2570E-01 0.3310E+00 0.2579E+00 0.2485E+00 0.3200E-01 0.4298E-02 0.8313E-02 0.8120E-02 0.1043E+00 0.1223E+00 0.5630E-01 0.1522E-01 0.3604E+00 0.3773E+00 0.7722E-02 0.1933E-01 0.2586E-01 0.1290E-02 0.1119E-01 0.0000E+00
0.0000E+00 0.2384E-01 0.3142E+00 0.3141E+00 0.3474E-01 0.1343E-01 0.2293E-01 0.9084E-02 0.7913E-02 0.1882E-01 0.1018E+00 0.1769E+00 0.3111E-01 0.3386E-01 0.3745E+00 0.2976E-01 0.9809E-03 0.8420E-02 0.1477E-01 0.2511E-02 0.8711E-02 0.0000E+00
0.0000E+00 0.3211E+00 0.3120E+00 0.6916E-02 0.2564E-01 0.3114E-01 0.5796E-01 0.5439E-02 0.6107E-02 0.4451E-01 0.2712E-01 0.1738E+00 0.4325E-01 0.2105E-01 0.3756E+00 0.1379E-01 0.4170E-02 0.2261E-02 0.1642E-01 0.1733E-01 0.2587E-01 0.0000E+00
0.0000E+00 0.3481E+00 0.1784E-01 0.2183E-01 0.2859E-01 0.1169E-01 0.2604E-01 0.2673E-01 0.2785E-01 0.2328E-01 0.8162E-02 0.1656E+00 0.3948E-01 0.4512E-01 0.3821E+00 0.1081E-01 0.6963E-02 0.5444E-02 0.4825E-01 0.7834E-02 0.2610E-01 0.0000E+00
0.0000E+00 0.3535E+00 0.3624E-01 0.2993E-01 0.3342E-01 0.3236E-01 0.3757E-01 0.2165E-01 0.1899E-01 0.1590E-01 0.1144E-01 0.1471E+00 0.3482E-01 0.2681E-01 0.3738E+00 0.3232E-01 0.1991E-01 0.3199E-02 0.1699E-01 0.9336E-02 0.1619E-01 0.0000E+00
0.0000E+00 0.3887E+00 0.3158E-01 0.2760E-01 0.1850E-01 0.4967E-01 0.5384E-01 0.3432E-01 0.1005E-01 0.2148E-01 0.1736E-01 0.1479E+00 0.3415E+00 0.3321E+00 0.3437E+00 0.8162E-02 0.2505E-01 0.4327E-01 0.3280E-01 0.3189E-01 0.3504E-01 0.0000E+00
0.0000E+00 0.3761E+00 0.2587E-01 0.3217E-01 0.1435E-01 0.4537E-01 0.6308E-01 0.2547E-01 0.3529E-02 0.5848E-01 0.5615E-01 0.1643E+00 0.3332E+00 0.2243E-01 0.9749E-02 0.1183E-01 0.2031E-01 0.1141E-01 0.7659E-02 0.6825E-01 0.2002E-01 0.0000E+00
0.0000E+00 0.3336E+00 0.3146E+00 0.3142E+00 0.8714E-02 0.4704E-01 0.8983E-01 0.4348E-01 0.1757E-01 0.8231E-01 0.6723E-01 0.1444E+00 0.3490E+00 0.1584E-01 0.1399E-01 0.7072E-01 0.1657E-01 0.1061E-01 0.1955E-01 0.3671E-01 0.2656E-01 0.0000E+00
0.0000E+00 0.2310E-02 0.3429E-02 0.3120E+00 0.1251E-01 0.4760E-01 0.1064E+00 0.4527E-01 0.9171E-02 0.7770E-01 0.5356E-01 0.1356E+00 0.3482E+00 0.1058E-01 0.4380E-02 0.4438E-01 0.2400E-01 0.2490E-01 0.1678E-01 0.2494E-01 0.6033E-02 0.0000E+00
0.0000E+00 0.5127E-02 0.1277E-01 0.3052E+00 0.1789E-01 0.4247E-01 0.8314E-01 0.2436E-01 0.9812E-03 0.5834E-01 0.4530E-01 0.1266E+00 0.3426E+00 0.2400E-02 0.6190E-02 0.3667E-01 0.5568E-02 0.1221E-01 0.1014E-01 0.2004E-01 0.3270E-02 0.0000E+00
0.0000E+00 0.0000E+00 0.0000E+00 0.0000E+00 0.0000E+00 0.0000E+00 0.0000E+00 0.0000E+00 0.0000E+00 0.0000E+00 0.0000E+00 0.0000E+00 0.0000E+00 0.0000E+00 0.0000E+00 0.0000E+00 0.0000E+00 0.0000E+00 0.0000E+00 0.0000E+00 0.0000E+00 0.0000E+00
