p4_rainB_lowsm_sedtr.asc
ncols     22
nrows     62
xllcorner      0.00000000
yllcorner      0.00000000
cellsize      0.50000000
nodata_value -9999
0.0000E+00 0.0000E+00 0.0000E+00 0.0000E+00 0.0000E+00 0.0000E+00 0.0000E+00 0.0000E+00 0.0000E+00 0.0000E+00 0.0000E+00 0.0000E+00 0.0000E+00 0.0000E+00 0.0000E+00 0.0000E+00 0.0000E+00 0.0000E+00 0.0000E+00 0.0000E+00 0.0000E+00 0.0000E+00
0.0000E+00 0.2109E-01 0.1490E-01 0.1564E-01 0.3104E-01 0.6904E-02 0.2659E-01 0.5056E-01 0.2164E-01 0.3617E-01 0.1165E-02 0.1314E-01 0.4687E-01 0.3202E-01 0.5870E-01 0.7638E-01 0.6725E-01 0.3259E-01 0.1284E-01 0.2653E-01 0.4327E-01 0.0000E+00
0.0000E+00 0.3982E-01 0.7468E-01 0.1951E-01 0.3343E-01 0.5631E-01 0.3053E-01 0.9452E-01 0.4156E-01 0.8427E-01 0.5079E-01 0.4472E-01 0.1116E+00 0.7556E-01 0.6671E-01 0.7534E-01 0.1389E+00 0.9179E-01 0.4496E-01 0.3951E-01 0.1706E-01 0.0000E+00
0.0000E+00 0.7924E-01 0.1229E+00 0.7614E-01 0.3032E-01 0.6075E-01 0.1017E+00 0.1101E+00 0.2094E-01 0.9045E-01 0.4833E-01 0.4492E-02 0.1052E+00 0.5419E-01 0.4844E-01 0.2322E-01 0.1347E+00 0.1539E-01 0.1286E-01 0.4892E-01 0.1436E-01 0.0000E+00
0.0000E+00 0.1137E+00 0.1332E+00 0.6430E-01 0.9256E-02 0.1311E+00 0.8828E-02 0.7117E-01 0.3718E-01 0.8428E-01 0.9722E-01 0.4751E-01 0.1347E+00 0.9529E-01 0.7418E-01 0.7102E-01 0.1017E+00 0.8282E-01 0.5216E-01 0.3984E-01 0.2950E-01 0.0000E+00
0.0000E+00 0.9616E-01 0.1400E+00 0.6746E-01 0.4516E-01 0.1031E+00 0.8911E-02 0.5999E-01 0.8492E-01 0.9235E-01 0.6940E-01 0.2544E-01 0.1418E+00 0.1235E+00 0.7240E-01 0.7339E-02 0.3590E-01 0.5853E-01 0.1282E+00 0.8149E-01 0.5470E-01 0.0000E+00
0.0000E+00 0.4919E-01 0.1442E+00 0.4022E-01 0.3930E-01 0.1149E+00 0.4683E-01 0.1387E+00 0.1370E+00 0.9584E-01 0.1032E+00 0.8380E-01 0.1646E+00 0.1170E+00 0.1115E+00 0.9932E-02 0.7090E-02 0.2223E-01 0.1224E+00 0.5219E-01 0.3458E-01 0.0000E+00
0.0000E+00 0.3946E-01 0.1349E+00 0.7761E-02 0.2242E-01 0.8278E-01 0.1197E+00 0.1850E+00 0.2057E+00 0.1098E+00 0.1027E-01 0.5632E-01 0.1426E+00 0.1214E+00 0.1430E+00 0.1730E-01 0.1528E-01 0.4122E-01 0.1087E+00 0.2298E-01 0.1299E-01 0.0000E+00
0.0000E+00 0.1015E+00 0.1089E+00 0.8635E-02 0.1022E+00 0.1428E+00 0.1528E+00 0.1070E+00 0.1277E+00 0.2215E-01 0.2095E-01 0.5257E-01 0.1680E+00 0.1859E+00 0.1680E+00 0.3666E-01 0.1290E-01 0.1100E+00 0.9881E-01 0.4088E-01 0.5924E-01 0.0000E+00
0.0000E+00 0.1333E+00 0.1483E+00 0.7719E-01 0.1289E+00 0.1101E+00 0.8782E-01 0.1064E+00 0.9592E-01 0.7770E-01 0.8564E-01 0.4193E-01 0.1643E+00 0.8142E-01 0.7753E-01 0.6437E-01 0.6732E-01 0.1468E+00 0.2693E-01 0.3711E-01 0.1224E+00 0.0000E+00
0.0000E+00 0.7084E-01 0.1186E+00 0.1010E+00 0.1245E+00 0.1003E+00 0.1044E+00 0.1654E+00 0.8883E-01 0.7059E-01 0.1338E+00 0.8428E-01 0.1813E+00 0.8817E-01 0.8984E-01 0.6762E-01 0.5557E-01 0.1014E+00 0.3699E-01 0.3116E-01 0.8442E-01 0.0000E+00
0.0000E+00 0.1070E+00 0.1224E+00 0.1072E+00 0.9097E-01 0.7714E-01 0.8474E-01 0.1762E+00 0.7097E-01 0.4468E-01 0.1295E+00 0.4713E-01 0.1248E+00 0.7141E-02 0.1878E+00 0.1227E+00 0.1017E+00 0.1150E+00 0.8007E-01 0.4216E-01 0.1086E+00 0.0000E+00
0.0000E+00 0.7965E-01 0.1174E+00 0.1259E+00 0.1339E+00 0.3618E-01 0.1145E+00 0.1363E+00 0.1608E+00 0.2118E-01 0.1382E+00 0.3794E-01 0.8000E-01 0.4255E-01 0.1484E+00 0.1577E+00 0.1289E+00 0.1451E+00 0.8145E-01 0.4210E-01 0.8119E-01 0.0000E+00
0.0000E+00 0.9655E-01 0.1135E+00 0.1509E+00 0.1950E+00 0.1314E+00 0.6600E-01 0.3632E-01 0.1597E+00 0.4087E-01 0.1676E+00 0.8069E-01 0.1528E-01 0.1653E-01 0.8654E-01 0.1634E+00 0.9967E-01 0.9225E-01 0.1074E+00 0.5557E-01 0.5323E-01 0.0000E+00
0.0000E+00 0.5649E-01 0.9554E-01 0.1447E+00 0.1800E+00 0.1167E+00 0.1425E+00 0.7916E-01 0.1276E+00 0.6886E-01 0.1932E+00 0.1029E+00 0.3542E-01 0.7182E-01 0.1404E+00 0.1763E+00 0.1009E+00 0.1124E+00 0.1312E+00 0.1958E-01 0.2218E-01 0.0000E+00
0.0000E+00 0.4106E-01 0.7756E-01 0.1599E+00 0.1792E+00 0.1591E+00 0.8225E-01 0.3665E-01 0.1241E+00 0.7637E-01 0.1536E+00 0.5530E-01 0.2444E-01 0.1198E+00 0.1077E+00 0.1497E+00 0.6306E-01 0.1096E+00 0.1682E+00 0.1072E+00 0.5349E-01 0.0000E+00
0.0000E+00 0.3286E-01 0.9466E-01 0.1803E+00 0.2068E+00 0.1598E+00 0.3082E-01 0.8525E-01 0.1734E+00 0.1394E+00 0.1463E+00 0.5834E-01 0.4665E-01 0.5496E-01 0.4586E-01 0.1484E+00 0.1745E+00 0.1243E+00 0.1806E+00 0.1027E+00 0.4483E-01 0.0000E+00
0.0000E+00 0.1324E-01 0.6688E-01 0.1278E+00 0.1683E+00 0.1520E+00 0.7167E-01 0.6218E-01 0.1337E+00 0.1327E+00 0.1934E+00 0.1367E+00 0.8405E-01 0.4803E-01 0.1976E-01 0.5681E-01 0.2144E+00 0.1221E+00 0.1707E+00 0.1103E+00 0.1528E+00 0.0000E+00
0.0000E+00 0.2984E-01 0.5310E-01 0.1157E+00 0.1431E+00 0.1953E+00 0.7258E-01 0.4325E-01 0.1194E+00 0.1285E+00 0.2140E+00 0.1690E+00 0.9053E-01 0.7730E-02 0.9423E-02 0.5394E-01 0.2054E+00 0.1354E+00 0.1513E+00 0.8984E-01 0.1139E+00 0.0000E+00
0.0000E+00 0.1024E+00 0.7789E-01 0.1044E+00 0.1242E+00 0.1410E+00 0.8661E-02 0.2498E-01 0.1657E+00 0.1367E+00 0.2119E+00 0.3417E-01 0.6870E-01 0.1615E-01 0.1086E-01 0.3467E-01 0.2578E+00 0.1225E+00 0.9149E-01 0.9510E-01 0.1120E+00 0.0000E+00
0.0000E+00 0.9742E-01 0.9190E-01 0.1257E+00 0.8468E-01 0.8243E-01 0.1524E-01 0.2791E-01 0.1199E+00 0.1465E+00 0.1829E+00 0.1428E+00 0.4268E-01 0.2552E-01 0.2692E-01 0.2363E-01 0.2357E+00 0.1529E-01 0.1837E-01 0.1307E+00 0.1253E+00 0.0000E+00
0.0000E+00 0.1100E+00 0.5310E-01 0.1761E+00 0.1163E+00 0.6462E-01 0.1156E-01 0.5019E-01 0.9921E-01 0.1580E+00 0.1697E+00 0.1394E+00 0.2965E-01 0.2657E-01 0.9128E-01 0.1850E-01 0.2405E+00 0.1325E+00 0.2496E-01 0.1452E+00 0.1095E+00 0.0000E+00
0.0000E+00 0.1021E+00 0.7587E-01 0.1722E+00 0.8844E-01 0.2224E-01 0.7848E-01 0.9898E-01 0.3473E-01 0.1344E+00 0.1459E+00 0.1410E+00 0.4753E-01 0.6865E-01 0.1042E+00 0.6836E-01 0.2203E+00 0.6450E-01 0.2493E-01 0.1575E+00 0.1392E+00 0.0000E+00
0.0000E+00 0.9082E-01 0.9087E-01 0.1770E+00 0.1182E-01 0.1344E-01 0.1934E+00 0.5773E-01 0.1579E-01 0.1207E+00 0.1321E+00 0.1375E+00 0.9123E-01 0.8193E-01 0.1570E+00 0.4330E-01 0.2229E+00 0.4745E-01 0.1089E+00 0.2025E+00 0.2024E+00 0.0000E+00
0.0000E+00 0.1136E+00 0.7024E-01 0.1420E+00 0.1074E-01 0.2307E-01 0.1133E+00 0.3523E-01 0.3923E-01 0.1151E+00 0.1069E+00 0.1379E+00 0.1510E+00 0.7476E-01 0.1744E+00 0.8439E-01 0.2470E+00 0.7244E-01 0.1412E+00 0.1034E+00 0.1481E+00 0.0000E+00
0.0000E+00 0.5872E-01 0.8088E-01 0.1205E+00 0.1110E+00 0.7054E-01 0.1156E+00 0.7942E-01 0.6097E-01 0.1179E+00 0.3648E-01 0.1526E-01 0.1128E+00 0.6454E-01 0.1886E+00 0.9164E-01 0.2216E+00 0.9807E-01 0.1157E+00 0.1009E+00 0.1323E+00 0.0000E+00
0.0000E+00 0.4801E-01 0.7136E-01 0.5235E-01 0.7918E-01 0.3379E-01 0.1239E+00 0.1571E+00 0.1681E+00 0.1482E+00 0.1454E+00 0.7248E-01 0.7502E-01 0.7906E-01 0.1856E+00 0.9516E-01 0.1944E+00 0.1336E+00 0.1816E+00 0.2004E+00 0.1914E+00 0.0000E+00
0.0000E+00 0.8008E-01 0.4187E-01 0.6335E-01 0.1213E+00 0.1187E+00 0.1580E+00 0.9940E-01 0.1165E+00 0.1468E+00 0.1281E+00 0.1305E+00 0.8443E-01 0.9992E-01 0.1774E+00 0.1443E+00 0.2079E+00 0.1224E+00 0.1601E+00 0.1877E+00 0.1523E+00 0.0000E+00
0.0000E+00 0.1328E+00 0.1238E+00 0.7922E-01 0.1331E+00 0.1646E+00 0.1004E+00 0.1174E+00 0.9875E-01 0.8923E-01 0.1026E+00 0.1376E+00 0.2978E-01 0.3416E-01 0.1792E+00 0.1500E+00 0.2226E+00 0.1505E+00 0.1749E+00 0.1266E+00 0.1827E+00 0.0000E+00
0.0000E+00 0.1142E+00 0.8602E-01 0.7768E-01 0.1536E+00 0.1538E+00 0.6827E-01 0.4522E-01 0.6367E-01 0.6694E-01 0.1522E+00 0.1687E+00 0.3416E-01 0.2711E-01 0.2056E+00 0.1162E+00 0.1911E+00 0.1456E+00 0.1574E+00 0.5488E-01 0.1136E+00 0.0000E+00
0.0000E+00 0.1267E+00 0.8395E-01 0.7112E-01 0.9631E-01 0.1891E+00 0.7744E-01 0.1838E-01 0.1196E+00 0.9278E-01 0.1224E+00 0.8888E-01 0.9822E-01 0.2109E-01 0.1919E+00 0.1219E+00 0.1722E+00 0.1062E+00 0.1213E+00 0.7083E-01 0.7462E-01 0.0000E+00
0.0000E+00 0.1236E+00 0.9951E-01 0.4638E-01 0.1137E+00 0.1675E+00 0.2098E-01 0.1723E-01 0.1312E+00 0.8175E-01 0.1145E+00 0.3901E-01 0.1088E+00 0.1188E+00 0.1831E+00 0.1454E+00 0.1640E+00 0.9234E-01 0.1137E+00 0.1016E+00 0.1350E+00 0.0000E+00
0.0000E+00 0.1326E+00 0.1266E+00 0.3576E-01 0.7569E-01 0.1775E+00 0.6867E-01 0.6529E-01 0.7918E-01 0.7985E-01 0.1543E+00 0.9457E-01 0.1607E+00 0.1348E+00 0.3603E-01 0.8431E-01 0.1641E+00 0.9065E-01 0.1301E+00 0.1169E+00 0.1685E+00 0.0000E+00
0.0000E+00 0.1454E+00 0.8044E-01 0.2353E-01 0.8467E-01 0.1758E+00 0.3402E-01 0.3166E-01 0.3687E-01 0.7601E-01 0.1469E+00 0.5229E-01 0.1071E+00 0.1953E+00 0.1333E+00 0.1772E+00 0.1257E+00 0.3660E-01 0.9942E-01 0.1040E+00 0.1358E+00 0.0000E+00
0.0000E+00 0.1539E+00 0.1382E+00 0.1269E+00 0.1587E+00 0.1786E+00 0.6622E-01 0.1283E+00 0.1372E+00 0.1359E+00 0.1119E+00 0.6129E-01 0.1208E+00 0.1576E+00 0.1554E+00 0.1847E+00 0.8721E-01 0.3529E-01 0.4333E-01 0.2061E-01 0.1486E+00 0.0000E+00
0.0000E+00 0.1772E+00 0.1775E+00 0.1490E+00 0.8799E-01 0.1749E+00 0.9943E-01 0.1150E+00 0.7930E-01 0.1221E+00 0.1422E+00 0.3487E-01 0.8976E-01 0.1713E+00 0.2343E+00 0.1811E+00 0.9955E-01 0.4205E-01 0.5459E-01 0.7989E-01 0.1738E+00 0.0000E+00
0.0000E+00 0.2181E+00 0.1700E+00 0.1384E+00 0.4993E-01 0.1567E+00 0.8905E-01 0.1348E+00 0.1338E+00 0.9309E-01 0.1034E+00 0.5824E-01 0.2125E-01 0.1516E+00 0.2003E+00 0.4690E-01 0.5769E-01 0.1698E-01 0.1415E-01 0.3907E-01 0.1355E+00 0.0000E+00
0.0000E+00 0.2081E+00 0.5107E-01 0.3337E-01 0.1198E+00 0.1544E+00 0.1143E+00 0.1680E+00 0.2046E+00 0.7688E-01 0.1212E+00 0.7343E-01 0.1024E-01 0.1572E+00 0.1844E+00 0.1180E+00 0.7541E-01 0.2286E-01 0.2171E-01 0.5850E-01 0.1289E+00 0.0000E+00
0.0000E+00 0.2232E+00 0.1661E-01 0.2355E-01 0.2359E+00 0.2235E+00 0.1844E+00 0.2138E+00 0.2349E+00 0.6223E-01 0.1480E+00 0.8964E-01 0.3179E-01 0.1431E+00 0.2916E+00 0.1254E+00 0.6712E-01 0.7308E-01 0.3310E-01 0.3945E-01 0.1176E+00 0.0000E+00
0.0000E+00 0.1940E+00 0.1964E-01 0.2286E-01 0.2359E+00 0.1912E+00 0.1679E+00 0.1477E+00 0.1991E+00 0.2800E-01 0.1108E+00 0.1685E+00 0.8417E-02 0.5445E-01 0.2667E+00 0.7433E-01 0.7300E-01 0.4749E-01 0.2283E-01 0.5652E-01 0.6398E-01 0.0000E+00
0.0000E+00 0.1504E+00 0.1509E-01 0.7001E-01 0.3084E+00 0.2184E+00 0.1079E+00 0.1107E+00 0.2435E+00 0.7469E-01 0.7413E-01 0.1224E+00 0.1438E-01 0.3229E-01 0.2374E+00 0.2281E+00 0.2426E+00 0.1196E+00 0.8164E-01 0.5250E-01 0.3406E-02 0.0000E+00
0.0000E+00 0.1060E+00 0.8420E-01 0.1009E+00 0.2646E+00 0.8344E-01 0.1129E+00 0.3410E-01 0.1648E+00 0.6626E-01 0.1025E+00 0.1332E+00 0.2382E-01 0.4585E-01 0.3526E-01 0.5641E-01 0.2683E+00 0.8326E-01 0.1540E+00 0.1404E+00 0.5639E-01 0.0000E+00
0.0000E+00 0.2879E-01 0.6880E-01 0.1024E+00 0.2259E+00 0.1518E+00 0.6573E-01 0.3599E-01 0.1710E+00 0.6057E-01 0.1872E+00 0.1685E+00 0.9163E-01 0.1089E+00 0.5048E-01 0.7976E-01 0.2770E+00 0.1353E+00 0.1528E+00 0.1946E+00 0.1844E+00 0.0000E+00
0.0000E+00 0.5861E-01 0.5375E-01 0.1330E+00 0.1640E+00 0.1980E+00 0.2146E+00 0.1331E+00 0.1968E+00 0.5259E-01 0.1604E+00 0.1556E+00 0.1154E+00 0.1356E+00 0.4077E-01 0.8358E-02 0.2635E+00 0.3012E+00 0.1902E+00 0.1480E+00 0.1831E+00 0.0000E+00
0.0000E+00 0.3859E-01 0.8952E-01 0.1994E+00 0.4327E-01 0.8297E-01 0.2241E+00 0.1576E+00 0.1459E+00 0.4804E-01 0.1529E+00 0.1512E+00 0.1033E+00 0.1296E+00 0.2564E-01 0.8170E-02 0.3538E-01 0.2781E+00 0.1359E+00 0.1382E+00 0.1774E+00 0.0000E+00
0.0000E+00 0.3248E-01 0.4669E-01 0.2089E+00 0.1016E+00 0.5925E-01 0.3194E+00 0.1514E+00 0.4114E-01 0.6450E-01 0.1740E+00 0.1836E+00 0.1224E+00 0.1113E+00 0.3181E-01 0.1353E-01 0.3630E-01 0.2803E+00 0.7003E-01 0.1702E+00 0.1324E+00 0.0000E+00
0.0000E+00 0.1538E-01 0.4345E-01 0.1726E+00 0.5521E-01 0.7243E-01 0.3174E+00 0.8770E-01 0.1587E-01 0.3817E-01 0.1410E+00 0.1189E+00 0.1010E+00 0.8767E-01 0.1309E-01 0.8499E-01 0.1704E-01 0.2952E+00 0.3312E-01 0.1320E+00 0.9057E-01 0.0000E+00
0.0000E+00 0.8221E-02 0.2166E-01 0.1441E+00 0.1110E+00 0.1401E+00 0.3152E+00 0.1025E+00 0.1296E-01 0.5627E-01 0.1390E+00 0.1809E+00 0.8332E-01 0.7785E-01 0.4368E-01 0.5735E-01 0.3549E-01 0.3026E+00 0.9855E-02 0.1537E+00 0.9807E-01 0.0000E+00
0.0000E+00 0.3464E-01 0.3738E-01 0.1323E+00 0.1350E+00 0.7811E-01 0.3375E+00 0.1154E+00 0.6089E-01 0.2798E-01 0.1362E+00 0.1803E+00 0.1165E+00 0.8211E-01 0.2153E-01 0.3376E-01 0.1319E+00 0.2968E+00 0.9086E-01 0.1502E+00 0.7755E-01 0.0000E+00
0.0000E+00 0.1371E+00 0.1225E+00 0.1450E+00 0.1299E+00 0.3780E+00 0.3473E+00 0.8186E-01 0.2993E-01 0.3129E-01 0.1555E+00 0.1383E+00 0.6017E-01 0.7171E-01 0.1071E+00 0.1985E-01 0.1234E+00 0.2767E+00 0.1249E+00 0.1120E+00 0.3244E-01 0.0000E+00
0.0000E+00 0.1275E+00 0.1465E+00 0.1327E+00 0.1258E+00 0.4083E+00 0.1374E+00 0.7102E-01 0.6842E-01 0.6855E-01 0.1884E+00 0.1780E+00 0.1092E+00 0.1242E+00 0.1132E+00 0.2448E+00 0.2606E+00 0.2569E+00 0.9148E-01 0.4706E-01 0.5734E-01 0.0000E+00
0.0000E+00 0.9713E-01 0.1137E+00 0.4740E+00 0.4033E+00 0.3679E+00 0.9057E-01 0.1345E-01 0.3751E-01 0.3700E-01 0.1401E+00 0.2018E+00 0.1664E+00 0.6816E-01 0.2989E+00 0.2810E+00 0.3073E-01 0.6303E-01 0.8264E-01 0.7548E-02 0.1928E-01 0.0000E+00
0.0000E+00 0.1035E+00 0.4670E+00 0.4500E+00 0.1033E+00 0.4932E-01 0.7228E-01 0.2722E-01 0.3455E-01 0.6421E-01 0.1435E+00 0.2494E+00 0.1209E+00 0.1173E+00 0.2883E+00 0.8091E-01 0.3624E-02 0.4123E-01 0.6639E-01 0.9995E-02 0.9716E-02 0.0000E+00
0.0000E+00 0.4735E+00 0.4435E+00 0.2988E-01 0.7921E-01 0.8307E-01 0.1495E+00 0.2201E-01 0.3072E-01 0.1283E+00 0.7589E-01 0.2250E+00 0.1460E+00 0.9066E-01 0.3063E+00 0.4859E-01 0.1244E-01 0.9285E-02 0.6658E-01 0.5267E-01 0.3579E-01 0.0000E+00
0.0000E+00 0.4852E+00 0.6951E-01 0.7053E-01 0.9400E-01 0.4652E-01 0.9114E-01 0.8071E-01 0.8661E-01 0.9110E-01 0.3445E-01 0.2020E+00 0.1370E+00 0.1334E+00 0.3202E+00 0.4271E-01 0.2106E-01 0.1512E-01 0.1373E+00 0.3228E-01 0.4088E-01 0.0000E+00
0.0000E+00 0.4808E+00 0.1213E+00 0.9471E-01 0.1043E+00 0.9715E-01 0.1178E+00 0.7658E-01 0.7209E-01 0.6741E-01 0.4505E-01 0.1795E+00 0.1206E+00 0.9372E-01 0.3203E+00 0.9620E-01 0.6068E-01 0.1286E-01 0.7376E-01 0.4209E-01 0.2991E-01 0.0000E+00
0.0000E+00 0.5173E+00 0.1259E+00 0.9797E-01 0.6539E-01 0.1358E+00 0.1554E+00 0.9527E-01 0.3777E-01 0.7096E-01 0.5768E-01 0.1688E+00 0.2968E+00 0.2557E+00 0.2606E+00 0.3019E-01 0.9869E-01 0.1404E+00 0.1151E+00 0.9819E-01 0.7934E-01 0.0000E+00
0.0000E+00 0.4968E+00 0.1177E+00 0.1157E+00 0.5248E-01 0.1281E+00 0.1711E+00 0.7580E-01 0.1495E-01 0.1349E+00 0.1357E+00 0.1783E+00 0.2859E+00 0.6871E-01 0.3568E-01 0.3803E-01 0.6337E-01 0.3871E-01 0.3196E-01 0.1495E+00 0.6639E-01 0.0000E+00
0.0000E+00 0.3781E+00 0.3499E+00 0.3599E+00 0.2803E-01 0.1374E+00 0.2240E+00 0.1120E+00 0.5826E-01 0.1934E+00 0.1694E+00 0.1484E+00 0.3046E+00 0.5930E-01 0.5240E-01 0.1189E+00 0.4138E-01 0.4274E-01 0.6707E-01 0.1277E+00 0.9305E-01 0.0000E+00
0.0000E+00 0.1275E-01 0.1960E-01 0.3315E+00 0.4210E-01 0.1400E+00 0.2616E+00 0.1162E+00 0.2995E-01 0.1939E+00 0.1534E+00 0.1278E+00 0.3013E+00 0.4213E-01 0.2377E-01 0.7495E-01 0.7840E-01 0.8160E-01 0.7134E-01 0.8358E-01 0.2957E-01 0.0000E+00
0.0000E+00 0.2665E-01 0.5540E-01 0.3149E+00 0.5941E-01 0.1272E+00 0.2230E+00 0.7177E-01 0.4875E-02 0.1571E+00 0.1379E+00 0.1070E+00 0.2957E+00 0.1443E-01 0.3308E-01 0.8226E-01 0.2958E-01 0.5910E-01 0.5430E-01 0.5012E-01 0.1803E-01 0.0000E+00
0.0000E+00 0.0000E+00 0.0000E+00 0.0000E+00 0.0000E+00 0.0000E+00 0.0000E+00 0.0000E+00 0.0000E+00 0.0000E+00 0.0000E+00 0.0000E+00 0.0000E+00 0.0000E+00 0.0000E+00 0.0000E+00 0.0000E+00 0.0000E+00 0.0000E+00 0.0000E+00 0.0000E+00 0.0000E+00
