p4_rainD_medsm_sedtr.asc
ncols     22
nrows     62
xllcorner      0.00000000
yllcorner      0.00000000
cellsize      0.50000000
nodata_value -9999
0.0000E+00 0.0000E+00 0.0000E+00 0.0000E+00 0.0000E+00 0.0000E+00 0.0000E+00 0.0000E+00 0.0000E+00 0.0000E+00 0.0000E+00 0.0000E+00 0.0000E+00 0.0000E+00 0.0000E+00 0.0000E+00 0.0000E+00 0.0000E+00 0.0000E+00 0.0000E+00 0.0000E+00 0.0000E+00
0.0000E+00 0.3265E-03 0.2164E-03 0.1997E-03 0.7580E-03 0.1665E-03 0.6345E-03 0.1588E-02 0.5217E-03 0.1006E-02 0.3925E-05 0.2635E-03 0.1532E-02 0.8073E-03 0.2090E-02 0.3110E-02 0.2777E-02 0.8489E-03 0.1400E-03 0.5959E-03 0.1172E-02 0.0000E+00
0.0000E+00 0.8560E-03 0.2721E-02 0.3118E-03 0.1067E-02 0.2249E-02 0.1037E-02 0.4132E-02 0.1600E-02 0.4277E-02 0.1881E-02 0.1657E-02 0.6064E-02 0.3129E-02 0.1872E-02 0.2422E-02 0.6525E-02 0.4684E-02 0.1009E-02 0.7786E-03 0.3356E-03 0.0000E+00
0.0000E+00 0.2213E-02 0.4995E-02 0.2091E-02 0.1232E-02 0.2394E-02 0.7963E-02 0.4803E-02 0.4973E-03 0.3480E-02 0.2118E-02 0.6148E-04 0.4695E-02 0.1844E-02 0.1181E-02 0.8085E-03 0.7000E-02 0.4865E-03 0.3331E-03 0.1268E-02 0.2907E-03 0.0000E+00
0.0000E+00 0.3706E-02 0.4144E-02 0.1311E-02 0.2158E-03 0.8692E-02 0.1916E-03 0.3678E-02 0.8914E-03 0.3091E-02 0.5134E-02 0.1852E-02 0.9306E-02 0.4611E-02 0.2648E-02 0.4090E-02 0.4837E-02 0.5845E-02 0.4127E-02 0.1639E-02 0.9364E-03 0.0000E+00
0.0000E+00 0.2134E-02 0.4396E-02 0.1538E-02 0.1327E-02 0.4709E-02 0.1427E-03 0.3714E-02 0.4046E-02 0.3717E-02 0.2241E-02 0.7140E-03 0.1099E-01 0.6707E-02 0.3287E-02 0.1485E-03 0.1317E-02 0.3662E-02 0.1242E-01 0.3994E-02 0.2446E-02 0.0000E+00
0.0000E+00 0.1122E-02 0.6367E-02 0.1140E-02 0.1266E-02 0.5644E-02 0.1437E-02 0.1328E-01 0.8313E-02 0.3978E-02 0.4757E-02 0.3009E-02 0.9690E-02 0.5282E-02 0.5884E-02 0.2649E-03 0.2009E-03 0.2262E-02 0.1304E-01 0.2430E-02 0.1605E-02 0.0000E+00
0.0000E+00 0.1012E-02 0.6134E-02 0.2195E-03 0.5714E-03 0.3419E-02 0.7244E-02 0.1651E-01 0.1432E-01 0.5534E-02 0.1772E-03 0.2350E-02 0.9471E-02 0.6149E-02 0.8664E-02 0.5093E-03 0.5467E-03 0.2265E-02 0.1108E-01 0.8859E-03 0.5487E-03 0.0000E+00
0.0000E+00 0.5265E-02 0.4283E-02 0.2027E-03 0.5656E-02 0.1018E-01 0.8669E-02 0.7014E-02 0.6322E-02 0.5854E-03 0.6370E-03 0.2611E-02 0.1741E-01 0.1591E-01 0.1105E-01 0.1184E-02 0.2715E-03 0.1253E-01 0.1096E-01 0.1405E-02 0.2235E-02 0.0000E+00
0.0000E+00 0.6046E-02 0.1076E-01 0.3306E-02 0.6647E-02 0.5674E-02 0.3728E-02 0.6533E-02 0.5553E-02 0.3815E-02 0.4049E-02 0.1738E-02 0.1468E-01 0.3910E-02 0.3245E-02 0.2184E-02 0.2665E-02 0.2359E-01 0.9733E-03 0.1855E-02 0.8376E-02 0.0000E+00
0.0000E+00 0.2419E-02 0.5552E-02 0.3971E-02 0.5528E-02 0.4479E-02 0.5043E-02 0.1462E-01 0.8112E-02 0.2730E-02 0.6112E-02 0.4190E-02 0.1476E-01 0.5334E-02 0.5705E-02 0.2505E-02 0.1553E-02 0.1340E-01 0.1302E-02 0.1381E-02 0.3840E-02 0.0000E+00
0.0000E+00 0.5120E-02 0.6977E-02 0.3948E-02 0.3423E-02 0.3230E-02 0.4097E-02 0.1306E-01 0.6215E-02 0.1804E-02 0.5912E-02 0.1515E-02 0.1088E-01 0.1485E-03 0.2164E-01 0.7894E-02 0.5785E-02 0.1668E-01 0.3578E-02 0.2818E-02 0.5132E-02 0.0000E+00
0.0000E+00 0.2929E-02 0.6479E-02 0.5707E-02 0.9808E-02 0.1162E-02 0.1254E-01 0.1011E-01 0.1699E-01 0.6312E-03 0.7482E-02 0.1247E-02 0.7068E-02 0.3601E-02 0.1642E-01 0.1046E-01 0.8302E-02 0.2280E-01 0.3467E-02 0.2294E-02 0.2984E-02 0.0000E+00
0.0000E+00 0.4418E-02 0.6564E-02 0.8353E-02 0.1777E-01 0.9464E-02 0.2884E-02 0.1163E-02 0.1725E-01 0.1899E-02 0.1123E-01 0.5359E-02 0.1207E-02 0.1358E-02 0.9257E-02 0.2038E-01 0.4755E-02 0.1260E-01 0.5537E-02 0.2703E-02 0.2008E-02 0.0000E+00
0.0000E+00 0.1787E-02 0.6622E-02 0.6908E-02 0.1253E-01 0.6707E-02 0.9712E-02 0.4010E-02 0.1358E-01 0.3204E-02 0.2025E-01 0.6157E-02 0.1093E-02 0.2985E-02 0.8556E-02 0.1818E-01 0.5382E-02 0.1789E-01 0.1376E-01 0.1804E-02 0.2252E-02 0.0000E+00
0.0000E+00 0.1321E-02 0.5166E-02 0.9534E-02 0.1287E-01 0.1017E-01 0.3983E-02 0.1235E-02 0.1423E-01 0.4050E-02 0.1244E-01 0.2268E-02 0.5372E-03 0.7968E-02 0.6394E-02 0.1723E-01 0.3377E-02 0.1749E-01 0.2005E-01 0.7269E-02 0.3146E-02 0.0000E+00
0.0000E+00 0.7289E-03 0.1413E-01 0.1244E-01 0.1816E-01 0.8864E-02 0.1328E-02 0.4649E-02 0.3093E-01 0.9456E-02 0.1252E-01 0.2468E-02 0.1612E-02 0.1679E-02 0.1429E-02 0.1612E-01 0.1771E-01 0.1972E-01 0.2010E-01 0.5193E-02 0.1863E-02 0.0000E+00
0.0000E+00 0.2275E-03 0.7125E-02 0.1017E-01 0.1137E-01 0.7951E-02 0.3815E-02 0.2039E-02 0.1634E-01 0.6519E-02 0.1666E-01 0.1005E-01 0.4197E-02 0.1161E-02 0.2796E-03 0.2249E-02 0.3259E-01 0.1799E-01 0.1695E-01 0.6468E-02 0.1201E-01 0.0000E+00
0.0000E+00 0.6713E-03 0.1760E-02 0.1018E-01 0.9597E-02 0.1641E-01 0.3248E-02 0.1602E-02 0.1672E-01 0.6032E-02 0.1740E-01 0.1065E-01 0.3669E-02 0.1766E-03 0.2316E-03 0.2227E-02 0.3135E-01 0.2023E-01 0.1412E-01 0.4151E-02 0.5329E-02 0.0000E+00
0.0000E+00 0.6932E-02 0.3760E-02 0.1170E-01 0.8608E-02 0.1030E-01 0.2134E-03 0.9534E-03 0.3077E-01 0.8186E-02 0.2876E-01 0.1358E-02 0.2701E-02 0.4066E-03 0.3207E-03 0.9143E-03 0.4073E-01 0.1829E-01 0.8977E-02 0.5544E-02 0.4967E-02 0.0000E+00
0.0000E+00 0.4318E-02 0.4308E-02 0.1995E-01 0.6106E-02 0.5811E-02 0.3046E-03 0.8058E-03 0.1720E-01 0.9482E-02 0.2393E-01 0.9685E-02 0.1203E-02 0.8645E-03 0.8960E-03 0.6626E-03 0.3791E-01 0.1192E-02 0.1655E-02 0.8884E-02 0.6768E-02 0.0000E+00
0.0000E+00 0.4328E-02 0.1747E-02 0.1795E-01 0.1230E-01 0.4842E-02 0.7285E-03 0.1930E-02 0.1443E-01 0.1775E-01 0.2257E-01 0.6696E-02 0.7452E-03 0.6806E-03 0.4435E-02 0.5171E-03 0.4529E-01 0.1024E-01 0.1245E-02 0.9516E-02 0.4684E-02 0.0000E+00
0.0000E+00 0.3492E-02 0.3053E-02 0.1902E-01 0.4611E-02 0.2258E-02 0.3873E-02 0.6874E-02 0.1347E-02 0.1688E-01 0.1871E-01 0.6765E-02 0.3325E-02 0.2629E-02 0.4603E-02 0.2818E-02 0.3609E-01 0.2463E-02 0.7158E-03 0.1072E-01 0.9484E-02 0.0000E+00
0.0000E+00 0.2837E-02 0.4108E-02 0.2646E-01 0.6243E-03 0.4180E-03 0.1669E-01 0.2669E-02 0.4235E-03 0.1603E-01 0.1780E-01 0.6363E-02 0.4654E-02 0.2590E-02 0.1086E-01 0.1777E-02 0.4263E-01 0.1716E-02 0.6984E-02 0.1797E-01 0.1900E-01 0.0000E+00
0.0000E+00 0.5710E-02 0.2326E-02 0.1798E-01 0.3479E-03 0.8512E-03 0.6098E-02 0.1458E-02 0.1231E-02 0.1515E-01 0.1493E-01 0.1527E-01 0.1712E-01 0.2079E-02 0.1100E-01 0.4752E-02 0.5495E-01 0.4183E-02 0.8058E-02 0.5124E-02 0.8686E-02 0.0000E+00
0.0000E+00 0.2268E-02 0.3760E-02 0.1484E-01 0.1507E-01 0.9247E-02 0.1223E-01 0.4458E-02 0.2530E-02 0.1836E-01 0.1184E-02 0.1192E-02 0.1274E-01 0.1664E-02 0.1102E-01 0.5636E-02 0.4767E-01 0.4161E-02 0.5592E-02 0.6342E-02 0.7308E-02 0.0000E+00
0.0000E+00 0.1651E-02 0.3989E-02 0.2290E-02 0.3481E-02 0.1024E-02 0.2210E-01 0.1293E-01 0.1472E-01 0.2837E-01 0.1123E-01 0.3423E-02 0.8194E-02 0.1013E-01 0.1707E-01 0.3999E-02 0.4011E-01 0.6837E-02 0.1327E-01 0.2497E-01 0.1890E-01 0.0000E+00
0.0000E+00 0.4759E-02 0.2140E-02 0.2617E-02 0.6030E-02 0.8623E-02 0.3344E-01 0.5338E-02 0.6538E-02 0.2697E-01 0.6754E-02 0.6354E-02 0.4332E-02 0.5611E-02 0.1576E-01 0.9995E-02 0.4703E-01 0.4790E-02 0.8069E-02 0.1798E-01 0.1194E-01 0.0000E+00
0.0000E+00 0.1002E-01 0.9611E-02 0.3500E-02 0.6296E-02 0.2300E-01 0.1695E-01 0.6446E-02 0.4476E-02 0.1440E-01 0.4354E-02 0.8000E-02 0.9772E-03 0.1134E-02 0.2132E-01 0.1114E-01 0.5279E-01 0.8200E-02 0.1058E-01 0.9336E-02 0.1640E-01 0.0000E+00
0.0000E+00 0.6030E-02 0.4656E-02 0.3625E-02 0.8278E-02 0.1892E-01 0.2802E-02 0.2013E-02 0.3361E-02 0.1148E-01 0.2408E-01 0.1101E-01 0.9776E-03 0.7165E-03 0.3215E-01 0.5688E-02 0.4298E-01 0.6591E-02 0.8359E-02 0.3374E-02 0.7384E-02 0.0000E+00
0.0000E+00 0.5475E-02 0.3868E-02 0.2384E-02 0.4175E-02 0.2910E-01 0.3597E-02 0.4228E-03 0.1415E-01 0.4500E-02 0.1613E-01 0.4180E-02 0.5132E-02 0.4232E-03 0.2702E-01 0.7143E-02 0.3790E-01 0.3843E-02 0.7788E-02 0.6056E-02 0.4950E-02 0.0000E+00
0.0000E+00 0.4494E-02 0.4762E-02 0.1624E-02 0.6003E-02 0.2424E-01 0.5201E-03 0.4334E-03 0.1777E-01 0.3135E-02 0.1398E-01 0.1281E-02 0.7160E-02 0.1412E-01 0.2517E-01 0.1046E-01 0.3579E-01 0.3768E-02 0.1321E-01 0.5391E-02 0.1749E-01 0.0000E+00
0.0000E+00 0.5097E-02 0.7362E-02 0.1395E-02 0.3124E-02 0.2946E-01 0.2561E-02 0.2388E-02 0.5849E-02 0.5527E-02 0.2886E-01 0.4916E-02 0.1698E-01 0.2198E-01 0.1094E-02 0.4935E-02 0.3639E-01 0.3883E-02 0.1767E-01 0.5253E-02 0.2002E-01 0.0000E+00
0.0000E+00 0.5735E-02 0.3609E-02 0.1003E-02 0.5000E-02 0.2835E-01 0.9600E-03 0.9959E-03 0.1123E-02 0.8124E-02 0.2568E-01 0.1706E-02 0.8690E-02 0.3860E-01 0.9208E-02 0.3301E-01 0.2656E-01 0.1274E-02 0.8222E-02 0.8035E-02 0.1318E-01 0.0000E+00
0.0000E+00 0.6379E-02 0.9954E-02 0.1013E-01 0.1575E-01 0.2858E-01 0.2591E-02 0.8454E-02 0.1034E-01 0.1915E-01 0.1683E-01 0.1882E-02 0.8606E-02 0.2335E-01 0.8762E-02 0.3160E-01 0.4369E-02 0.1012E-02 0.1170E-02 0.2957E-03 0.2205E-01 0.0000E+00
0.0000E+00 0.7919E-02 0.1236E-01 0.9377E-02 0.5980E-02 0.2735E-01 0.4619E-02 0.4966E-02 0.3392E-02 0.1264E-01 0.2614E-01 0.1068E-02 0.6820E-02 0.2176E-01 0.3481E-01 0.3725E-01 0.3647E-02 0.1303E-02 0.1407E-02 0.3146E-02 0.3156E-01 0.0000E+00
0.0000E+00 0.1025E-01 0.8111E-02 0.6015E-02 0.3575E-02 0.2337E-01 0.3090E-02 0.7265E-02 0.1290E-01 0.8542E-02 0.1531E-01 0.2147E-02 0.4912E-03 0.2089E-01 0.3503E-01 0.1669E-02 0.1632E-02 0.5758E-03 0.4489E-03 0.1112E-02 0.1898E-01 0.0000E+00
0.0000E+00 0.1673E-01 0.1438E-02 0.9392E-03 0.1263E-01 0.2362E-01 0.5797E-02 0.1077E-01 0.2675E-01 0.3395E-02 0.2284E-01 0.2749E-02 0.1925E-03 0.2642E-01 0.3277E-01 0.6864E-02 0.3011E-02 0.6850E-03 0.7241E-03 0.2417E-02 0.1937E-01 0.0000E+00
0.0000E+00 0.2786E-01 0.5533E-03 0.8344E-03 0.3017E-01 0.3986E-01 0.1401E-01 0.1580E-01 0.3350E-01 0.3502E-02 0.2704E-01 0.3972E-02 0.1034E-02 0.2168E-01 0.4918E-01 0.6023E-02 0.2023E-02 0.2773E-02 0.7751E-03 0.1162E-02 0.1738E-01 0.0000E+00
0.0000E+00 0.2129E-01 0.4973E-03 0.6410E-03 0.2215E-01 0.2684E-01 0.8633E-02 0.7384E-02 0.2290E-01 0.7864E-03 0.1700E-01 0.1348E-01 0.8445E-04 0.1759E-02 0.4636E-01 0.2853E-02 0.2110E-02 0.1224E-02 0.4003E-03 0.6954E-02 0.9666E-02 0.0000E+00
0.0000E+00 0.1400E-01 0.2718E-03 0.2594E-02 0.3422E-01 0.2644E-01 0.4551E-02 0.5290E-02 0.2283E-01 0.3179E-02 0.1178E-01 0.7509E-02 0.2936E-03 0.8470E-03 0.4069E-01 0.3477E-01 0.3546E-01 0.9840E-02 0.3865E-02 0.6630E-02 0.6740E-04 0.0000E+00
0.0000E+00 0.9699E-02 0.8052E-02 0.4536E-02 0.3977E-01 0.3746E-02 0.6784E-02 0.9534E-03 0.1682E-01 0.3387E-02 0.1632E-01 0.8960E-02 0.3793E-03 0.1174E-02 0.6585E-03 0.1963E-02 0.4623E-01 0.5569E-02 0.1009E-01 0.2927E-01 0.2169E-02 0.0000E+00
0.0000E+00 0.6707E-03 0.6704E-02 0.1001E-01 0.3848E-01 0.9244E-02 0.2945E-02 0.1190E-02 0.2562E-01 0.2638E-02 0.4080E-01 0.1164E-01 0.3105E-02 0.4763E-02 0.1571E-02 0.2600E-02 0.5089E-01 0.1056E-01 0.8009E-02 0.3474E-01 0.1518E-01 0.0000E+00
0.0000E+00 0.1530E-02 0.1775E-02 0.1887E-01 0.2598E-01 0.2607E-01 0.2957E-01 0.9700E-02 0.3516E-01 0.1562E-02 0.2558E-01 0.8819E-02 0.4090E-02 0.6232E-02 0.1494E-02 0.1671E-03 0.4913E-01 0.4702E-01 0.1263E-01 0.1929E-01 0.1071E-01 0.0000E+00
0.0000E+00 0.1309E-02 0.4867E-02 0.3409E-01 0.1191E-02 0.4236E-02 0.3167E-01 0.1887E-01 0.2205E-01 0.1257E-02 0.2489E-01 0.8937E-02 0.2769E-02 0.4735E-02 0.8236E-03 0.2058E-03 0.8378E-03 0.4231E-01 0.7064E-02 0.1694E-01 0.8871E-02 0.0000E+00
0.0000E+00 0.9937E-03 0.1610E-02 0.3252E-01 0.4727E-02 0.2926E-02 0.5057E-01 0.2272E-01 0.1263E-02 0.2361E-02 0.2681E-01 0.1466E-01 0.4524E-02 0.3402E-02 0.9088E-03 0.3563E-03 0.1056E-02 0.4596E-01 0.3327E-02 0.2097E-01 0.6163E-02 0.0000E+00
0.0000E+00 0.3537E-03 0.1205E-02 0.2111E-01 0.1673E-02 0.3131E-02 0.5078E-01 0.4375E-02 0.4496E-03 0.1054E-02 0.1906E-01 0.7114E-02 0.2789E-02 0.2510E-02 0.4605E-03 0.4340E-02 0.3621E-03 0.5232E-01 0.6260E-03 0.1540E-01 0.4746E-02 0.0000E+00
0.0000E+00 0.1731E-03 0.8581E-03 0.1692E-01 0.4874E-02 0.7870E-02 0.5558E-01 0.5866E-02 0.2895E-03 0.1661E-02 0.2012E-01 0.1426E-01 0.2272E-02 0.2011E-02 0.7876E-03 0.1668E-02 0.1327E-02 0.5878E-01 0.2024E-03 0.2567E-01 0.6972E-02 0.0000E+00
0.0000E+00 0.6672E-03 0.7284E-03 0.1671E-01 0.5787E-02 0.3159E-02 0.5082E-01 0.4961E-02 0.2272E-02 0.7370E-03 0.1855E-01 0.1099E-01 0.5509E-02 0.2427E-02 0.2629E-03 0.7508E-03 0.1178E-01 0.5764E-01 0.4477E-02 0.2415E-01 0.3927E-02 0.0000E+00
0.0000E+00 0.6874E-02 0.5353E-02 0.2189E-01 0.4584E-02 0.5507E-01 0.5228E-01 0.3433E-02 0.5048E-03 0.5774E-03 0.2044E-01 0.9057E-02 0.1973E-02 0.2195E-02 0.4087E-02 0.4783E-03 0.8338E-02 0.5048E-01 0.1519E-01 0.1554E-01 0.1640E-02 0.0000E+00
0.0000E+00 0.3820E-02 0.5411E-02 0.1851E-01 0.4386E-02 0.5730E-01 0.8002E-02 0.2965E-02 0.1990E-02 0.2281E-02 0.2666E-01 0.2417E-01 0.4384E-02 0.4775E-02 0.4442E-02 0.4718E-01 0.4619E-01 0.4734E-01 0.1116E-01 0.1510E-02 0.3508E-02 0.0000E+00
0.0000E+00 0.2505E-02 0.2968E-02 0.6379E-01 0.5029E-01 0.4891E-01 0.4294E-02 0.3546E-03 0.9030E-03 0.8582E-03 0.1540E-01 0.2826E-01 0.8235E-02 0.1850E-02 0.5500E-01 0.6712E-01 0.5466E-03 0.2320E-02 0.2461E-02 0.7473E-04 0.1246E-02 0.0000E+00
0.0000E+00 0.3088E-02 0.5839E-01 0.5840E-01 0.4944E-02 0.1488E-02 0.2831E-02 0.8613E-03 0.9336E-03 0.2180E-02 0.1643E-01 0.3147E-01 0.4286E-02 0.4470E-02 0.6546E-01 0.3657E-02 0.7529E-04 0.1013E-02 0.2151E-02 0.2114E-03 0.6467E-03 0.0000E+00
0.0000E+00 0.5833E-01 0.5666E-01 0.6546E-03 0.3313E-02 0.4216E-02 0.9297E-02 0.4528E-03 0.7207E-03 0.6240E-02 0.2876E-02 0.3340E-01 0.6218E-02 0.2339E-02 0.6430E-01 0.1669E-02 0.4254E-03 0.1989E-03 0.2521E-02 0.1884E-02 0.4741E-02 0.0000E+00
0.0000E+00 0.7226E-01 0.1843E-02 0.2457E-02 0.3537E-02 0.1395E-02 0.3877E-02 0.3043E-02 0.3529E-02 0.2923E-02 0.9109E-03 0.3093E-01 0.5298E-02 0.6767E-02 0.6610E-01 0.1355E-02 0.8215E-03 0.5451E-03 0.7921E-02 0.8330E-03 0.4273E-02 0.0000E+00
0.0000E+00 0.7126E-01 0.4477E-02 0.3929E-02 0.4390E-02 0.4327E-02 0.5418E-02 0.2118E-02 0.1936E-02 0.1849E-02 0.1273E-02 0.2381E-01 0.4569E-02 0.3344E-02 0.6071E-01 0.4261E-02 0.2449E-02 0.2853E-03 0.3015E-02 0.9401E-03 0.2055E-02 0.0000E+00
0.0000E+00 0.8689E-01 0.3580E-02 0.3491E-02 0.2658E-02 0.7716E-02 0.9819E-02 0.5176E-02 0.9437E-03 0.2698E-02 0.2169E-02 0.2580E-01 0.4410E-01 0.4001E-01 0.4823E-01 0.9036E-03 0.3499E-02 0.7228E-02 0.5278E-02 0.3494E-02 0.4039E-02 0.0000E+00
0.0000E+00 0.7592E-01 0.2979E-02 0.4222E-02 0.2451E-02 0.7343E-02 0.1282E-01 0.3377E-02 0.3150E-03 0.1121E-01 0.1018E-01 0.3124E-01 0.3969E-01 0.2726E-02 0.9955E-03 0.1402E-02 0.2453E-02 0.1270E-02 0.6839E-03 0.1053E-01 0.2376E-02 0.0000E+00
0.0000E+00 0.5020E-01 0.3972E-01 0.3760E-01 0.1176E-02 0.6809E-02 0.1982E-01 0.6512E-02 0.2046E-02 0.1623E-01 0.1183E-01 0.2157E-01 0.4772E-01 0.1620E-02 0.1331E-02 0.1634E-01 0.1719E-02 0.1011E-02 0.2156E-02 0.5231E-02 0.3150E-02 0.0000E+00
0.0000E+00 0.1589E-03 0.2548E-03 0.3712E-01 0.1393E-02 0.7002E-02 0.2373E-01 0.6881E-02 0.9728E-03 0.1444E-01 0.8527E-02 0.1791E-01 0.4595E-01 0.9671E-03 0.4831E-03 0.7794E-02 0.2624E-02 0.2707E-02 0.1714E-02 0.3277E-02 0.5008E-03 0.0000E+00
0.0000E+00 0.4152E-03 0.1076E-02 0.3485E-01 0.1991E-02 0.5748E-02 0.1732E-01 0.3249E-02 0.6179E-04 0.1045E-01 0.7141E-02 0.1629E-01 0.4302E-01 0.3174E-03 0.6141E-03 0.6729E-02 0.6944E-03 0.1299E-02 0.1144E-02 0.2131E-02 0.2359E-03 0.0000E+00
0.0000E+00 0.0000E+00 0.0000E+00 0.0000E+00 0.0000E+00 0.0000E+00 0.0000E+00 0.0000E+00 0.0000E+00 0.0000E+00 0.0000E+00 0.0000E+00 0.0000E+00 0.0000E+00 0.0000E+00 0.0000E+00 0.0000E+00 0.0000E+00 0.0000E+00 0.0000E+00 0.0000E+00 0.0000E+00
