p4_rainC_highsm_dschg.asc
ncols     22
nrows     62
xllcorner      0.00000000
yllcorner      0.00000000
cellsize      0.50000000
nodata_value -9999
0.0000E+00 0.0000E+00 0.0000E+00 0.0000E+00 0.0000E+00 0.0000E+00 0.0000E+00 0.0000E+00 0.0000E+00 0.0000E+00 0.0000E+00 0.0000E+00 0.0000E+00 0.0000E+00 0.0000E+00 0.0000E+00 0.0000E+00 0.0000E+00 0.0000E+00 0.0000E+00 0.0000E+00 0.0000E+00
0.0000E+00 0.9398E-03 0.2471E-02 0.9256E-03 0.1319E-02 0.2766E-02 0.1511E-02 0.1642E-02 0.8339E-03 0.1251E-02 0.2142E-02 0.1716E-02 0.1969E-02 0.1623E-02 0.1756E-02 0.1660E-02 0.1983E-02 0.1521E-02 0.9162E-03 0.1632E-02 0.1095E-02 0.0000E+00
0.0000E+00 0.8786E-03 0.4005E-02 0.9041E-03 0.2090E-02 0.6795E-02 0.1010E-01 0.3125E-02 0.1748E-02 0.3017E-02 0.3867E-02 0.3225E-02 0.7531E-02 0.3206E-02 0.2477E-02 0.4200E-02 0.8382E-02 0.3479E-02 0.7973E-03 0.3088E-02 0.2366E-02 0.0000E+00
0.0000E+00 0.1614E-02 0.4603E-02 0.7800E-03 0.1009E-02 0.2229E-02 0.1191E-01 0.1592E-01 0.2293E-02 0.4835E-02 0.4275E-02 0.6978E-03 0.1083E-01 0.4180E-02 0.3301E-02 0.6835E-02 0.1106E-01 0.8050E-03 0.7449E-03 0.5413E-02 0.4834E-02 0.0000E+00
0.0000E+00 0.2310E-02 0.5068E-02 0.1720E-02 0.1504E-02 0.4399E-02 0.7217E-03 0.1643E-01 0.4402E-02 0.6942E-02 0.6255E-02 0.1697E-02 0.1300E-01 0.6797E-02 0.4704E-02 0.8897E-02 0.2248E-01 0.2379E-01 0.1464E-01 0.1335E-01 0.7256E-02 0.0000E+00
0.0000E+00 0.3224E-02 0.1165E-01 0.6295E-02 0.3441E-02 0.5625E-02 0.1361E-02 0.1695E-01 0.6446E-02 0.9394E-02 0.7518E-02 0.2263E-02 0.1591E-01 0.9402E-02 0.6608E-02 0.7385E-03 0.1908E-02 0.2851E-01 0.4832E-01 0.2530E-02 0.2309E-02 0.0000E+00
0.0000E+00 0.4083E-02 0.1423E-01 0.1487E-02 0.1279E-02 0.7695E-02 0.3597E-02 0.1844E-01 0.8394E-02 0.1123E-01 0.7929E-02 0.1143E-01 0.2988E-01 0.1214E-01 0.9217E-02 0.7276E-03 0.7229E-03 0.2929E-02 0.5117E-01 0.1733E-02 0.2784E-02 0.0000E+00
0.0000E+00 0.5290E-02 0.1524E-01 0.8231E-03 0.1978E-02 0.8973E-02 0.5662E-02 0.1979E-01 0.2333E-01 0.1291E-01 0.9113E-03 0.2779E-02 0.3243E-01 0.1494E-01 0.1182E-01 0.1438E-02 0.1406E-02 0.3572E-02 0.5907E-01 0.5097E-02 0.3127E-02 0.0000E+00
0.0000E+00 0.5961E-02 0.1662E-01 0.1461E-02 0.4471E-02 0.1085E-01 0.6591E-02 0.1958E-01 0.2668E-01 0.1139E-02 0.1630E-02 0.3572E-02 0.3413E-01 0.1593E-01 0.1441E-01 0.2763E-02 0.2005E-02 0.6657E-01 0.6113E-01 0.2831E-02 0.2098E-02 0.0000E+00
0.0000E+00 0.6510E-02 0.1801E-01 0.3068E-02 0.7088E-02 0.1227E-01 0.7046E-02 0.2131E-01 0.2888E-01 0.2442E-02 0.2938E-02 0.4204E-02 0.3599E-01 0.1569E-01 0.1716E-01 0.5526E-02 0.4489E-02 0.6840E-01 0.8505E-03 0.3235E-02 0.3948E-02 0.0000E+00
0.0000E+00 0.7024E-02 0.1936E-01 0.4742E-02 0.9594E-02 0.1500E-01 0.9791E-02 0.2354E-01 0.2918E-01 0.4153E-02 0.9589E-02 0.6708E-02 0.5604E-01 0.1719E-01 0.1985E-01 0.8433E-02 0.6767E-02 0.6875E-01 0.2149E-02 0.3728E-02 0.4892E-02 0.0000E+00
0.0000E+00 0.8214E-02 0.2100E-01 0.6525E-02 0.1236E-01 0.1772E-01 0.2988E-01 0.2603E-01 0.2889E-01 0.1935E-02 0.1250E-01 0.9599E-02 0.5888E-01 0.7304E-03 0.2220E-01 0.1088E-01 0.9091E-02 0.7096E-01 0.4921E-02 0.6640E-02 0.7364E-02 0.0000E+00
0.0000E+00 0.9477E-02 0.2292E-01 0.8620E-02 0.1509E-01 0.2771E-02 0.3239E-01 0.6101E-01 0.9244E-01 0.2446E-02 0.1507E-01 0.1223E-01 0.6166E-01 0.6178E-01 0.8643E-01 0.1277E-01 0.1076E-01 0.7303E-01 0.7830E-02 0.9539E-02 0.1027E-01 0.0000E+00
0.0000E+00 0.1147E-01 0.2530E-01 0.1122E-01 0.1761E-01 0.5599E-02 0.2782E-02 0.2771E-02 0.9801E-01 0.3591E-02 0.3576E-01 0.1782E-01 0.2922E-02 0.2923E-02 0.9208E-01 0.1066E+00 0.1192E-01 0.7264E-01 0.3619E-01 0.2552E-01 0.1315E-01 0.0000E+00
0.0000E+00 0.1354E-01 0.4104E-01 0.1381E-01 0.2049E-01 0.6869E-02 0.5548E-02 0.2785E-02 0.1008E+00 0.5475E-02 0.3845E-01 0.2646E-02 0.7337E-03 0.1598E-02 0.4384E-02 0.1137E+00 0.1482E-01 0.7489E-01 0.3856E-01 0.2926E-02 0.2929E-02 0.0000E+00
0.0000E+00 0.2224E-02 0.4526E-01 0.1654E-01 0.2337E-01 0.9295E-02 0.5711E-02 0.3091E-02 0.1035E+00 0.8392E-02 0.4089E-01 0.3059E-02 0.1412E-02 0.2350E-02 0.2790E-02 0.1160E+00 0.1469E-01 0.7769E-01 0.4103E-01 0.5326E-02 0.3789E-02 0.0000E+00
0.0000E+00 0.7216E-03 0.4749E-01 0.1910E-01 0.2612E-01 0.1145E-01 0.6979E-02 0.4860E-02 0.1044E+00 0.1098E-01 0.4373E-01 0.1290E-01 0.6971E-02 0.4730E-02 0.6306E-02 0.1250E+00 0.1410E+00 0.7914E-01 0.4350E-01 0.7021E-02 0.4454E-02 0.0000E+00
0.0000E+00 0.1340E-02 0.4997E-01 0.7046E-01 0.2855E-01 0.2378E-01 0.9785E-02 0.7456E-02 0.1112E+00 0.1371E-01 0.6402E-01 0.1784E-01 0.2475E-02 0.1454E-02 0.7334E-03 0.2637E-02 0.1457E+00 0.8022E-01 0.4578E-01 0.9934E-02 0.7348E-02 0.0000E+00
0.0000E+00 0.3271E-02 0.1645E-02 0.7442E-01 0.3138E-01 0.2887E-01 0.2364E-02 0.2358E-02 0.1134E+00 0.1661E-01 0.6931E-01 0.3969E-02 0.1179E-02 0.7188E-03 0.7253E-03 0.1494E-02 0.1462E+00 0.8258E-01 0.4859E-01 0.1151E-01 0.9163E-02 0.0000E+00
0.0000E+00 0.4671E-02 0.1781E-02 0.7711E-01 0.3420E-01 0.3014E-01 0.7230E-03 0.2786E-02 0.1157E+00 0.1949E-01 0.7165E-01 0.1161E-02 0.8540E-03 0.7408E-03 0.7323E-03 0.2860E-02 0.2815E+00 0.1366E+00 0.5135E-01 0.1441E-01 0.1207E-01 0.0000E+00
0.0000E+00 0.5440E-02 0.3340E-02 0.7972E-01 0.3679E-01 0.3295E-01 0.2431E-02 0.6635E-02 0.1232E+00 0.2219E-01 0.7446E-01 0.3950E-02 0.1543E-02 0.1439E-02 0.1090E-02 0.3367E-02 0.2840E+00 0.2922E-02 0.2926E-02 0.1687E-01 0.1476E-01 0.0000E+00
0.0000E+00 0.7760E-02 0.4240E-02 0.1543E+00 0.7438E-01 0.3577E-01 0.2917E-02 0.5203E-02 0.1258E+00 0.1501E+00 0.7669E-01 0.6863E-02 0.2162E-02 0.2080E-02 0.3870E-02 0.3955E-02 0.2866E+00 0.5588E-02 0.3197E-02 0.1960E-01 0.1718E-01 0.0000E+00
0.0000E+00 0.9913E-02 0.6998E-02 0.1586E+00 0.2234E-02 0.2929E-02 0.4955E-02 0.6196E-02 0.1614E-02 0.1528E+00 0.7898E-01 0.9766E-02 0.5086E-02 0.3930E-02 0.6474E-02 0.6284E-02 0.2962E+00 0.7070E-02 0.4373E-02 0.2196E-01 0.1972E-01 0.0000E+00
0.0000E+00 0.1189E-01 0.9286E-02 0.1608E+00 0.8277E-03 0.7390E-03 0.7008E-02 0.6348E-02 0.2167E-02 0.1555E+00 0.8175E-01 0.1266E-01 0.7680E-02 0.6692E-02 0.8939E-02 0.6473E-02 0.2984E+00 0.2550E-02 0.7054E-02 0.2450E-01 0.2203E-01 0.0000E+00
0.0000E+00 0.1283E-01 0.1140E-01 0.1619E+00 0.1483E-02 0.1435E-02 0.7183E-02 0.7404E-02 0.4756E-02 0.1545E+00 0.8450E-01 0.9985E-01 0.1102E+00 0.9431E-02 0.1154E-01 0.8204E-02 0.2989E+00 0.3385E-02 0.9074E-02 0.2685E-01 0.2362E-01 0.0000E+00
0.0000E+00 0.1276E-01 0.1305E-01 0.1626E+00 0.1663E+00 0.1699E+00 0.1794E+00 0.1025E-01 0.7325E-02 0.1548E+00 0.2830E-02 0.2922E-02 0.1152E+00 0.1232E-01 0.2674E-01 0.1111E-01 0.2989E+00 0.4571E-02 0.1006E-01 0.2758E-01 0.2563E-01 0.0000E+00
0.0000E+00 0.1307E-01 0.1314E-01 0.1544E-02 0.1987E-02 0.2407E-02 0.1816E+00 0.1267E-01 0.1015E-01 0.1569E+00 0.5442E-02 0.2161E-02 0.1170E+00 0.1196E+00 0.1490E+00 0.1384E-01 0.2999E+00 0.5847E-02 0.1221E-01 0.2889E-01 0.2715E-01 0.0000E+00
0.0000E+00 0.1336E-01 0.1308E-01 0.3005E-02 0.3815E-02 0.4518E-02 0.1838E+00 0.1302E-01 0.1076E-01 0.1593E+00 0.7683E-02 0.6031E-02 0.1668E-02 0.1862E-02 0.1519E+00 0.1657E-01 0.3010E+00 0.8032E-02 0.1511E-01 0.2989E-01 0.2775E-01 0.0000E+00
0.0000E+00 0.1353E-01 0.1374E-01 0.4638E-02 0.6298E-02 0.1915E+00 0.1862E+00 0.1527E-01 0.1286E-01 0.1620E+00 0.9817E-02 0.8957E-02 0.7516E-03 0.7562E-03 0.1515E+00 0.1946E-01 0.3031E+00 0.9784E-02 0.1643E-01 0.2960E-01 0.2852E-01 0.0000E+00
0.0000E+00 0.1381E-01 0.1390E-01 0.5697E-02 0.7926E-02 0.1942E+00 0.1983E-02 0.1725E-01 0.3191E-01 0.1644E+00 0.1736E+00 0.1170E-01 0.1597E-02 0.1442E-02 0.1530E+00 0.2215E-01 0.3051E+00 0.1136E-01 0.1733E-01 0.3125E-01 0.2884E-01 0.0000E+00
0.0000E+00 0.1472E-01 0.1524E-01 0.7522E-02 0.8680E-02 0.1978E+00 0.1959E-02 0.7173E-03 0.3353E-01 0.1462E-02 0.1719E+00 0.1392E-01 0.1773E-01 0.2233E-02 0.1535E+00 0.2348E-01 0.3067E+00 0.1190E-01 0.4819E-01 0.3153E-01 0.3031E-01 0.0000E+00
0.0000E+00 0.1534E-01 0.1674E-01 0.8385E-02 0.1127E-01 0.1997E+00 0.9091E-03 0.1391E-02 0.3348E-01 0.2409E-02 0.1704E+00 0.2547E-02 0.2300E-01 0.1601E+00 0.1554E+00 0.2362E-01 0.3065E+00 0.1220E-01 0.4831E-01 0.2110E-02 0.3251E-01 0.0000E+00
0.0000E+00 0.1566E-01 0.1822E-01 0.9136E-02 0.1400E-01 0.2009E+00 0.1010E-02 0.3742E-02 0.3877E-01 0.4127E-01 0.1723E+00 0.2108E-02 0.2503E-01 0.1625E+00 0.2027E-02 0.2326E-01 0.3068E+00 0.1269E-01 0.4839E-01 0.4561E-02 0.3520E-01 0.0000E+00
0.0000E+00 0.1612E-01 0.1844E-01 0.9177E-02 0.1662E-01 0.2019E+00 0.1664E-02 0.1677E-02 0.2291E-02 0.4187E-01 0.1746E+00 0.2969E-02 0.2535E-01 0.1646E+00 0.4666E-02 0.3303E+00 0.3079E+00 0.1482E-01 0.6523E-01 0.7235E-01 0.1093E+00 0.0000E+00
0.0000E+00 0.1647E-01 0.1930E-01 0.1104E-01 0.1779E-01 0.2031E+00 0.3737E-02 0.4463E-02 0.4648E-02 0.4393E-01 0.1761E+00 0.4761E-02 0.3164E-01 0.1629E+00 0.6165E-02 0.3343E+00 0.4164E-02 0.1756E-02 0.1240E-02 0.7689E-03 0.1124E+00 0.0000E+00
0.0000E+00 0.1737E-01 0.2032E-01 0.1196E-01 0.1758E-01 0.2046E+00 0.5749E-02 0.6913E-02 0.5505E-02 0.4638E-01 0.1771E+00 0.2090E-02 0.3590E-01 0.2010E+00 0.3373E+00 0.3332E+00 0.1680E-02 0.7253E-03 0.7214E-03 0.1406E-02 0.1127E+00 0.0000E+00
0.0000E+00 0.5168E-01 0.3374E-01 0.1334E-01 0.1779E-01 0.2063E+00 0.7231E-02 0.9068E-02 0.5449E-01 0.4824E-01 0.1774E+00 0.1650E-02 0.1426E-02 0.2050E+00 0.3386E+00 0.1539E-02 0.2330E-02 0.7425E-03 0.7370E-03 0.2019E-02 0.1117E+00 0.0000E+00
0.0000E+00 0.5449E-01 0.2547E-02 0.1628E-02 0.1957E-01 0.2079E+00 0.8895E-02 0.1037E-01 0.5683E-01 0.2102E-02 0.1798E+00 0.4420E-02 0.1109E-02 0.2078E+00 0.3411E+00 0.3158E-02 0.3478E-02 0.1431E-02 0.1427E-02 0.3188E-02 0.1143E+00 0.0000E+00
0.0000E+00 0.5449E-01 0.7388E-03 0.7990E-03 0.2112E-01 0.2072E+00 0.9394E-02 0.1097E-01 0.5691E-01 0.1353E-02 0.1794E+00 0.7021E-02 0.1734E-02 0.2104E+00 0.5533E+00 0.4459E-02 0.4892E-02 0.4321E-02 0.2570E-02 0.4190E-02 0.1167E+00 0.0000E+00
0.0000E+00 0.5514E-01 0.1418E-02 0.1479E-02 0.2302E-01 0.2064E+00 0.1154E-01 0.1222E-01 0.5851E-01 0.2562E-02 0.1797E+00 0.9468E-02 0.7242E-03 0.1294E-02 0.5541E+00 0.5410E-02 0.7216E-02 0.1157E-01 0.5013E-02 0.1246E+00 0.1187E+00 0.0000E+00
0.0000E+00 0.5579E-01 0.2011E-02 0.3805E-02 0.2468E+00 0.2222E+00 0.1380E-01 0.1439E-01 0.7963E-01 0.4876E-02 0.1817E+00 0.1008E-01 0.1398E-02 0.2010E-02 0.5557E+00 0.5622E+00 0.5693E+00 0.1431E-01 0.2447E-02 0.1268E+00 0.2895E-02 0.0000E+00
0.0000E+00 0.5574E-01 0.6000E-01 0.6394E-02 0.2484E+00 0.1664E-02 0.2370E-02 0.1628E-02 0.8345E-01 0.1753E-02 0.1843E+00 0.1148E-01 0.2163E-02 0.3762E-02 0.8724E-03 0.1648E-02 0.5685E+00 0.1437E-01 0.4939E-02 0.1284E+00 0.2228E-02 0.0000E+00
0.0000E+00 0.1618E-02 0.6386E-01 0.7257E-01 0.2498E+00 0.3893E-02 0.2868E-02 0.1061E-02 0.8581E-01 0.2842E-02 0.1866E+00 0.1398E-01 0.3045E-02 0.5953E-02 0.1340E-02 0.7330E-03 0.5710E+00 0.1701E-01 0.6851E-02 0.1272E+00 0.4480E-02 0.0000E+00
0.0000E+00 0.1001E-02 0.1645E-02 0.7462E-01 0.2509E+00 0.2552E+00 0.2580E+00 0.2943E-02 0.8590E-01 0.4763E-02 0.1938E+00 0.1689E-01 0.5119E-02 0.6536E-02 0.1220E-02 0.7203E-03 0.5736E+00 0.5930E+00 0.9317E-02 0.1258E+00 0.5696E-02 0.0000E+00
0.0000E+00 0.1679E-02 0.1112E-02 0.7583E-01 0.1388E-02 0.2503E-02 0.2629E+00 0.8817E-01 0.8485E-01 0.9753E-03 0.1959E+00 0.1944E-01 0.6345E-02 0.7093E-02 0.1859E-02 0.7242E-03 0.1052E-02 0.5965E+00 0.1033E-01 0.1246E+00 0.6346E-02 0.0000E+00
0.0000E+00 0.2313E-02 0.1765E-02 0.7553E-01 0.1185E-02 0.1552E-02 0.3577E+00 0.9234E-01 0.1636E-02 0.1670E-02 0.1944E+00 0.2010E-01 0.6899E-02 0.7774E-02 0.2524E-02 0.1394E-02 0.7717E-03 0.5968E+00 0.1161E-01 0.1383E+00 0.6936E-02 0.0000E+00
0.0000E+00 0.3260E-02 0.3809E-02 0.7609E-01 0.1900E-02 0.2760E-02 0.3622E+00 0.2234E-02 0.8381E-03 0.3057E-02 0.1922E+00 0.2021E-01 0.7241E-02 0.8698E-02 0.2961E-02 0.6381E-02 0.1413E-02 0.5942E+00 0.7875E-03 0.1412E+00 0.7211E-02 0.0000E+00
0.0000E+00 0.3802E-02 0.8553E-02 0.8522E-01 0.3285E-02 0.4240E-02 0.3642E+00 0.2646E-02 0.7792E-03 0.4848E-02 0.1938E+00 0.2988E-01 0.7777E-02 0.9289E-02 0.7928E-03 0.9446E-02 0.1277E-01 0.5953E+00 0.7229E-03 0.1432E+00 0.1012E-01 0.0000E+00
0.0000E+00 0.8727E-03 0.9619E-03 0.8505E-01 0.4400E-02 0.4681E-02 0.3783E+00 0.1235E-01 0.7278E-02 0.6017E-02 0.1949E+00 0.4322E-01 0.1128E-01 0.9434E-02 0.6827E-03 0.7928E-03 0.1336E-01 0.5961E+00 0.2346E-02 0.1453E+00 0.1268E-01 0.0000E+00
0.0000E+00 0.1641E-02 0.1715E-02 0.8455E-01 0.5800E-02 0.3874E+00 0.3827E+00 0.2733E-02 0.7638E-03 0.9546E-03 0.1958E+00 0.4446E-01 0.1544E-02 0.7635E-03 0.1359E-02 0.1460E-02 0.1431E-01 0.5984E+00 0.1447E+00 0.1441E+00 0.1506E-01 0.0000E+00
0.0000E+00 0.2385E-02 0.2602E-02 0.8398E-01 0.7824E-02 0.3902E+00 0.3475E-02 0.1428E-02 0.7931E-03 0.8162E-03 0.1945E+00 0.4478E-01 0.2330E-02 0.1483E-02 0.2028E-02 0.7584E+00 0.7600E+00 0.7470E+00 0.1477E+00 0.1434E-02 0.1680E-01 0.0000E+00
0.0000E+00 0.3394E-02 0.3607E-02 0.4846E+00 0.4011E+00 0.3926E+00 0.1657E-02 0.7370E-03 0.1476E-02 0.1481E-02 0.1924E+00 0.4600E-01 0.3004E-02 0.2109E-02 0.7564E+00 0.7576E+00 0.7033E-03 0.1652E-02 0.1459E-02 0.7068E-03 0.1634E-01 0.0000E+00
0.0000E+00 0.4473E-02 0.4921E+00 0.4884E+00 0.3258E-02 0.1536E-02 0.1535E-02 0.1467E-02 0.2141E-02 0.2150E-02 0.1905E+00 0.2376E+00 0.3926E-02 0.3079E-02 0.7575E+00 0.1883E-02 0.7007E-03 0.3094E-02 0.5691E-02 0.7241E-03 0.1612E-01 0.0000E+00
0.0000E+00 0.4932E+00 0.4910E+00 0.1169E-02 0.1767E-02 0.1383E-02 0.3101E-02 0.2085E-02 0.2788E-02 0.2871E-02 0.8039E-03 0.2380E+00 0.6136E-02 0.4874E-02 0.7559E+00 0.2491E-02 0.7363E-03 0.7216E-03 0.7034E-02 0.8940E-03 0.1584E-01 0.0000E+00
0.0000E+00 0.4909E+00 0.8104E-03 0.1063E-02 0.3702E-02 0.2109E-02 0.3819E-02 0.4112E-02 0.5133E-02 0.3974E-02 0.1463E-02 0.2394E+00 0.8157E-02 0.6122E-02 0.7549E+00 0.3250E-02 0.1429E-02 0.7354E-03 0.7939E-02 0.1566E-02 0.1557E-01 0.0000E+00
0.0000E+00 0.4883E+00 0.1669E-02 0.2015E-02 0.5512E-02 0.4599E-02 0.6025E-02 0.6380E-02 0.7385E-02 0.5913E-02 0.4224E-02 0.2382E+00 0.1014E-01 0.6998E-02 0.7519E+00 0.5874E-02 0.3216E-02 0.1394E-02 0.8163E-02 0.2411E-02 0.1529E-01 0.0000E+00
0.0000E+00 0.4862E+00 0.2364E-02 0.3154E-02 0.5797E-02 0.6883E-02 0.2713E-01 0.1872E-01 0.1011E-01 0.8424E-02 0.6665E-02 0.2399E+00 0.7726E+00 0.7607E+00 0.7532E+00 0.8564E-02 0.1827E-01 0.1282E-01 0.8835E-02 0.1856E-01 0.1565E-01 0.0000E+00
0.0000E+00 0.4836E+00 0.3169E-02 0.4387E-02 0.6158E-02 0.8159E-02 0.3149E-01 0.2078E-02 0.2074E-02 0.1307E-01 0.8385E-02 0.2410E+00 0.7775E+00 0.3902E-02 0.1961E-02 0.1092E-01 0.2264E-01 0.2519E-02 0.8727E-03 0.1848E-01 0.1446E-02 0.0000E+00
0.0000E+00 0.4827E+00 0.4849E+00 0.4957E+00 0.8556E-02 0.1085E-01 0.3580E-01 0.2237E-02 0.1442E-02 0.1728E-01 0.1059E-01 0.2404E+00 0.7785E+00 0.9813E-03 0.7990E-03 0.3649E-01 0.2459E-01 0.1022E-02 0.1729E-02 0.2037E-01 0.2137E-02 0.0000E+00
0.0000E+00 0.1006E-02 0.7636E-03 0.4942E+00 0.2357E-02 0.1359E-01 0.3996E-01 0.1891E-02 0.9333E-03 0.2095E-01 0.1284E-01 0.2393E+00 0.7782E+00 0.7623E-03 0.1449E-02 0.3603E-01 0.9049E-03 0.8191E-03 0.2673E-02 0.2212E-01 0.8655E-03 0.0000E+00
0.0000E+00 0.7724E-03 0.1403E-02 0.4954E+00 0.3616E-02 0.1632E-01 0.4465E-01 0.1994E-02 0.7007E-03 0.2436E-01 0.1542E-01 0.2404E+00 0.7783E+00 0.1375E-02 0.2057E-02 0.3921E-01 0.1517E-02 0.1966E-02 0.3418E-02 0.2262E-01 0.7260E-03 0.0000E+00
0.0000E+00 0.0000E+00 0.0000E+00 0.0000E+00 0.0000E+00 0.0000E+00 0.0000E+00 0.0000E+00 0.0000E+00 0.0000E+00 0.0000E+00 0.0000E+00 0.0000E+00 0.0000E+00 0.0000E+00 0.0000E+00 0.0000E+00 0.0000E+00 0.0000E+00 0.0000E+00 0.0000E+00 0.0000E+00
