p4_rainB_highsm_dschg.asc
ncols     22
nrows     62
xllcorner      0.00000000
yllcorner      0.00000000
cellsize      0.50000000
nodata_value -9999
0.0000E+00 0.0000E+00 0.0000E+00 0.0000E+00 0.0000E+00 0.0000E+00 0.0000E+00 0.0000E+00 0.0000E+00 0.0000E+00 0.0000E+00 0.0000E+00 0.0000E+00 0.0000E+00 0.0000E+00 0.0000E+00 0.0000E+00 0.0000E+00 0.0000E+00 0.0000E+00 0.0000E+00 0.0000E+00
0.0000E+00 0.1752E-02 0.4914E-02 0.1739E-02 0.2335E-02 0.4997E-02 0.2673E-02 0.2869E-02 0.1603E-02 0.2201E-02 0.3722E-02 0.3031E-02 0.3416E-02 0.2854E-02 0.3053E-02 0.2882E-02 0.3427E-02 0.2681E-02 0.1730E-02 0.3214E-02 0.1950E-02 0.0000E+00
0.0000E+00 0.1665E-02 0.8068E-02 0.1707E-02 0.3613E-02 0.1201E-01 0.1789E-01 0.5517E-02 0.3325E-02 0.5294E-02 0.6803E-02 0.5754E-02 0.1318E-01 0.5677E-02 0.4454E-02 0.7247E-02 0.1452E-01 0.6090E-02 0.1562E-02 0.6234E-02 0.4357E-02 0.0000E+00
0.0000E+00 0.3167E-02 0.9485E-02 0.1537E-02 0.1820E-02 0.3825E-02 0.2113E-01 0.2852E-01 0.4623E-02 0.8494E-02 0.7889E-02 0.1448E-02 0.1910E-01 0.7550E-02 0.6108E-02 0.1179E-01 0.1912E-01 0.1566E-02 0.1497E-02 0.1024E-01 0.8612E-02 0.0000E+00
0.0000E+00 0.4643E-02 0.1075E-01 0.3305E-02 0.3069E-02 0.7561E-02 0.1470E-02 0.2984E-01 0.8277E-02 0.1214E-01 0.1133E-01 0.2947E-02 0.2285E-01 0.1205E-01 0.8718E-02 0.1541E-01 0.3890E-01 0.4180E-01 0.2741E-01 0.2458E-01 0.1279E-01 0.0000E+00
0.0000E+00 0.6447E-02 0.2374E-01 0.1195E-01 0.6453E-02 0.9858E-02 0.2871E-02 0.3118E-01 0.1184E-01 0.1637E-01 0.1371E-01 0.4065E-02 0.2782E-01 0.1652E-01 0.1247E-01 0.1491E-02 0.3310E-02 0.4997E-01 0.8632E-01 0.4339E-02 0.3953E-02 0.0000E+00
0.0000E+00 0.8296E-02 0.2851E-01 0.2617E-02 0.2241E-02 0.1345E-01 0.6714E-02 0.3393E-01 0.1525E-01 0.1962E-01 0.1481E-01 0.2122E-01 0.5343E-01 0.2122E-01 0.1696E-01 0.1476E-02 0.1471E-02 0.5020E-02 0.9121E-01 0.3001E-02 0.4924E-02 0.0000E+00
0.0000E+00 0.1064E-01 0.3055E-01 0.1595E-02 0.3637E-02 0.1585E-01 0.1030E-01 0.3647E-01 0.4147E-01 0.2266E-01 0.1707E-02 0.4768E-02 0.5783E-01 0.2601E-01 0.2143E-01 0.2948E-02 0.2908E-02 0.6311E-02 0.1059E+00 0.9782E-02 0.5896E-02 0.0000E+00
0.0000E+00 0.1224E-01 0.3313E-01 0.2987E-02 0.7916E-02 0.1917E-01 0.1217E-01 0.3675E-01 0.4734E-01 0.2015E-02 0.3182E-02 0.6307E-02 0.6088E-01 0.2797E-01 0.2587E-01 0.5337E-02 0.4277E-02 0.1193E+00 0.1095E+00 0.4859E-02 0.3622E-02 0.0000E+00
0.0000E+00 0.1367E-01 0.3572E-01 0.5838E-02 0.1241E-01 0.2179E-01 0.1335E-01 0.3987E-01 0.5118E-01 0.4186E-02 0.5528E-02 0.7580E-02 0.6423E-01 0.2825E-01 0.3061E-01 0.1008E-01 0.8546E-02 0.1226E+00 0.1622E-02 0.5775E-02 0.6859E-02 0.0000E+00
0.0000E+00 0.1504E-01 0.3826E-01 0.8833E-02 0.1673E-01 0.2648E-01 0.1807E-01 0.4374E-01 0.5227E-01 0.7206E-02 0.1703E-01 0.1188E-01 0.1002E+00 0.3104E-01 0.3525E-01 0.1505E-01 0.1248E-01 0.1239E+00 0.3932E-02 0.6800E-02 0.8671E-02 0.0000E+00
0.0000E+00 0.1734E-01 0.4122E-01 0.1199E-01 0.2147E-01 0.3114E-01 0.5336E-01 0.4802E-01 0.5248E-01 0.3350E-02 0.2201E-01 0.1683E-01 0.1051E+00 0.1481E-02 0.3934E-01 0.1928E-01 0.1649E-01 0.1279E+00 0.8693E-02 0.1179E-01 0.1292E-01 0.0000E+00
0.0000E+00 0.1972E-01 0.4461E-01 0.1562E-01 0.2615E-01 0.4758E-02 0.5772E-01 0.1103E+00 0.1672E+00 0.4391E-02 0.2643E-01 0.2137E-01 0.1099E+00 0.1113E+00 0.1550E+00 0.2262E-01 0.1949E-01 0.1316E+00 0.1367E-01 0.1674E-01 0.1788E-01 0.0000E+00
0.0000E+00 0.2318E-01 0.4874E-01 0.2009E-01 0.3050E-01 0.9609E-02 0.4771E-02 0.4758E-02 0.1768E+00 0.6518E-02 0.6232E-01 0.3097E-01 0.5008E-02 0.5010E-02 0.1648E+00 0.1907E+00 0.2176E-01 0.1318E+00 0.6299E-01 0.4443E-01 0.2281E-01 0.0000E+00
0.0000E+00 0.2677E-01 0.7933E-01 0.2453E-01 0.3544E-01 0.1190E-01 0.9523E-02 0.4776E-02 0.1817E+00 0.9825E-02 0.6695E-01 0.4537E-02 0.1482E-02 0.2777E-02 0.7554E-02 0.2030E+00 0.2671E-01 0.1359E+00 0.6713E-01 0.5016E-02 0.5020E-02 0.0000E+00
0.0000E+00 0.3818E-02 0.8668E-01 0.2922E-01 0.4037E-01 0.1609E-01 0.1012E-01 0.5517E-02 0.1865E+00 0.1482E-01 0.7122E-01 0.5405E-02 0.2915E-02 0.4022E-02 0.4782E-02 0.2072E+00 0.2703E-01 0.1407E+00 0.7146E-01 0.9157E-02 0.6662E-02 0.0000E+00
0.0000E+00 0.1470E-02 0.9058E-01 0.3362E-01 0.4511E-01 0.1981E-01 0.1254E-01 0.8640E-02 0.1884E+00 0.1927E-01 0.7612E-01 0.2385E-01 0.1352E-01 0.8855E-02 0.1105E-01 0.2229E+00 0.2527E+00 0.1435E+00 0.7579E-01 0.1213E-01 0.8007E-02 0.0000E+00
0.0000E+00 0.2854E-02 0.9489E-01 0.1311E+00 0.4935E-01 0.4155E-01 0.1734E-01 0.1311E-01 0.2014E+00 0.2396E-01 0.1128E+00 0.3233E-01 0.4243E-02 0.2981E-02 0.1495E-02 0.4524E-02 0.2610E+00 0.1458E+00 0.7981E-01 0.1712E-01 0.1297E-01 0.0000E+00
0.0000E+00 0.6232E-02 0.2871E-02 0.1381E+00 0.5424E-01 0.5027E-01 0.4050E-02 0.4042E-02 0.2053E+00 0.2891E-01 0.1222E+00 0.6843E-02 0.2061E-02 0.1467E-02 0.1474E-02 0.3013E-02 0.2625E+00 0.1500E+00 0.8468E-01 0.1994E-01 0.1613E-01 0.0000E+00
0.0000E+00 0.8814E-02 0.3079E-02 0.1428E+00 0.5912E-01 0.5267E-01 0.1471E-02 0.4969E-02 0.2094E+00 0.3385E-01 0.1263E+00 0.2033E-02 0.1623E-02 0.1489E-02 0.1481E-02 0.5909E-02 0.5059E+00 0.2443E+00 0.8950E-01 0.2490E-01 0.2109E-01 0.0000E+00
0.0000E+00 0.1042E-01 0.5833E-02 0.1473E+00 0.6366E-01 0.5754E-01 0.4510E-02 0.1208E-01 0.2236E+00 0.3849E-01 0.1312E+00 0.6814E-02 0.3055E-02 0.2936E-02 0.1933E-02 0.7201E-02 0.5105E+00 0.5008E-02 0.5014E-02 0.2915E-01 0.2572E-01 0.0000E+00
0.0000E+00 0.1441E-01 0.7595E-02 0.2777E+00 0.1294E+00 0.6241E-01 0.4998E-02 0.8963E-02 0.2282E+00 0.2705E+00 0.1351E+00 0.1180E-01 0.4440E-02 0.4342E-02 0.6702E-02 0.8626E-02 0.5150E+00 0.9599E-02 0.5709E-02 0.3382E-01 0.2990E-01 0.0000E+00
0.0000E+00 0.1813E-01 0.1233E-01 0.2854E+00 0.3831E-02 0.5020E-02 0.8525E-02 0.1091E-01 0.2809E-02 0.2752E+00 0.1392E+00 0.1677E-01 0.9455E-02 0.7591E-02 0.1118E-01 0.1263E-01 0.5319E+00 0.1226E-01 0.7947E-02 0.3794E-01 0.3430E-01 0.0000E+00
0.0000E+00 0.2161E-01 0.1629E-01 0.2893E+00 0.1592E-02 0.1487E-02 0.1208E-01 0.1160E-01 0.3949E-02 0.2800E+00 0.1441E+00 0.2171E-01 0.1392E-01 0.1233E-01 0.1544E-01 0.1346E-01 0.5360E+00 0.4376E-02 0.1255E-01 0.4233E-01 0.3832E-01 0.0000E+00
0.0000E+00 0.2354E-01 0.1996E-01 0.2917E+00 0.2999E-02 0.2933E-02 0.1280E-01 0.1366E-01 0.8404E-02 0.2795E+00 0.1489E+00 0.1753E+00 0.1940E+00 0.1703E-01 0.1990E-01 0.1654E-01 0.5376E+00 0.5989E-02 0.1604E-01 0.4647E-01 0.4124E-01 0.0000E+00
0.0000E+00 0.2396E-01 0.2297E-01 0.2936E+00 0.3007E+00 0.3076E+00 0.3247E+00 0.1853E-01 0.1282E-01 0.2808E+00 0.4856E-02 0.5008E-02 0.2028E+00 0.2197E-01 0.4680E-01 0.2152E-01 0.5386E+00 0.8196E-02 0.1801E-01 0.4822E-01 0.4482E-01 0.0000E+00
0.0000E+00 0.2496E-01 0.2369E-01 0.2683E-02 0.3431E-02 0.4131E-02 0.3288E+00 0.2271E-01 0.1765E-01 0.2847E+00 0.9354E-02 0.3719E-02 0.2063E+00 0.2110E+00 0.2625E+00 0.2619E-01 0.5410E+00 0.1058E-01 0.2175E-01 0.5081E-01 0.4769E-01 0.0000E+00
0.0000E+00 0.2590E-01 0.2412E-01 0.5283E-02 0.6633E-02 0.7772E-02 0.3328E+00 0.2374E-01 0.1902E-01 0.2891E+00 0.1323E-01 0.1039E-01 0.2889E-02 0.3210E-02 0.2681E+00 0.3087E-01 0.5435E+00 0.1435E-01 0.2671E-01 0.5296E-01 0.4926E-01 0.0000E+00
0.0000E+00 0.2666E-01 0.2564E-01 0.8200E-02 0.1090E-01 0.3471E+00 0.3372E+00 0.2763E-01 0.2269E-01 0.2938E+00 0.1693E-01 0.1540E-01 0.1502E-02 0.1508E-02 0.2686E+00 0.3581E-01 0.5475E+00 0.1747E-01 0.2916E-01 0.5327E-01 0.5106E-01 0.0000E+00
0.0000E+00 0.2761E-01 0.2639E-01 0.1023E-01 0.1380E-01 0.3526E+00 0.3427E-02 0.3116E-01 0.5715E-01 0.2981E+00 0.3152E+00 0.2011E-01 0.3138E-02 0.2945E-02 0.2716E+00 0.4044E-01 0.5513E+00 0.2035E-01 0.3108E-01 0.5640E-01 0.5223E-01 0.0000E+00
0.0000E+00 0.2949E-01 0.2893E-01 0.1346E-01 0.1541E-01 0.3593E+00 0.3383E-02 0.1466E-02 0.6017E-01 0.2539E-02 0.3140E+00 0.2397E-01 0.3098E-01 0.4552E-02 0.2733E+00 0.4297E-01 0.5545E+00 0.2167E-01 0.8846E-01 0.5755E-01 0.5503E-01 0.0000E+00
0.0000E+00 0.3091E-01 0.3170E-01 0.1523E-01 0.1987E-01 0.3633E+00 0.1698E-02 0.2895E-02 0.6081E-01 0.4267E-02 0.3130E+00 0.4372E-02 0.4002E-01 0.2861E+00 0.2770E+00 0.4384E-01 0.5553E+00 0.2264E-01 0.8936E-01 0.3631E-02 0.5890E-01 0.0000E+00
0.0000E+00 0.3188E-01 0.3445E-01 0.1686E-01 0.2454E-01 0.3660E+00 0.1825E-02 0.6930E-02 0.7071E-01 0.7589E-01 0.3167E+00 0.3630E-02 0.4360E-01 0.2904E+00 0.3514E-02 0.4396E-01 0.5568E+00 0.2389E-01 0.9021E-01 0.7834E-02 0.6354E-01 0.0000E+00
0.0000E+00 0.3305E-01 0.3535E-01 0.1752E-01 0.2905E-01 0.3684E+00 0.3208E-02 0.2927E-02 0.3925E-02 0.7748E-01 0.3207E+00 0.5255E-02 0.4472E-01 0.2944E+00 0.8040E-02 0.6034E+00 0.5595E+00 0.2761E-01 0.1219E+00 0.1342E+00 0.2010E+00 0.0000E+00
0.0000E+00 0.3405E-01 0.3717E-01 0.2081E-01 0.3130E-01 0.3711E+00 0.6800E-02 0.7703E-02 0.7967E-02 0.8116E-01 0.3238E+00 0.8419E-02 0.5602E-01 0.2932E+00 0.1072E-01 0.6116E+00 0.7202E-02 0.3070E-02 0.2186E-02 0.1538E-02 0.2068E+00 0.0000E+00
0.0000E+00 0.3587E-01 0.3922E-01 0.2268E-01 0.3165E-01 0.3743E+00 0.1030E-01 0.1193E-01 0.9706E-02 0.8544E-01 0.3263E+00 0.3613E-02 0.6346E-01 0.3607E+00 0.6203E+00 0.6112E+00 0.3249E-02 0.1474E-02 0.1470E-02 0.2908E-02 0.2079E+00 0.0000E+00
0.0000E+00 0.1025E+00 0.6522E-01 0.2527E-01 0.3255E-01 0.3775E+00 0.1301E-01 0.1566E-01 0.1004E+00 0.8883E-01 0.3278E+00 0.2875E-02 0.2533E-02 0.3679E+00 0.6232E+00 0.2694E-02 0.4647E-02 0.1491E-02 0.1486E-02 0.4289E-02 0.2074E+00 0.0000E+00
0.0000E+00 0.1081E+00 0.4599E-02 0.2858E-02 0.3574E-01 0.3808E+00 0.1600E-01 0.1810E-01 0.1051E+00 0.3626E-02 0.3321E+00 0.7632E-02 0.1991E-02 0.3733E+00 0.6278E+00 0.5548E-02 0.6760E-02 0.2930E-02 0.2927E-02 0.6436E-02 0.2121E+00 0.0000E+00
0.0000E+00 0.1086E+00 0.1487E-02 0.1558E-02 0.3859E-01 0.3810E+00 0.1723E-01 0.1951E-01 0.1060E+00 0.2330E-02 0.3326E+00 0.1211E-01 0.3025E-02 0.3785E+00 0.1010E+01 0.7932E-02 0.9366E-02 0.7889E-02 0.5032E-02 0.8398E-02 0.2163E+00 0.0000E+00
0.0000E+00 0.1102E+00 0.2920E-02 0.2987E-02 0.4198E-01 0.3810E+00 0.2096E-01 0.2189E-01 0.1091E+00 0.4612E-02 0.3340E+00 0.1633E-01 0.1473E-02 0.2264E-02 0.1012E+01 0.9825E-02 0.1336E-01 0.2102E-01 0.9247E-02 0.2318E+00 0.2201E+00 0.0000E+00
0.0000E+00 0.1118E+00 0.4286E-02 0.6978E-02 0.4549E+00 0.4097E+00 0.2487E-01 0.2565E-01 0.1467E+00 0.8584E-02 0.3379E+00 0.1769E-01 0.2902E-02 0.3675E-02 0.1015E+01 0.1027E+01 0.1041E+01 0.2571E-01 0.4195E-02 0.2367E+00 0.4956E-02 0.0000E+00
0.0000E+00 0.1123E+00 0.1206E+00 0.1143E-01 0.4582E+00 0.2886E-02 0.4057E-02 0.2858E-02 0.1535E+00 0.3032E-02 0.3425E+00 0.2030E-01 0.4477E-02 0.7082E-02 0.1660E-02 0.2873E-02 0.1043E+01 0.2635E-01 0.8470E-02 0.2400E+00 0.3824E-02 0.0000E+00
0.0000E+00 0.2850E-02 0.1274E+00 0.1429E+00 0.4611E+00 0.6712E-02 0.5031E-02 0.1894E-02 0.1577E+00 0.4995E-02 0.3468E+00 0.2461E-01 0.6214E-02 0.1117E-01 0.2350E-02 0.1481E-02 0.1048E+01 0.3091E-01 0.1179E-01 0.2394E+00 0.7685E-02 0.0000E+00
0.0000E+00 0.1816E-02 0.2871E-02 0.1470E+00 0.4636E+00 0.4720E+00 0.4781E+00 0.5147E-02 0.1586E+00 0.8361E-02 0.3596E+00 0.2957E-01 0.9808E-02 0.1255E-01 0.2138E-02 0.1469E-02 0.1053E+01 0.1088E+01 0.1603E-01 0.2384E+00 0.9961E-02 0.0000E+00
0.0000E+00 0.3220E-02 0.1957E-02 0.1499E+00 0.2446E-02 0.4291E-02 0.4868E+00 0.1645E+00 0.1580E+00 0.1786E-02 0.3635E+00 0.3397E-01 0.1214E-01 0.1395E-01 0.3465E-02 0.1473E-02 0.1896E-02 0.1094E+01 0.1802E-01 0.2377E+00 0.1134E-01 0.0000E+00
0.0000E+00 0.4609E-02 0.3323E-02 0.1502E+00 0.2066E-02 0.2688E-02 0.6631E+00 0.1718E+00 0.2864E-02 0.3222E-02 0.3626E+00 0.3547E-01 0.1352E-01 0.1559E-01 0.4913E-02 0.2899E-02 0.1527E-02 0.1095E+01 0.2048E-01 0.2621E+00 0.1266E-01 0.0000E+00
0.0000E+00 0.6599E-02 0.6877E-02 0.1517E+00 0.3502E-02 0.4847E-02 0.6710E+00 0.3831E-02 0.1607E-02 0.6139E-02 0.3609E+00 0.3625E-01 0.1460E-01 0.1756E-01 0.6134E-02 0.1256E-01 0.2927E-02 0.1093E+01 0.1554E-02 0.2676E+00 0.1352E-01 0.0000E+00
0.0000E+00 0.8040E-02 0.1684E-01 0.1701E+00 0.5997E-02 0.7503E-02 0.6747E+00 0.4536E-02 0.1537E-02 0.9314E-02 0.3641E+00 0.5563E-01 0.1600E-01 0.1907E-01 0.1558E-02 0.1805E-01 0.2436E-01 0.1096E+01 0.1471E-02 0.2713E+00 0.1851E-01 0.0000E+00
0.0000E+00 0.1660E-02 0.1773E-02 0.1706E+00 0.8098E-02 0.8523E-02 0.7013E+00 0.2313E-01 0.1441E-01 0.1156E-01 0.3667E+00 0.8250E-01 0.2325E-01 0.1999E-01 0.1435E-02 0.1558E-02 0.2582E-01 0.1098E+01 0.4311E-02 0.2752E+00 0.2291E-01 0.0000E+00
0.0000E+00 0.3191E-02 0.3282E-02 0.1706E+00 0.1071E-01 0.7192E+00 0.7096E+00 0.4947E-02 0.1527E-02 0.1766E-02 0.3695E+00 0.8493E-01 0.2698E-02 0.1517E-02 0.2864E-02 0.2977E-02 0.2778E-01 0.1102E+01 0.2776E+00 0.2745E+00 0.2708E-01 0.0000E+00
0.0000E+00 0.4724E-02 0.4990E-02 0.1705E+00 0.1423E-01 0.7256E+00 0.6033E-02 0.2491E-02 0.1552E-02 0.1579E-02 0.3691E+00 0.8601E-01 0.4169E-02 0.2995E-02 0.4297E-02 0.1414E+01 0.1414E+01 0.1387E+01 0.2832E+00 0.2520E-02 0.3023E-01 0.0000E+00
0.0000E+00 0.6663E-02 0.6940E-02 0.9177E+00 0.7466E+00 0.7305E+00 0.2871E-02 0.1485E-02 0.2984E-02 0.3006E-02 0.3674E+00 0.8842E-01 0.5535E-02 0.4384E-02 0.1416E+01 0.1415E+01 0.1453E-02 0.2877E-02 0.2991E-02 0.1465E-02 0.3027E-01 0.0000E+00
0.0000E+00 0.8756E-02 0.9333E+00 0.9252E+00 0.5723E-02 0.2692E-02 0.2674E-02 0.2975E-02 0.4419E-02 0.4455E-02 0.3660E+00 0.4570E+00 0.7330E-02 0.6230E-02 0.1419E+01 0.3551E-02 0.1450E-02 0.5510E-02 0.1096E-01 0.1473E-02 0.3063E-01 0.0000E+00
0.0000E+00 0.9408E+00 0.9337E+00 0.2084E-02 0.3062E-02 0.2389E-02 0.5428E-02 0.4358E-02 0.5854E-02 0.5974E-02 0.1564E-02 0.4587E+00 0.1113E-01 0.9409E-02 0.1418E+01 0.4858E-02 0.1484E-02 0.1470E-02 0.1383E-01 0.1673E-02 0.3082E-01 0.0000E+00
0.0000E+00 0.9392E+00 0.1573E-02 0.1896E-02 0.6439E-02 0.3800E-02 0.6828E-02 0.7881E-02 0.9882E-02 0.8056E-02 0.2976E-02 0.4616E+00 0.1466E-01 0.1179E-01 0.1418E+01 0.6423E-02 0.2928E-02 0.1484E-02 0.1570E-01 0.3087E-02 0.3102E-01 0.0000E+00
0.0000E+00 0.9370E+00 0.3225E-02 0.3655E-02 0.9629E-02 0.8074E-02 0.1062E-01 0.1178E-01 0.1377E-01 0.1145E-01 0.7720E-02 0.4612E+00 0.1812E-01 0.1363E-01 0.1416E+01 0.1093E-01 0.6064E-02 0.2900E-02 0.1665E-01 0.4763E-02 0.3120E-01 0.0000E+00
0.0000E+00 0.9356E+00 0.4694E-02 0.5741E-02 0.1046E-01 0.1200E-01 0.4886E-01 0.3410E-01 0.1844E-01 0.1577E-01 0.1193E-01 0.4646E+00 0.1452E+01 0.1431E+01 0.1417E+01 0.1557E-01 0.3558E-01 0.2564E-01 0.1828E-01 0.3832E-01 0.3228E-01 0.0000E+00
0.0000E+00 0.9335E+00 0.6330E-02 0.8037E-02 0.1138E-01 0.1439E-01 0.5642E-01 0.3586E-02 0.3595E-02 0.2378E-01 0.1498E-01 0.4671E+00 0.1461E+01 0.6799E-02 0.3411E-02 0.1967E-01 0.4320E-01 0.4324E-02 0.1660E-02 0.3872E-01 0.2528E-02 0.0000E+00
0.0000E+00 0.9335E+00 0.9391E+00 0.9608E+00 0.1553E-01 0.1901E-01 0.6390E-01 0.3835E-02 0.2525E-02 0.3106E-01 0.1880E-01 0.4674E+00 0.1464E+01 0.1791E-02 0.1561E-02 0.6882E-01 0.4709E-01 0.1850E-02 0.3313E-02 0.4271E-01 0.3868E-02 0.0000E+00
0.0000E+00 0.1855E-02 0.1533E-02 0.9605E+00 0.4041E-02 0.2371E-01 0.7112E-01 0.3257E-02 0.1725E-02 0.3746E-01 0.2270E-01 0.4671E+00 0.1464E+01 0.1520E-02 0.2966E-02 0.6885E-01 0.1689E-02 0.1582E-02 0.5132E-02 0.4618E-01 0.1653E-02 0.0000E+00
0.0000E+00 0.1539E-02 0.2927E-02 0.9641E+00 0.6382E-02 0.2839E-01 0.7920E-01 0.3441E-02 0.1450E-02 0.4357E-01 0.2713E-01 0.4696E+00 0.1465E+01 0.2896E-02 0.4360E-02 0.7635E-01 0.3052E-02 0.3677E-02 0.6719E-02 0.4744E-01 0.1486E-02 0.0000E+00
0.0000E+00 0.0000E+00 0.0000E+00 0.0000E+00 0.0000E+00 0.0000E+00 0.0000E+00 0.0000E+00 0.0000E+00 0.0000E+00 0.0000E+00 0.0000E+00 0.0000E+00 0.0000E+00 0.0000E+00 0.0000E+00 0.0000E+00 0.0000E+00 0.0000E+00 0.0000E+00 0.0000E+00 0.0000E+00
