p4_rainC_medsm_dschg.asc
ncols     22
nrows     62
xllcorner      0.00000000
yllcorner      0.00000000
cellsize      0.50000000
nodata_value -9999
0.0000E+00 0.0000E+00 0.0000E+00 0.0000E+00 0.0000E+00 0.0000E+00 0.0000E+00 0.0000E+00 0.0000E+00 0.0000E+00 0.0000E+00 0.0000E+00 0.0000E+00 0.0000E+00 0.0000E+00 0.0000E+00 0.0000E+00 0.0000E+00 0.0000E+00 0.0000E+00 0.0000E+00 0.0000E+00
0.0000E+00 0.8980E-03 0.2406E-02 0.9181E-03 0.1293E-02 0.2725E-02 0.1490E-02 0.1602E-02 0.7755E-03 0.1225E-02 0.2122E-02 0.1677E-02 0.1938E-02 0.1569E-02 0.1741E-02 0.1625E-02 0.1943E-02 0.1398E-02 0.9104E-03 0.1612E-02 0.1062E-02 0.0000E+00
0.0000E+00 0.8595E-03 0.3902E-02 0.8697E-03 0.2074E-02 0.6730E-02 0.9996E-02 0.3085E-02 0.1652E-02 0.2968E-02 0.3827E-02 0.3174E-02 0.7441E-02 0.3123E-02 0.2431E-02 0.4137E-02 0.8178E-02 0.3323E-02 0.7723E-03 0.2998E-02 0.2169E-02 0.0000E+00
0.0000E+00 0.1546E-02 0.4459E-02 0.7392E-03 0.1001E-02 0.2217E-02 0.1179E-01 0.1571E-01 0.2187E-02 0.4769E-02 0.4222E-02 0.6364E-03 0.1066E-01 0.4083E-02 0.3193E-02 0.6745E-02 0.1082E-01 0.7965E-03 0.7288E-03 0.5299E-02 0.4630E-02 0.0000E+00
0.0000E+00 0.2218E-02 0.4859E-02 0.1663E-02 0.1475E-02 0.4355E-02 0.6770E-03 0.1616E-01 0.4291E-02 0.6848E-02 0.6170E-02 0.1611E-02 0.1280E-01 0.6692E-02 0.4537E-02 0.8755E-02 0.2206E-01 0.2335E-01 0.1418E-01 0.1295E-01 0.7011E-02 0.0000E+00
0.0000E+00 0.3022E-02 0.1118E-01 0.6151E-02 0.3374E-02 0.5570E-02 0.1304E-02 0.1656E-01 0.6270E-02 0.9281E-02 0.7419E-02 0.2163E-02 0.1570E-01 0.9276E-02 0.6381E-02 0.7314E-03 0.1867E-02 0.2802E-01 0.4733E-01 0.2515E-02 0.2245E-02 0.0000E+00
0.0000E+00 0.3867E-02 0.1370E-01 0.1453E-02 0.1262E-02 0.7620E-02 0.3520E-02 0.1802E-01 0.8174E-02 0.1111E-01 0.7723E-02 0.1110E-01 0.2933E-01 0.1200E-01 0.8983E-02 0.7020E-03 0.6685E-03 0.2837E-02 0.5017E-01 0.1694E-02 0.2559E-02 0.0000E+00
0.0000E+00 0.5031E-02 0.1463E-01 0.8156E-03 0.1946E-02 0.8837E-02 0.5560E-02 0.1928E-01 0.2294E-01 0.1277E-01 0.7932E-03 0.2760E-02 0.3186E-01 0.1478E-01 0.1157E-01 0.1361E-02 0.1221E-02 0.3478E-02 0.5774E-01 0.4779E-02 0.2874E-02 0.0000E+00
0.0000E+00 0.5700E-02 0.1596E-01 0.1406E-02 0.4410E-02 0.1068E-01 0.6447E-02 0.1906E-01 0.2627E-01 0.1122E-02 0.1502E-02 0.3532E-02 0.3353E-01 0.1574E-01 0.1409E-01 0.2678E-02 0.1821E-02 0.6510E-01 0.5979E-01 0.2817E-02 0.2024E-02 0.0000E+00
0.0000E+00 0.6122E-02 0.1734E-01 0.2967E-02 0.6984E-02 0.1209E-01 0.6861E-02 0.2079E-01 0.2844E-01 0.2387E-02 0.2791E-02 0.4120E-02 0.3538E-01 0.1548E-01 0.1680E-01 0.5428E-02 0.4295E-02 0.6690E-01 0.8154E-03 0.3118E-02 0.3798E-02 0.0000E+00
0.0000E+00 0.6628E-02 0.1865E-01 0.4586E-02 0.9460E-02 0.1480E-01 0.9571E-02 0.2291E-01 0.2871E-01 0.4076E-02 0.9337E-02 0.6588E-02 0.5518E-01 0.1696E-01 0.1947E-01 0.8316E-02 0.6544E-02 0.6721E-01 0.2082E-02 0.3591E-02 0.4713E-02 0.0000E+00
0.0000E+00 0.7784E-02 0.2028E-01 0.6316E-02 0.1221E-01 0.1749E-01 0.2942E-01 0.2537E-01 0.2839E-01 0.1922E-02 0.1224E-01 0.9460E-02 0.5800E-01 0.7084E-03 0.2182E-01 0.1074E-01 0.8827E-02 0.6940E-01 0.4844E-02 0.6500E-02 0.7152E-02 0.0000E+00
0.0000E+00 0.9022E-02 0.2216E-01 0.8403E-02 0.1493E-01 0.2748E-02 0.3186E-01 0.5981E-01 0.9072E-01 0.2374E-02 0.1474E-01 0.1206E-01 0.6075E-01 0.6069E-01 0.8495E-01 0.1260E-01 0.1049E-01 0.7137E-01 0.7737E-02 0.9389E-02 0.1005E-01 0.0000E+00
0.0000E+00 0.1099E-01 0.2453E-01 0.1098E-01 0.1742E-01 0.5536E-02 0.2772E-02 0.2761E-02 0.9628E-01 0.3491E-02 0.3516E-01 0.1758E-01 0.2890E-02 0.2907E-02 0.9055E-01 0.1048E+00 0.1165E-01 0.7090E-01 0.3567E-01 0.2512E-01 0.1292E-01 0.0000E+00
0.0000E+00 0.1302E-01 0.3972E-01 0.1354E-01 0.2029E-01 0.6787E-02 0.5515E-02 0.2771E-02 0.9903E-01 0.5288E-02 0.3783E-01 0.2631E-02 0.6722E-03 0.1547E-02 0.4327E-02 0.1118E+00 0.1455E-01 0.7315E-01 0.3801E-01 0.2895E-02 0.2920E-02 0.0000E+00
0.0000E+00 0.2207E-02 0.4392E-01 0.1626E-01 0.2315E-01 0.9205E-02 0.5647E-02 0.3057E-02 0.1018E+00 0.8190E-02 0.4025E-01 0.2999E-02 0.1248E-02 0.2323E-02 0.2778E-02 0.1141E+00 0.1434E-01 0.7593E-01 0.4045E-01 0.5260E-02 0.3650E-02 0.0000E+00
0.0000E+00 0.6381E-03 0.4612E-01 0.1880E-01 0.2589E-01 0.1133E-01 0.6901E-02 0.4782E-02 0.1023E+00 0.1076E-01 0.4305E-01 0.1239E-01 0.6565E-02 0.4512E-02 0.6229E-02 0.1230E+00 0.1386E+00 0.7735E-01 0.4291E-01 0.6915E-02 0.4299E-02 0.0000E+00
0.0000E+00 0.1237E-02 0.4856E-01 0.6867E-01 0.2828E-01 0.2355E-01 0.9676E-02 0.7366E-02 0.1090E+00 0.1349E-01 0.6278E-01 0.1730E-01 0.2462E-02 0.1289E-02 0.6870E-03 0.2619E-02 0.1432E+00 0.7842E-01 0.4511E-01 0.9816E-02 0.7160E-02 0.0000E+00
0.0000E+00 0.3136E-02 0.1603E-02 0.7253E-01 0.3110E-01 0.2857E-01 0.2315E-02 0.2341E-02 0.1111E+00 0.1637E-01 0.6789E-01 0.3833E-02 0.1138E-02 0.5790E-03 0.6852E-03 0.1339E-02 0.1437E+00 0.8076E-01 0.4791E-01 0.1135E-01 0.8963E-02 0.0000E+00
0.0000E+00 0.4518E-02 0.1767E-02 0.7521E-01 0.3391E-01 0.2984E-01 0.7087E-03 0.2709E-02 0.1134E+00 0.1926E-01 0.7022E-01 0.1150E-02 0.7756E-03 0.5691E-03 0.6687E-03 0.2582E-02 0.2763E+00 0.1341E+00 0.5065E-01 0.1424E-01 0.1184E-01 0.0000E+00
0.0000E+00 0.5265E-02 0.3293E-02 0.7779E-01 0.3647E-01 0.3263E-01 0.2383E-02 0.6498E-02 0.1208E+00 0.2194E-01 0.7301E-01 0.3928E-02 0.1316E-02 0.1249E-02 0.1070E-02 0.3082E-02 0.2788E+00 0.2910E-02 0.2909E-02 0.1666E-01 0.1453E-01 0.0000E+00
0.0000E+00 0.7572E-02 0.4153E-02 0.1516E+00 0.7368E-01 0.3543E-01 0.2903E-02 0.5173E-02 0.1233E+00 0.1474E+00 0.7524E-01 0.6832E-02 0.1887E-02 0.1853E-02 0.3841E-02 0.3669E-02 0.2813E+00 0.5553E-02 0.3115E-02 0.1937E-01 0.1692E-01 0.0000E+00
0.0000E+00 0.9666E-02 0.6908E-02 0.1558E+00 0.2190E-02 0.2870E-02 0.4882E-02 0.6027E-02 0.1541E-02 0.1500E+00 0.7749E-01 0.9714E-02 0.4800E-02 0.3669E-02 0.6418E-02 0.5966E-02 0.2909E+00 0.7028E-02 0.4264E-02 0.2170E-01 0.1946E-01 0.0000E+00
0.0000E+00 0.1162E-01 0.9173E-02 0.1579E+00 0.7912E-03 0.6312E-03 0.6837E-02 0.6112E-02 0.2051E-02 0.1527E+00 0.8024E-01 0.1260E-01 0.7389E-02 0.6419E-02 0.8878E-02 0.6139E-02 0.2930E+00 0.2528E-02 0.6934E-02 0.2420E-01 0.2175E-01 0.0000E+00
0.0000E+00 0.1254E-01 0.1127E-01 0.1590E+00 0.1428E-02 0.1299E-02 0.7008E-02 0.7115E-02 0.4622E-02 0.1517E+00 0.8298E-01 0.9825E-01 0.1083E+00 0.9134E-02 0.1146E-01 0.7799E-02 0.2934E+00 0.3329E-02 0.8921E-02 0.2652E-01 0.2329E-01 0.0000E+00
0.0000E+00 0.1245E-01 0.1289E-01 0.1596E+00 0.1633E+00 0.1666E+00 0.1759E+00 0.9919E-02 0.7182E-02 0.1519E+00 0.2810E-02 0.2912E-02 0.1132E+00 0.1201E-01 0.2633E-01 0.1069E-01 0.2934E+00 0.4463E-02 0.9871E-02 0.2720E-01 0.2524E-01 0.0000E+00
0.0000E+00 0.1273E-01 0.1161E-01 0.1526E-02 0.1964E-02 0.2384E-02 0.1780E+00 0.1233E-01 0.9979E-02 0.1540E+00 0.5399E-02 0.2120E-02 0.1149E+00 0.1175E+00 0.1465E+00 0.1341E-01 0.2944E+00 0.5686E-02 0.1200E-01 0.2845E-01 0.2675E-01 0.0000E+00
0.0000E+00 0.1300E-01 0.1149E-01 0.2967E-02 0.3780E-02 0.4452E-02 0.1802E+00 0.1268E-01 0.1059E-01 0.1564E+00 0.7635E-02 0.5891E-02 0.1606E-02 0.1791E-02 0.1492E+00 0.1613E-01 0.2954E+00 0.7846E-02 0.1490E-01 0.2935E-01 0.2733E-01 0.0000E+00
0.0000E+00 0.1313E-01 0.1211E-01 0.4515E-02 0.6254E-02 0.1878E+00 0.1826E+00 0.1490E-01 0.1267E-01 0.1590E+00 0.9729E-02 0.8811E-02 0.7433E-03 0.7111E-03 0.1487E+00 0.1901E-01 0.2975E+00 0.9578E-02 0.1619E-01 0.2903E-01 0.2807E-01 0.0000E+00
0.0000E+00 0.1338E-01 0.1225E-01 0.5570E-02 0.7800E-02 0.1904E+00 0.1973E-02 0.1684E-01 0.3128E-01 0.1613E+00 0.1704E+00 0.1154E-01 0.1568E-02 0.1329E-02 0.1502E+00 0.2168E-01 0.2994E+00 0.1112E-01 0.1703E-01 0.3064E-01 0.2832E-01 0.0000E+00
0.0000E+00 0.1428E-01 0.1356E-01 0.7386E-02 0.8498E-02 0.1940E+00 0.1938E-02 0.7028E-03 0.3285E-01 0.1455E-02 0.1686E+00 0.1372E-01 0.1748E-01 0.2096E-02 0.1506E+00 0.2296E-01 0.3009E+00 0.1163E-01 0.4716E-01 0.3086E-01 0.2977E-01 0.0000E+00
0.0000E+00 0.1486E-01 0.1503E-01 0.8228E-02 0.1108E-01 0.1957E+00 0.8602E-03 0.1322E-02 0.3275E-01 0.2378E-02 0.1670E+00 0.2533E-02 0.2273E-01 0.1571E+00 0.1525E+00 0.2310E-01 0.3006E+00 0.1190E-01 0.4722E-01 0.2054E-02 0.3189E-01 0.0000E+00
0.0000E+00 0.1509E-01 0.1649E-01 0.8966E-02 0.1378E-01 0.1969E+00 0.9876E-03 0.3616E-02 0.3789E-01 0.4033E-01 0.1689E+00 0.2082E-02 0.2470E-01 0.1595E+00 0.2015E-02 0.2270E-01 0.3008E+00 0.1236E-01 0.4728E-01 0.4462E-02 0.3455E-01 0.0000E+00
0.0000E+00 0.1551E-01 0.1671E-01 0.8957E-02 0.1639E-01 0.1978E+00 0.1615E-02 0.1673E-02 0.2250E-02 0.4088E-01 0.1711E+00 0.2911E-02 0.2501E-01 0.1616E+00 0.4634E-02 0.3237E+00 0.3019E+00 0.1445E-01 0.6360E-01 0.7060E-01 0.1068E+00 0.0000E+00
0.0000E+00 0.1581E-01 0.1753E-01 0.1079E-01 0.1752E-01 0.1991E+00 0.3676E-02 0.4452E-02 0.4568E-02 0.4293E-01 0.1725E+00 0.4683E-02 0.3119E-01 0.1598E+00 0.6005E-02 0.3276E+00 0.4103E-02 0.1713E-02 0.1216E-02 0.7135E-03 0.1098E+00 0.0000E+00
0.0000E+00 0.1669E-01 0.1841E-01 0.1170E-01 0.1725E-01 0.2006E+00 0.5643E-02 0.6891E-02 0.5378E-02 0.4535E-01 0.1736E+00 0.2077E-02 0.3544E-01 0.1974E+00 0.3302E+00 0.3263E+00 0.1450E-02 0.7151E-03 0.6612E-03 0.1323E-02 0.1101E+00 0.0000E+00
0.0000E+00 0.4877E-01 0.3154E-01 0.1307E-01 0.1745E-01 0.2022E+00 0.7114E-02 0.9034E-02 0.5323E-01 0.4715E-01 0.1737E+00 0.1635E-02 0.1411E-02 0.2014E+00 0.3314E+00 0.1533E-02 0.2083E-02 0.7081E-03 0.7032E-03 0.1901E-02 0.1090E+00 0.0000E+00
0.0000E+00 0.5126E-01 0.2338E-02 0.1553E-02 0.1921E-01 0.2037E+00 0.8768E-02 0.1026E-01 0.5547E-01 0.2045E-02 0.1761E+00 0.4397E-02 0.1090E-02 0.2040E+00 0.3339E+00 0.3087E-02 0.3215E-02 0.1369E-02 0.1362E-02 0.3044E-02 0.1117E+00 0.0000E+00
0.0000E+00 0.5123E-01 0.7350E-03 0.7402E-03 0.2073E-01 0.2029E+00 0.9222E-02 0.1082E-01 0.5552E-01 0.1323E-02 0.1756E+00 0.6977E-02 0.1664E-02 0.2064E+00 0.5421E+00 0.4359E-02 0.4616E-02 0.4254E-02 0.2477E-02 0.4019E-02 0.1140E+00 0.0000E+00
0.0000E+00 0.5181E-01 0.1303E-02 0.1411E-02 0.2263E-01 0.2020E+00 0.1136E-01 0.1203E-01 0.5707E-01 0.2468E-02 0.1758E+00 0.9403E-02 0.3482E-03 0.1246E-02 0.5429E+00 0.5287E-02 0.6927E-02 0.1140E-01 0.4915E-02 0.1215E+00 0.1160E+00 0.0000E+00
0.0000E+00 0.5242E-01 0.1870E-02 0.3665E-02 0.2418E+00 0.2176E+00 0.1358E-01 0.1420E-01 0.7783E-01 0.4741E-02 0.1778E+00 0.1000E-01 0.1022E-02 0.1924E-02 0.5444E+00 0.5505E+00 0.5572E+00 0.1409E-01 0.2384E-02 0.1237E+00 0.2888E-02 0.0000E+00
0.0000E+00 0.5232E-01 0.5635E-01 0.6238E-02 0.2434E+00 0.1636E-02 0.2354E-02 0.1585E-02 0.8158E-01 0.1720E-02 0.1803E+00 0.1140E-01 0.1705E-02 0.3611E-02 0.8255E-03 0.1635E-02 0.5564E+00 0.1409E-01 0.4856E-02 0.1253E+00 0.2219E-02 0.0000E+00
0.0000E+00 0.1555E-02 0.6010E-01 0.6853E-01 0.2447E+00 0.3809E-02 0.2802E-02 0.1026E-02 0.8392E-01 0.2799E-02 0.1826E+00 0.1388E-01 0.2595E-02 0.5744E-02 0.1322E-02 0.7069E-03 0.5588E+00 0.1672E-01 0.6666E-02 0.1240E+00 0.4451E-02 0.0000E+00
0.0000E+00 0.8217E-03 0.1623E-02 0.7054E-01 0.2457E+00 0.2499E+00 0.2526E+00 0.2885E-02 0.8400E-01 0.4685E-02 0.1898E+00 0.1677E-01 0.4657E-02 0.6295E-02 0.1188E-02 0.6382E-03 0.5613E+00 0.5804E+00 0.9122E-02 0.1224E+00 0.5605E-02 0.0000E+00
0.0000E+00 0.1456E-02 0.1103E-02 0.7167E-01 0.1356E-02 0.2493E-02 0.2575E+00 0.8617E-01 0.8292E-01 0.9389E-03 0.1917E+00 0.1930E-01 0.5869E-02 0.6843E-02 0.1817E-02 0.6485E-03 0.1012E-02 0.5838E+00 0.1008E-01 0.1212E+00 0.6217E-02 0.0000E+00
0.0000E+00 0.2063E-02 0.1742E-02 0.7133E-01 0.1158E-02 0.1473E-02 0.3502E+00 0.9027E-01 0.1604E-02 0.1607E-02 0.1901E+00 0.1992E-01 0.6421E-02 0.7495E-02 0.2406E-02 0.1282E-02 0.7107E-03 0.5836E+00 0.1132E-01 0.1345E+00 0.6724E-02 0.0000E+00
0.0000E+00 0.2966E-02 0.3772E-02 0.7188E-01 0.1861E-02 0.2661E-02 0.3547E+00 0.2216E-02 0.8077E-03 0.2953E-02 0.1879E+00 0.1998E-01 0.6689E-02 0.8399E-02 0.2777E-02 0.6044E-02 0.1347E-02 0.5810E+00 0.7102E-03 0.1373E+00 0.6977E-02 0.0000E+00
0.0000E+00 0.3508E-02 0.8208E-02 0.8064E-01 0.3201E-02 0.4085E-02 0.3566E+00 0.2638E-02 0.7678E-03 0.4727E-02 0.1894E+00 0.2908E-01 0.7210E-02 0.8877E-02 0.7218E-03 0.9012E-02 0.1221E-01 0.5820E+00 0.6738E-03 0.1393E+00 0.9868E-02 0.0000E+00
0.0000E+00 0.8386E-03 0.8978E-03 0.8039E-01 0.4292E-02 0.4515E-02 0.3704E+00 0.1211E-01 0.7082E-02 0.5875E-02 0.1905E+00 0.4186E-01 0.1075E-01 0.8959E-02 0.6641E-03 0.6873E-03 0.1275E-01 0.5828E+00 0.2288E-02 0.1412E+00 0.1242E-01 0.0000E+00
0.0000E+00 0.1584E-02 0.1628E-02 0.7985E-01 0.5668E-02 0.3792E+00 0.3748E+00 0.2696E-02 0.7430E-03 0.9329E-03 0.1912E+00 0.4307E-01 0.1494E-02 0.7430E-03 0.1316E-02 0.1260E-02 0.1367E-01 0.5850E+00 0.1404E+00 0.1399E+00 0.1475E-01 0.0000E+00
0.0000E+00 0.2317E-02 0.2509E-02 0.7921E-01 0.7670E-02 0.3819E+00 0.3419E-02 0.1411E-02 0.7454E-03 0.7636E-03 0.1899E+00 0.4335E-01 0.2261E-02 0.1428E-02 0.1933E-02 0.7393E+00 0.7411E+00 0.7289E+00 0.1432E+00 0.1380E-02 0.1642E-01 0.0000E+00
0.0000E+00 0.3287E-02 0.3472E-02 0.4709E+00 0.3923E+00 0.3842E+00 0.1613E-02 0.6046E-03 0.1406E-02 0.1426E-02 0.1878E+00 0.4457E-01 0.2903E-02 0.2009E-02 0.7367E+00 0.7382E+00 0.5910E-03 0.1621E-02 0.1231E-02 0.6069E-03 0.1573E-01 0.0000E+00
0.0000E+00 0.4344E-02 0.4782E+00 0.4747E+00 0.3215E-02 0.1507E-02 0.1509E-02 0.1180E-02 0.1988E-02 0.2045E-02 0.1858E+00 0.2314E+00 0.3774E-02 0.2961E-02 0.7377E+00 0.1811E-02 0.6842E-03 0.3051E-02 0.5307E-02 0.6642E-03 0.1542E-01 0.0000E+00
0.0000E+00 0.4790E+00 0.4770E+00 0.1150E-02 0.1738E-02 0.1305E-02 0.2988E-02 0.1799E-02 0.2597E-02 0.2731E-02 0.7413E-03 0.2318E+00 0.5957E-02 0.4710E-02 0.7359E+00 0.2348E-02 0.7192E-03 0.7043E-03 0.6611E-02 0.8388E-03 0.1503E-01 0.0000E+00
0.0000E+00 0.4767E+00 0.8090E-03 0.1041E-02 0.3656E-02 0.1912E-02 0.3689E-02 0.3795E-02 0.4935E-02 0.3806E-02 0.1393E-02 0.2330E+00 0.7966E-02 0.5917E-02 0.7349E+00 0.3051E-02 0.1388E-02 0.7012E-03 0.7443E-02 0.1462E-02 0.1477E-01 0.0000E+00
0.0000E+00 0.4740E+00 0.1651E-02 0.1970E-02 0.5453E-02 0.4385E-02 0.5879E-02 0.6047E-02 0.7150E-02 0.5670E-02 0.4117E-02 0.2317E+00 0.9922E-02 0.6788E-02 0.7318E+00 0.5666E-02 0.3134E-02 0.1281E-02 0.7633E-02 0.2301E-02 0.1448E-01 0.0000E+00
0.0000E+00 0.4718E+00 0.2334E-02 0.3039E-02 0.5602E-02 0.6618E-02 0.2632E-01 0.1807E-01 0.9835E-02 0.8150E-02 0.6555E-02 0.2334E+00 0.7515E+00 0.7400E+00 0.7330E+00 0.8332E-02 0.1747E-01 0.1212E-01 0.8293E-02 0.1752E-01 0.1477E-01 0.0000E+00
0.0000E+00 0.4691E+00 0.3102E-02 0.4255E-02 0.5885E-02 0.7864E-02 0.3063E-01 0.2041E-02 0.2041E-02 0.1274E-01 0.8216E-02 0.2345E+00 0.7564E+00 0.3836E-02 0.1922E-02 0.1066E-01 0.2172E-01 0.2513E-02 0.8602E-03 0.1735E-01 0.1428E-02 0.0000E+00
0.0000E+00 0.4679E+00 0.4697E+00 0.4799E+00 0.8243E-02 0.1052E-01 0.3493E-01 0.2227E-02 0.1439E-02 0.1695E-01 0.1039E-01 0.2337E+00 0.7573E+00 0.9613E-03 0.7587E-03 0.3521E-01 0.2359E-01 0.9899E-03 0.1705E-02 0.1912E-01 0.2095E-02 0.0000E+00
0.0000E+00 0.9695E-03 0.7554E-03 0.4781E+00 0.2341E-02 0.1325E-01 0.3906E-01 0.1881E-02 0.9030E-03 0.2057E-01 0.1262E-01 0.2326E+00 0.7568E+00 0.7455E-03 0.1355E-02 0.3459E-01 0.8754E-03 0.7944E-03 0.2602E-02 0.2082E-01 0.8247E-03 0.0000E+00
0.0000E+00 0.7487E-03 0.1269E-02 0.4790E+00 0.3584E-02 0.1593E-01 0.4369E-01 0.1952E-02 0.5857E-03 0.2385E-01 0.1516E-01 0.2337E+00 0.7568E+00 0.1321E-02 0.1955E-02 0.3743E-01 0.1313E-02 0.1922E-02 0.3331E-02 0.2117E-01 0.6913E-03 0.0000E+00
0.0000E+00 0.0000E+00 0.0000E+00 0.0000E+00 0.0000E+00 0.0000E+00 0.0000E+00 0.0000E+00 0.0000E+00 0.0000E+00 0.0000E+00 0.0000E+00 0.0000E+00 0.0000E+00 0.0000E+00 0.0000E+00 0.0000E+00 0.0000E+00 0.0000E+00 0.0000E+00 0.0000E+00 0.0000E+00
