p4_rainE_lowsm_dschg.asc
ncols     22
nrows     62
xllcorner      0.00000000
yllcorner      0.00000000
cellsize      0.50000000
nodata_value -9999
0.0000E+00 0.0000E+00 0.0000E+00 0.0000E+00 0.0000E+00 0.0000E+00 0.0000E+00 0.0000E+00 0.0000E+00 0.0000E+00 0.0000E+00 0.0000E+00 0.0000E+00 0.0000E+00 0.0000E+00 0.0000E+00 0.0000E+00 0.0000E+00 0.0000E+00 0.0000E+00 0.0000E+00 0.0000E+00
0.0000E+00 0.3472E-04 0.2126E-04 0.5267E-04 0.9034E-04 0.3008E-03 0.1532E-03 0.2617E-03 0.7808E-05 0.8736E-04 0.5701E-03 0.2576E-03 0.4588E-03 0.2370E-03 0.3065E-03 0.2587E-03 0.3847E-03 0.1097E-03 0.6024E-04 0.2891E-04 0.6793E-04 0.0000E+00
0.0000E+00 0.2041E-04 0.4455E-04 0.4495E-05 0.2768E-03 0.1002E-02 0.1513E-02 0.4217E-03 0.6226E-08 0.3168E-03 0.8391E-03 0.3697E-03 0.1646E-02 0.3957E-03 0.1361E-03 0.1206E-02 0.2996E-02 0.1360E-02 0.1587E-05 0.2198E-04 0.1600E-03 0.0000E+00
0.0000E+00 0.2929E-04 0.4651E-04 0.2873E-04 0.1291E-05 0.6695E-03 0.1910E-02 0.2052E-02 0.5178E-05 0.6065E-03 0.4702E-03 0.0000E+00 0.2680E-02 0.3729E-03 0.1083E-03 0.2279E-02 0.4066E-02 0.0000E+00 0.0000E+00 0.7772E-03 0.1052E-02 0.0000E+00
0.0000E+00 0.7254E-06 0.1060E-04 0.4087E-04 0.1313E-06 0.1297E-02 0.0000E+00 0.1464E-02 0.5359E-03 0.1161E-02 0.8958E-03 0.2421E-03 0.3324E-02 0.1371E-02 0.8094E-04 0.2720E-02 0.7733E-02 0.6770E-02 0.1840E-02 0.2244E-02 0.1938E-02 0.0000E+00
0.0000E+00 0.5509E-04 0.1884E-03 0.3977E-03 0.2922E-03 0.1162E-02 0.0000E+00 0.1223E-02 0.1009E-02 0.2048E-02 0.9749E-03 0.5644E-04 0.4572E-02 0.2621E-02 0.2252E-03 0.0000E+00 0.2536E-03 0.8244E-02 0.1224E-01 0.9192E-03 0.1576E-03 0.0000E+00
0.0000E+00 0.5945E-04 0.4429E-03 0.1451E-03 0.5637E-04 0.1619E-02 0.5928E-03 0.1326E-02 0.1506E-02 0.2334E-02 0.5418E-03 0.6685E-03 0.6186E-02 0.3779E-02 0.1249E-02 0.0000E+00 0.0000E+00 0.1251E-02 0.1349E-01 0.1897E-03 0.4177E-04 0.0000E+00
0.0000E+00 0.2229E-03 0.5238E-03 0.0000E+00 0.1342E-04 0.1642E-02 0.1057E-02 0.1319E-02 0.4480E-02 0.2448E-02 0.2533E-04 0.1151E-02 0.7117E-02 0.5030E-02 0.2499E-02 0.8761E-06 0.0000E+00 0.6348E-03 0.1617E-01 0.1441E-02 0.1394E-05 0.0000E+00
0.0000E+00 0.2269E-03 0.6334E-03 0.2386E-05 0.9459E-03 0.1951E-02 0.4206E-03 0.7462E-03 0.5280E-02 0.9860E-04 0.1197E-04 0.7120E-03 0.7250E-02 0.4186E-02 0.3471E-02 0.1005E-03 0.9378E-05 0.1744E-01 0.1656E-01 0.1251E-02 0.1251E-02 0.0000E+00
0.0000E+00 0.1196E-03 0.8824E-03 0.2258E-03 0.1970E-02 0.2013E-02 0.2178E-03 0.1177E-02 0.5930E-02 0.8313E-03 0.1502E-03 0.4499E-03 0.7609E-02 0.2837E-02 0.4718E-02 0.1351E-02 0.9002E-03 0.1750E-01 0.0000E+00 0.3479E-03 0.1064E-02 0.0000E+00
0.0000E+00 0.1464E-03 0.1138E-02 0.5566E-03 0.2872E-02 0.3178E-02 0.1399E-02 0.1908E-02 0.5080E-02 0.9832E-03 0.2102E-02 0.1387E-02 0.1292E-01 0.4065E-02 0.5849E-02 0.2601E-02 0.2150E-02 0.1640E-01 0.1147E-03 0.2112E-03 0.7973E-03 0.0000E+00
0.0000E+00 0.2325E-03 0.1468E-02 0.8896E-03 0.4074E-02 0.4342E-02 0.6536E-02 0.2880E-02 0.4239E-02 0.2502E-03 0.3352E-02 0.2636E-02 0.1417E-01 0.1251E-02 0.6637E-02 0.3428E-02 0.2848E-02 0.1708E-01 0.1302E-02 0.1459E-02 0.2042E-02 0.0000E+00
0.0000E+00 0.4247E-03 0.1921E-02 0.1491E-02 0.5238E-02 0.1172E-02 0.7468E-02 0.1148E-01 0.1682E-01 0.1528E-04 0.4347E-02 0.3704E-02 0.1541E-01 0.1790E-01 0.2537E-01 0.3823E-02 0.2838E-02 0.1749E-01 0.2552E-02 0.2709E-02 0.3292E-02 0.0000E+00
0.0000E+00 0.1021E-02 0.2771E-02 0.2482E-02 0.6116E-02 0.2423E-02 0.1251E-02 0.1175E-02 0.1924E-01 0.1265E-02 0.1180E-01 0.6205E-02 0.1251E-02 0.1251E-02 0.2787E-01 0.3293E-01 0.2594E-02 0.1595E-01 0.1229E-01 0.8496E-02 0.4540E-02 0.0000E+00
0.0000E+00 0.1505E-02 0.4977E-02 0.3473E-02 0.7363E-02 0.3674E-02 0.2404E-02 0.1155E-02 0.2049E-01 0.2516E-02 0.1293E-01 0.9473E-03 0.0000E+00 0.1730E-03 0.1355E-02 0.3553E-01 0.3836E-02 0.1669E-01 0.1296E-01 0.1251E-02 0.1251E-02 0.0000E+00
0.0000E+00 0.6490E-03 0.6055E-02 0.4651E-02 0.8614E-02 0.4924E-02 0.1301E-02 0.4604E-03 0.2174E-01 0.3766E-02 0.1378E-01 0.2874E-03 0.4081E-05 0.7394E-03 0.1180E-02 0.3625E-01 0.2796E-02 0.1794E-01 0.1421E-01 0.2032E-02 0.4987E-03 0.0000E+00
0.0000E+00 0.0000E+00 0.6860E-02 0.5641E-02 0.9864E-02 0.6174E-02 0.1281E-02 0.7434E-03 0.2085E-01 0.4731E-02 0.1503E-01 0.2046E-02 0.5179E-03 0.5756E-03 0.2429E-02 0.3992E-01 0.4229E-01 0.1790E-01 0.1505E-01 0.2058E-02 0.2555E-03 0.0000E+00
0.0000E+00 0.1963E-04 0.7866E-02 0.1363E-01 0.1065E-01 0.9579E-02 0.2530E-02 0.1993E-02 0.2112E-01 0.5893E-02 0.1961E-01 0.3713E-02 0.8603E-03 0.7935E-05 0.0000E+00 0.1039E-02 0.4381E-01 0.1766E-01 0.1576E-01 0.3304E-02 0.1503E-02 0.0000E+00
0.0000E+00 0.3398E-03 0.2261E-03 0.1470E-01 0.1189E-01 0.1158E-01 0.7553E-03 0.4810E-03 0.2188E-01 0.7143E-02 0.2212E-01 0.1268E-02 0.8589E-04 0.0000E+00 0.0000E+00 0.0000E+00 0.4125E-01 0.1856E-01 0.1700E-01 0.4555E-02 0.1870E-02 0.0000E+00
0.0000E+00 0.4594E-03 0.3224E-03 0.1595E-01 0.1314E-01 0.1111E-01 0.0000E+00 0.1379E-03 0.2269E-01 0.8393E-02 0.2337E-01 0.9414E-04 0.0000E+00 0.6387E-07 0.0000E+00 0.0000E+00 0.7627E-01 0.3805E-01 0.1825E-01 0.5805E-02 0.3119E-02 0.0000E+00
0.0000E+00 0.4481E-03 0.5540E-03 0.1707E-01 0.1423E-01 0.1234E-01 0.1251E-02 0.1248E-02 0.2341E-01 0.9518E-02 0.2462E-01 0.1345E-02 0.0000E+00 0.8223E-11 0.7058E-04 0.0000E+00 0.7738E-01 0.1251E-02 0.1251E-02 0.6622E-02 0.4224E-02 0.0000E+00
0.0000E+00 0.1232E-02 0.4685E-03 0.4355E-01 0.2791E-01 0.1359E-01 0.1251E-02 0.2501E-02 0.2463E-01 0.3540E-01 0.2517E-01 0.2596E-02 0.1251E-02 0.7455E-05 0.1243E-02 0.3916E-04 0.7856E-01 0.2290E-02 0.4062E-03 0.7781E-02 0.5086E-02 0.0000E+00
0.0000E+00 0.1898E-02 0.1649E-02 0.4459E-01 0.5203E-03 0.1251E-02 0.2502E-02 0.1495E-02 0.1054E-03 0.3665E-01 0.2641E-01 0.3846E-02 0.2502E-02 0.1258E-02 0.2216E-02 0.7539E-03 0.8335E-01 0.3539E-02 0.4661E-03 0.8538E-02 0.6031E-02 0.0000E+00
0.0000E+00 0.2434E-02 0.2279E-02 0.4525E-01 0.0000E+00 0.0000E+00 0.2808E-02 0.5966E-03 0.4776E-04 0.3790E-01 0.2766E-01 0.5096E-02 0.3440E-02 0.2407E-02 0.3099E-02 0.2141E-03 0.8406E-01 0.9281E-03 0.1557E-02 0.9464E-02 0.6745E-02 0.0000E+00
0.0000E+00 0.1798E-02 0.2783E-02 0.4486E-01 0.0000E+00 0.9649E-05 0.1821E-02 0.3804E-03 0.1066E-02 0.3528E-01 0.2891E-01 0.3525E-01 0.3993E-01 0.3657E-02 0.4083E-02 0.5714E-03 0.8261E-01 0.5616E-03 0.1898E-02 0.1018E-01 0.6780E-02 0.0000E+00
0.0000E+00 0.1312E-02 0.2874E-02 0.4380E-01 0.4465E-01 0.4546E-01 0.4836E-01 0.1628E-02 0.2316E-02 0.3436E-01 0.1251E-02 0.1251E-02 0.4166E-01 0.4907E-02 0.1024E-01 0.1822E-02 0.8374E-01 0.5129E-03 0.1700E-02 0.9548E-02 0.7320E-02 0.0000E+00
0.0000E+00 0.8920E-03 0.2117E-02 0.1441E-03 0.5093E-03 0.7923E-03 0.4913E-01 0.2381E-02 0.3567E-02 0.3555E-01 0.2231E-02 0.6038E-03 0.4168E-01 0.4292E-01 0.5440E-01 0.2981E-02 0.8337E-01 0.6050E-03 0.2300E-02 0.9280E-02 0.7405E-02 0.0000E+00
0.0000E+00 0.4421E-03 0.1461E-02 0.3193E-03 0.8521E-03 0.1275E-02 0.4996E-01 0.1711E-02 0.2721E-02 0.3669E-01 0.2827E-02 0.1347E-02 0.5713E-04 0.1806E-03 0.5379E-01 0.4149E-02 0.8283E-01 0.1277E-02 0.3550E-02 0.1051E-01 0.6732E-02 0.0000E+00
0.0000E+00 0.1076E-03 0.1252E-02 0.4753E-03 0.1795E-02 0.5139E-01 0.5119E-01 0.2949E-02 0.3226E-02 0.3793E-01 0.4075E-02 0.2597E-02 0.7996E-06 0.0000E+00 0.5155E-01 0.5400E-02 0.8401E-01 0.1552E-02 0.3420E-02 0.8942E-02 0.6281E-02 0.0000E+00
0.0000E+00 0.1299E-04 0.8934E-03 0.3783E-03 0.1771E-02 0.5114E-01 0.4507E-03 0.3246E-02 0.6804E-02 0.3903E-01 0.4099E-01 0.3768E-02 0.2468E-04 0.0000E+00 0.5147E-01 0.6536E-02 0.8466E-01 0.1668E-02 0.3036E-02 0.8985E-02 0.5652E-02 0.0000E+00
0.0000E+00 0.1097E-03 0.8787E-03 0.6527E-03 0.1594E-02 0.5177E-01 0.3275E-03 0.0000E+00 0.6861E-02 0.1157E-03 0.3779E-01 0.4382E-02 0.5142E-02 0.2957E-05 0.5036E-01 0.6318E-02 0.8488E-01 0.1439E-02 0.9555E-02 0.8256E-02 0.5698E-02 0.0000E+00
0.0000E+00 0.1262E-03 0.9886E-03 0.3549E-03 0.2608E-02 0.5109E-01 0.3229E-04 0.0000E+00 0.5873E-02 0.1019E-03 0.3516E-01 0.9274E-03 0.7233E-02 0.5279E-01 0.5155E-01 0.5171E-02 0.8309E-01 0.8372E-03 0.8814E-02 0.5719E-03 0.6399E-02 0.0000E+00
0.0000E+00 0.1192E-03 0.1180E-02 0.1295E-03 0.3766E-02 0.5102E-01 0.0000E+00 0.7347E-03 0.6811E-02 0.6097E-02 0.3581E-01 0.5145E-03 0.7644E-02 0.5388E-01 0.5071E-03 0.4082E-02 0.8151E-01 0.6713E-03 0.8050E-02 0.1461E-02 0.7568E-02 0.0000E+00
0.0000E+00 0.1365E-03 0.7982E-03 0.2800E-05 0.4839E-02 0.5049E-01 0.9618E-08 0.2668E-03 0.7468E-03 0.5633E-02 0.3670E-01 0.3656E-03 0.6454E-02 0.5452E-01 0.1553E-02 0.8273E-01 0.8141E-01 0.1229E-02 0.8989E-02 0.1158E-01 0.1928E-01 0.0000E+00
0.0000E+00 0.1296E-03 0.7968E-03 0.3362E-03 0.4243E-02 0.5033E-01 0.4736E-03 0.1453E-02 0.1460E-02 0.6282E-02 0.3686E-01 0.6775E-03 0.7142E-02 0.5106E-01 0.1181E-02 0.8203E-01 0.1026E-02 0.2352E-03 0.9175E-04 0.1405E-08 0.2021E-01 0.0000E+00
0.0000E+00 0.2613E-03 0.8136E-03 0.3905E-03 0.2993E-02 0.5030E-01 0.9686E-03 0.2310E-02 0.1035E-02 0.7276E-02 0.3664E-01 0.4225E-03 0.8172E-02 0.6014E-01 0.7791E-01 0.7973E-01 0.1677E-04 0.0000E+00 0.0000E+00 0.0000E+00 0.1862E-01 0.0000E+00
0.0000E+00 0.1307E-02 0.1143E-02 0.6384E-03 0.2015E-02 0.5061E-01 0.1141E-02 0.2906E-02 0.8354E-02 0.7737E-02 0.3570E-01 0.1752E-03 0.1130E-03 0.6150E-01 0.7896E-01 0.4814E-04 0.4401E-05 0.7369E-07 0.0000E+00 0.0000E+00 0.1691E-01 0.0000E+00
0.0000E+00 0.1040E-02 0.6238E-04 0.1213E-03 0.2434E-02 0.5072E-01 0.1326E-02 0.2802E-02 0.8270E-02 0.5713E-03 0.3676E-01 0.1357E-02 0.5450E-04 0.6185E-01 0.8021E-01 0.1299E-02 0.5796E-04 0.1016E-04 0.1023E-05 0.1123E-03 0.1807E-01 0.0000E+00
0.0000E+00 0.7498E-03 0.0000E+00 0.0000E+00 0.2655E-02 0.4866E-01 0.1014E-02 0.2246E-02 0.7635E-02 0.9042E-04 0.3503E-01 0.2383E-02 0.1464E-03 0.6087E-01 0.1415E+00 0.9190E-03 0.1996E-03 0.1261E-02 0.1252E-02 0.1274E-03 0.1895E-01 0.0000E+00
0.0000E+00 0.7258E-03 0.4618E-09 0.1936E-04 0.3197E-02 0.4684E-01 0.1683E-02 0.2266E-02 0.7906E-02 0.2268E-03 0.3420E-01 0.3151E-02 0.0000E+00 0.9632E-04 0.1408E+00 0.8154E-03 0.9354E-03 0.3972E-02 0.2113E-02 0.1980E-01 0.1970E-01 0.0000E+00
0.0000E+00 0.7374E-03 0.4007E-14 0.7836E-03 0.5359E-01 0.5005E-01 0.2454E-02 0.2879E-02 0.1230E-01 0.9857E-03 0.3495E-01 0.2361E-02 0.0000E+00 0.2756E-04 0.1411E+00 0.1416E+00 0.1406E+00 0.5107E-02 0.8860E-03 0.1924E-01 0.1249E-02 0.0000E+00
0.0000E+00 0.5352E-03 0.1370E-02 0.1766E-02 0.5385E-01 0.2103E-03 0.7418E-03 0.1547E-03 0.1326E-01 0.1304E-03 0.3619E-01 0.3591E-02 0.3507E-04 0.6266E-04 0.3697E-04 0.2259E-03 0.1373E+00 0.4053E-02 0.1773E-02 0.1956E-01 0.6262E-03 0.0000E+00
0.0000E+00 0.2707E-03 0.2535E-02 0.5173E-02 0.5341E-01 0.8818E-03 0.2166E-03 0.3477E-04 0.1417E-01 0.1634E-03 0.3725E-01 0.4471E-02 0.6606E-04 0.1898E-03 0.1017E-03 0.0000E+00 0.1378E+00 0.5130E-02 0.1988E-02 0.1709E-01 0.1341E-02 0.0000E+00
0.0000E+00 0.1042E-04 0.2525E-03 0.4874E-02 0.5318E-01 0.5314E-01 0.5185E-01 0.2701E-03 0.1289E-01 0.5652E-03 0.3905E-01 0.5720E-02 0.5879E-03 0.1147E-03 0.0000E+00 0.0000E+00 0.1385E+00 0.1449E+00 0.3236E-02 0.1461E-01 0.1247E-02 0.0000E+00
0.0000E+00 0.1010E-07 0.0000E+00 0.4282E-02 0.1497E-03 0.8161E-03 0.5380E-01 0.1254E-01 0.1110E-01 0.1010E-04 0.3972E-01 0.6562E-02 0.6463E-03 0.1146E-03 0.4486E-06 0.0000E+00 0.1315E-04 0.1462E+00 0.4487E-02 0.1277E-01 0.7925E-03 0.0000E+00
0.0000E+00 0.3052E-04 0.0000E+00 0.3544E-02 0.5558E-04 0.1507E-03 0.6900E-01 0.1394E-01 0.1572E-03 0.7442E-08 0.3641E-01 0.5728E-02 0.3796E-03 0.5754E-04 0.6311E-10 0.2281E-05 0.0000E+00 0.1444E+00 0.4254E-02 0.1785E-01 0.3603E-03 0.0000E+00
0.0000E+00 0.5619E-04 0.4913E-03 0.3265E-02 0.1674E-04 0.2032E-03 0.7072E-01 0.6492E-03 0.0000E+00 0.1532E-04 0.3332E-01 0.4736E-02 0.1249E-03 0.1604E-03 0.6119E-05 0.5924E-03 0.1286E-05 0.1400E+00 0.0000E+00 0.1866E-01 0.1809E-03 0.0000E+00
0.0000E+00 0.3659E-04 0.4934E-03 0.3612E-02 0.1948E-03 0.4029E-03 0.7150E-01 0.1030E-02 0.3519E-04 0.4245E-03 0.3371E-01 0.5321E-02 0.7834E-04 0.1298E-03 0.5033E-04 0.1366E-02 0.1748E-02 0.1397E+00 0.1027E-04 0.1919E-01 0.1428E-02 0.0000E+00
0.0000E+00 0.2626E-04 0.6684E-04 0.3041E-02 0.2188E-03 0.2071E-03 0.7436E-01 0.2243E-02 0.3570E-03 0.4948E-03 0.3361E-01 0.6475E-02 0.5860E-03 0.9470E-04 0.1569E-04 0.0000E+00 0.1350E-02 0.1392E+00 0.5701E-04 0.2001E-01 0.2375E-02 0.0000E+00
0.0000E+00 0.9028E-05 0.2948E-04 0.2347E-02 0.4462E-03 0.7366E-01 0.7509E-01 0.3573E-03 0.1068E-04 0.6501E-04 0.3232E-01 0.6270E-02 0.2543E-03 0.0000E+00 0.1513E-07 0.2415E-04 0.1214E-02 0.1403E+00 0.1918E-01 0.1795E-01 0.3205E-02 0.0000E+00
0.0000E+00 0.2540E-05 0.3551E-04 0.1722E-02 0.1005E-02 0.7247E-01 0.6200E-03 0.8322E-04 0.2824E-06 0.0000E+00 0.3035E-01 0.5675E-02 0.2034E-03 0.2547E-05 0.4006E-14 0.1536E+00 0.1578E+00 0.1594E+00 0.1942E-01 0.7514E-04 0.3164E-02 0.0000E+00
0.0000E+00 0.7280E-04 0.7530E-04 0.7178E-01 0.7205E-01 0.7168E-01 0.2061E-03 0.0000E+00 0.5711E-10 0.0000E+00 0.2731E-01 0.5658E-02 0.8615E-04 0.3052E-08 0.1462E+00 0.1507E+00 0.0000E+00 0.2298E-03 0.1831E-08 0.1023E-05 0.2121E-02 0.0000E+00
0.0000E+00 0.8523E-04 0.7043E-01 0.7169E-01 0.5161E-03 0.2245E-03 0.1953E-03 0.0000E+00 0.0000E+00 0.0000E+00 0.2474E-01 0.3045E-01 0.1518E-03 0.4047E-04 0.1459E+00 0.7777E-04 0.0000E+00 0.3941E-03 0.1777E-03 0.1404E-05 0.1045E-02 0.0000E+00
0.0000E+00 0.6413E-01 0.6725E-01 0.7746E-04 0.3471E-03 0.1104E-03 0.2380E-03 0.1334E-04 0.1796E-04 0.2037E-04 0.0000E+00 0.2960E-01 0.7020E-03 0.3893E-03 0.1430E+00 0.2682E-04 0.0000E+00 0.1609E-05 0.1100E-03 0.0000E+00 0.2438E-03 0.0000E+00
0.0000E+00 0.6085E-01 0.5115E-04 0.3782E-04 0.8018E-03 0.1230E-03 0.1265E-03 0.5734E-03 0.7719E-03 0.7371E-04 0.3009E-04 0.2948E-01 0.1150E-02 0.4668E-03 0.1403E+00 0.6450E-04 0.0000E+00 0.0000E+00 0.1391E-03 0.1105E-04 0.6360E-06 0.0000E+00
0.0000E+00 0.5773E-01 0.3381E-04 0.8615E-04 0.1011E-02 0.1012E-02 0.8178E-03 0.1280E-02 0.1473E-02 0.5614E-03 0.1208E-02 0.2747E-01 0.1621E-02 0.4004E-03 0.1364E+00 0.1075E-02 0.3127E-03 0.6259E-05 0.2036E-04 0.3001E-05 0.1968E-04 0.0000E+00
0.0000E+00 0.5447E-01 0.1372E-04 0.1216E-03 0.4470E-03 0.1670E-02 0.6191E-02 0.4554E-02 0.2625E-02 0.1204E-02 0.2085E-02 0.2806E-01 0.1390E+00 0.1366E+00 0.1368E+00 0.2227E-02 0.2091E-02 0.1076E-02 0.6411E-04 0.1293E-03 0.9002E-04 0.0000E+00
0.0000E+00 0.5114E-01 0.3179E-04 0.2207E-03 0.1472E-03 0.1550E-02 0.7435E-02 0.5070E-03 0.4822E-03 0.2641E-02 0.2268E-02 0.2800E-01 0.1399E+00 0.8792E-03 0.5070E-03 0.3005E-02 0.3382E-02 0.8949E-03 0.0000E+00 0.2429E-06 0.1725E-03 0.0000E+00
0.0000E+00 0.4837E-01 0.4631E-01 0.4438E-01 0.1023E-02 0.2664E-02 0.8684E-02 0.6749E-03 0.1251E-03 0.3972E-02 0.2929E-02 0.2620E-01 0.1388E+00 0.5652E-04 0.5274E-07 0.5402E-02 0.3251E-02 0.4810E-04 0.3898E-04 0.3168E-04 0.7598E-04 0.0000E+00
0.0000E+00 0.4278E-04 0.2166E-04 0.4114E-01 0.7644E-03 0.3837E-02 0.9576E-02 0.2920E-03 0.9994E-05 0.5149E-02 0.3661E-02 0.2438E-01 0.1372E+00 0.0000E+00 0.4204E-05 0.4383E-02 0.1245E-04 0.1254E-05 0.1678E-04 0.1036E-03 0.3876E-04 0.0000E+00
0.0000E+00 0.2550E-04 0.2463E-06 0.3997E-01 0.6817E-03 0.4984E-02 0.1120E-01 0.4549E-03 0.0000E+00 0.6306E-02 0.4683E-02 0.2439E-01 0.1361E+00 0.9710E-06 0.1212E-08 0.3507E-02 0.6118E-08 0.2189E-04 0.3552E-04 0.1424E-03 0.5788E-05 0.0000E+00
0.0000E+00 0.0000E+00 0.0000E+00 0.0000E+00 0.0000E+00 0.0000E+00 0.0000E+00 0.0000E+00 0.0000E+00 0.0000E+00 0.0000E+00 0.0000E+00 0.0000E+00 0.0000E+00 0.0000E+00 0.0000E+00 0.0000E+00 0.0000E+00 0.0000E+00 0.0000E+00 0.0000E+00 0.0000E+00
