p4_rainA_medsm_sedtr.asc
ncols     22
nrows     62
xllcorner      0.00000000
yllcorner      0.00000000
cellsize      0.50000000
nodata_value -9999
0.0000E+00 0.0000E+00 0.0000E+00 0.0000E+00 0.0000E+00 0.0000E+00 0.0000E+00 0.0000E+00 0.0000E+00 0.0000E+00 0.0000E+00 0.0000E+00 0.0000E+00 0.0000E+00 0.0000E+00 0.0000E+00 0.0000E+00 0.0000E+00 0.0000E+00 0.0000E+00 0.0000E+00 0.0000E+00
0.0000E+00 0.3239E+00 0.5021E+00 0.2764E+00 0.3736E+00 0.2817E+00 0.3334E+00 0.4538E+00 0.2104E+00 0.3645E+00 0.6276E-01 0.1993E+00 0.4230E+00 0.3571E+00 0.4894E+00 0.5747E+00 0.5243E+00 0.3760E+00 0.2497E+00 0.3576E+00 0.4155E+00 0.0000E+00
0.0000E+00 0.4536E+00 0.9409E+00 0.3233E+00 0.3631E+00 0.7068E+00 0.7614E+00 0.8112E+00 0.3892E+00 0.7039E+00 0.4104E+00 0.4367E+00 0.9869E+00 0.6912E+00 0.7226E+00 0.7505E+00 0.1271E+01 0.7742E+00 0.4965E+00 0.7114E+00 0.3943E+00 0.0000E+00
0.0000E+00 0.8281E+00 0.1176E+01 0.6430E+00 0.2452E+00 0.4802E+00 0.9617E+00 0.1414E+01 0.3296E+00 0.8744E+00 0.4472E+00 0.6652E-01 0.1040E+01 0.6511E+00 0.7151E+00 0.5619E+00 0.1299E+01 0.1425E+00 0.1355E+00 0.7762E+00 0.4176E+00 0.0000E+00
0.0000E+00 0.1157E+01 0.1302E+01 0.7758E+00 0.1858E+00 0.8990E+00 0.9425E-01 0.1174E+01 0.5071E+00 0.9355E+00 0.7320E+00 0.3694E+00 0.1148E+01 0.8952E+00 0.9117E+00 0.7676E+00 0.1611E+01 0.1457E+01 0.1012E+01 0.1013E+01 0.5043E+00 0.0000E+00
0.0000E+00 0.1234E+01 0.2045E+01 0.1109E+01 0.4871E+00 0.9016E+00 0.1318E+00 0.1059E+01 0.7803E+00 0.1035E+01 0.7247E+00 0.3191E+00 0.1182E+01 0.1083E+01 0.9607E+00 0.8957E-01 0.3167E+00 0.1410E+01 0.2436E+01 0.5619E+00 0.4808E+00 0.0000E+00
0.0000E+00 0.1100E+01 0.2132E+01 0.4153E+00 0.3751E+00 0.1038E+01 0.4441E+00 0.1283E+01 0.1065E+01 0.1104E+01 0.9372E+00 0.1077E+01 0.1942E+01 0.1138E+01 0.1133E+01 0.1037E+00 0.9614E-01 0.1070E+00 0.2204E+01 0.3861E+00 0.4221E+00 0.0000E+00
0.0000E+00 0.1069E+01 0.1961E+01 0.1330E+00 0.3384E+00 0.9652E+00 0.8548E+00 0.1453E+01 0.2075E+01 0.1199E+01 0.1241E+00 0.4515E+00 0.1761E+01 0.1202E+01 0.1295E+01 0.1828E+00 0.1790E+00 0.2558E+00 0.2357E+01 0.5169E+00 0.3210E+00 0.0000E+00
0.0000E+00 0.1316E+01 0.1798E+01 0.1617E+00 0.7869E+00 0.1233E+01 0.1137E+01 0.1193E+01 0.1875E+01 0.2096E+00 0.2166E+00 0.4947E+00 0.1747E+01 0.1465E+01 0.1437E+01 0.3523E+00 0.1997E+00 0.2208E+01 0.2174E+01 0.3703E+00 0.4780E+00 0.0000E+00
0.0000E+00 0.1498E+01 0.1851E+01 0.6256E+00 0.1027E+01 0.1166E+01 0.9429E+00 0.1187E+01 0.1663E+01 0.5339E+00 0.6215E+00 0.4729E+00 0.1681E+01 0.1149E+01 0.1194E+01 0.5950E+00 0.5616E+00 0.2200E+01 0.3201E+00 0.3829E+00 0.8741E+00 0.0000E+00
0.0000E+00 0.1274E+01 0.1736E+01 0.8822E+00 0.1124E+01 0.1183E+01 0.1064E+01 0.1383E+01 0.1553E+01 0.6403E+00 0.1234E+01 0.7257E+00 0.2528E+01 0.1162E+01 0.1220E+01 0.6255E+00 0.6214E+00 0.2081E+01 0.4560E+00 0.3633E+00 0.8039E+00 0.0000E+00
0.0000E+00 0.1422E+01 0.1719E+01 0.1029E+01 0.1075E+01 0.1137E+01 0.1785E+01 0.1447E+01 0.1418E+01 0.3739E+00 0.1234E+01 0.6724E+00 0.2276E+01 0.8796E-01 0.1534E+01 0.9004E+00 0.8596E+00 0.2050E+01 0.7586E+00 0.4148E+00 0.1005E+01 0.0000E+00
0.0000E+00 0.1339E+01 0.1689E+01 0.1182E+01 0.1243E+01 0.3466E+00 0.1727E+01 0.2643E+01 0.3657E+01 0.3072E+00 0.1291E+01 0.6681E+00 0.2048E+01 0.1915E+01 0.3028E+01 0.1115E+01 0.1026E+01 0.2076E+01 0.7878E+00 0.4324E+00 0.9800E+00 0.0000E+00
0.0000E+00 0.1406E+01 0.1664E+01 0.1338E+01 0.1487E+01 0.8423E+00 0.4872E+00 0.3466E+00 0.3559E+01 0.4396E+00 0.1879E+01 0.8439E+00 0.8055E-01 0.8488E-01 0.2782E+01 0.3434E+01 0.9738E+00 0.1999E+01 0.1654E+01 0.1113E+01 0.9098E+00 0.0000E+00
0.0000E+00 0.1291E+01 0.2648E+01 0.1383E+01 0.1474E+01 0.8844E+00 0.9424E+00 0.5513E+00 0.3281E+01 0.6321E+00 0.1844E+01 0.6562E+00 0.3243E+00 0.5549E+00 0.1002E+01 0.3756E+01 0.9909E+00 0.2001E+01 0.1574E+01 0.9665E-01 0.1070E+00 0.0000E+00
0.0000E+00 0.3860E+00 0.2624E+01 0.1478E+01 0.1487E+01 0.1150E+01 0.7620E+00 0.4256E+00 0.3131E+01 0.6733E+00 0.1672E+01 0.5384E+00 0.3199E+00 0.6993E+00 0.6594E+00 0.3371E+01 0.8452E+00 0.1975E+01 0.1587E+01 0.5934E+00 0.3271E+00 0.0000E+00
0.0000E+00 0.3340E+00 0.2517E+01 0.1587E+01 0.1613E+01 0.1268E+01 0.5917E+00 0.7169E+00 0.3131E+01 0.9858E+00 0.1614E+01 0.1256E+01 0.9821E+00 0.8727E+00 0.7459E+00 0.3575E+01 0.3965E+01 0.1993E+01 0.1574E+01 0.7172E+00 0.3637E+00 0.0000E+00
0.0000E+00 0.2726E+00 0.2344E+01 0.3434E+01 0.1548E+01 0.1758E+01 0.7883E+00 0.7378E+00 0.3463E+01 0.1067E+01 0.2807E+01 0.1678E+01 0.5755E+00 0.5414E+00 0.3410E+00 0.4494E+00 0.3959E+01 0.1986E+01 0.1523E+01 0.7625E+00 0.9014E+00 0.0000E+00
0.0000E+00 0.4611E+00 0.4708E+00 0.3385E+01 0.1498E+01 0.2065E+01 0.5299E+00 0.4080E+00 0.3245E+01 0.1071E+01 0.3282E+01 0.1178E+01 0.6791E+00 0.1152E+00 0.9997E-01 0.4518E+00 0.3733E+01 0.1994E+01 0.1457E+01 0.7713E+00 0.8928E+00 0.0000E+00
0.0000E+00 0.8107E+00 0.5314E+00 0.3102E+01 0.1452E+01 0.1784E+01 0.9631E-01 0.3448E+00 0.3210E+01 0.1118E+01 0.2990E+01 0.2563E+00 0.5464E+00 0.1296E+00 0.1120E+00 0.4753E+00 0.6437E+01 0.3028E+01 0.1297E+01 0.8048E+00 0.9065E+00 0.0000E+00
0.0000E+00 0.8779E+00 0.7302E+00 0.2980E+01 0.1330E+01 0.1518E+01 0.2285E+00 0.5129E+00 0.3374E+01 0.1188E+01 0.2717E+01 0.8783E+00 0.4952E+00 0.2218E+00 0.2212E+00 0.4271E+00 0.6258E+01 0.8054E-01 0.9291E-01 0.9891E+00 0.1037E+01 0.0000E+00
0.0000E+00 0.1026E+01 0.6370E+00 0.5011E+01 0.2430E+01 0.1377E+01 0.6565E-01 0.3862E+00 0.3185E+01 0.3961E+01 0.2551E+01 0.9096E+00 0.4583E+00 0.2662E+00 0.6651E+00 0.4120E+00 0.6150E+01 0.6967E+00 0.1668E+00 0.1111E+01 0.1057E+01 0.0000E+00
0.0000E+00 0.1082E+01 0.8136E+00 0.5000E+01 0.6121E+00 0.1070E+00 0.5148E+00 0.6792E+00 0.2988E+00 0.3729E+01 0.2410E+01 0.9435E+00 0.5389E+00 0.5458E+00 0.8728E+00 0.6871E+00 0.6274E+01 0.5768E+00 0.2416E+00 0.1220E+01 0.1200E+01 0.0000E+00
0.0000E+00 0.1098E+01 0.9469E+00 0.4741E+01 0.1585E+00 0.1257E+00 0.1098E+01 0.5555E+00 0.2514E+00 0.3566E+01 0.2309E+01 0.9608E+00 0.8030E+00 0.7340E+00 0.1164E+01 0.6155E+00 0.6164E+01 0.4099E+00 0.6811E+00 0.1423E+01 0.1456E+01 0.0000E+00
0.0000E+00 0.1215E+01 0.9361E+00 0.4518E+01 0.1923E+00 0.2159E+00 0.8816E+00 0.4990E+00 0.4543E+00 0.3503E+01 0.2198E+01 0.2741E+01 0.3082E+01 0.8040E+00 0.1329E+01 0.7962E+00 0.6149E+01 0.5912E+00 0.9444E+00 0.1185E+01 0.1344E+01 0.0000E+00
0.0000E+00 0.1004E+01 0.1005E+01 0.4364E+01 0.4315E+01 0.4161E+01 0.4595E+01 0.7249E+00 0.6162E+00 0.3458E+01 0.3471E+00 0.8054E-01 0.2822E+01 0.7977E+00 0.1910E+01 0.8243E+00 0.6078E+01 0.8469E+00 0.9371E+00 0.1182E+01 0.1331E+01 0.0000E+00
0.0000E+00 0.9750E+00 0.9684E+00 0.3993E+00 0.5679E+00 0.3431E+00 0.4386E+01 0.1076E+01 0.1071E+01 0.3445E+01 0.8970E+00 0.5067E+00 0.2580E+01 0.2505E+01 0.3881E+01 0.9003E+00 0.6007E+01 0.1118E+01 0.1247E+01 0.1508E+01 0.1541E+01 0.0000E+00
0.0000E+00 0.1096E+01 0.8330E+00 0.5661E+00 0.9315E+00 0.7891E+00 0.4298E+01 0.9273E+00 0.9543E+00 0.3389E+01 0.9753E+00 0.1179E+01 0.6490E+00 0.6861E+00 0.3945E+01 0.1107E+01 0.6003E+01 0.1191E+01 0.1234E+01 0.1511E+01 0.1460E+01 0.0000E+00
0.0000E+00 0.1316E+01 0.1132E+01 0.7352E+00 0.1124E+01 0.4518E+01 0.4074E+01 0.1037E+01 0.9618E+00 0.3254E+01 0.9918E+00 0.1229E+01 0.2447E+00 0.2841E+00 0.3678E+01 0.1137E+01 0.5999E+01 0.1365E+01 0.1366E+01 0.1347E+01 0.1573E+01 0.0000E+00
0.0000E+00 0.1279E+01 0.1025E+01 0.7908E+00 0.1312E+01 0.4612E+01 0.5246E+00 0.8453E+00 0.1452E+01 0.3175E+01 0.3961E+01 0.1391E+01 0.3382E+00 0.3059E+00 0.3523E+01 0.1081E+01 0.5930E+01 0.1425E+01 0.1373E+01 0.1145E+01 0.1391E+01 0.0000E+00
0.0000E+00 0.1351E+01 0.1038E+01 0.8502E+00 0.1126E+01 0.4779E+01 0.5707E+00 0.2089E+00 0.1492E+01 0.6780E+00 0.3804E+01 0.1166E+01 0.1376E+01 0.3258E+00 0.3369E+01 0.1127E+01 0.5890E+01 0.1351E+01 0.2140E+01 0.1168E+01 0.1278E+01 0.0000E+00
0.0000E+00 0.1384E+01 0.1126E+01 0.7772E+00 0.1230E+01 0.4636E+01 0.1978E+00 0.2368E+00 0.1485E+01 0.7866E+00 0.3718E+01 0.3674E+00 0.1544E+01 0.3219E+01 0.3249E+01 0.1231E+01 0.5885E+01 0.1322E+01 0.1992E+01 0.6592E+00 0.1446E+01 0.0000E+00
0.0000E+00 0.1459E+01 0.1257E+01 0.7258E+00 0.1145E+01 0.4486E+01 0.6301E+00 0.5873E+00 0.1610E+01 0.1937E+01 0.3698E+01 0.6354E+00 0.1624E+01 0.3130E+01 0.3497E+00 0.1060E+01 0.5887E+01 0.1330E+01 0.1939E+01 0.9188E+00 0.1558E+01 0.0000E+00
0.0000E+00 0.1549E+01 0.1121E+01 0.6344E+00 0.1180E+01 0.4376E+01 0.5135E+00 0.2874E+00 0.3551E+00 0.1740E+01 0.3612E+01 0.5610E+00 0.1417E+01 0.3166E+01 0.8700E+00 0.6761E+01 0.5825E+01 0.1144E+01 0.2936E+01 0.3172E+01 0.4072E+01 0.0000E+00
0.0000E+00 0.1625E+01 0.1325E+01 0.1041E+01 0.1440E+01 0.4308E+01 0.7468E+00 0.8248E+00 0.8713E+00 0.1758E+01 0.3505E+01 0.7215E+00 0.1850E+01 0.3087E+01 0.1131E+01 0.7121E+01 0.7263E+00 0.3734E+00 0.4460E+00 0.3417E+00 0.3925E+01 0.0000E+00
0.0000E+00 0.1742E+01 0.1499E+01 0.1195E+01 0.1208E+01 0.4252E+01 0.9871E+00 0.9454E+00 0.7423E+00 0.1637E+01 0.3536E+01 0.3631E+00 0.1829E+01 0.4511E+01 0.7678E+01 0.7014E+01 0.9554E+00 0.4613E+00 0.5839E+00 0.9079E+00 0.3766E+01 0.0000E+00
0.0000E+00 0.3487E+01 0.2249E+01 0.1232E+01 0.1060E+01 0.4189E+01 0.1050E+01 0.1123E+01 0.2018E+01 0.1521E+01 0.3444E+01 0.5032E+00 0.2791E+00 0.4395E+01 0.7399E+01 0.4692E+00 0.8176E+00 0.1348E+00 0.1232E+00 0.7262E+00 0.3537E+01 0.0000E+00
0.0000E+00 0.3645E+01 0.6215E+00 0.3781E+00 0.1281E+01 0.4161E+01 0.1203E+01 0.1332E+01 0.2377E+01 0.5556E+00 0.3453E+01 0.7206E+00 0.1441E+00 0.4299E+01 0.7218E+01 0.9403E+00 0.9437E+00 0.2080E+00 0.2038E+00 0.8470E+00 0.3384E+01 0.0000E+00
0.0000E+00 0.3504E+01 0.1381E+00 0.2057E+00 0.1710E+01 0.4310E+01 0.1529E+01 0.1586E+01 0.2333E+01 0.4177E+00 0.3540E+01 0.8809E+00 0.3141E+00 0.4282E+01 0.1117E+02 0.1125E+01 0.9705E+00 0.5734E+00 0.3485E+00 0.7974E+00 0.3255E+01 0.0000E+00
0.0000E+00 0.3275E+01 0.1983E+00 0.2487E+00 0.1765E+01 0.4251E+01 0.1554E+01 0.1425E+01 0.2145E+01 0.3732E+00 0.3458E+01 0.1237E+01 0.9617E-01 0.4872E+00 0.1097E+02 0.9773E+00 0.1071E+01 0.7955E+00 0.4015E+00 0.3473E+01 0.3049E+01 0.0000E+00
0.0000E+00 0.3039E+01 0.2133E+00 0.5931E+00 0.6558E+01 0.5328E+01 0.1404E+01 0.1348E+01 0.3547E+01 0.6853E+00 0.3334E+01 0.1110E+01 0.1646E+00 0.4415E+00 0.1078E+02 0.1080E+02 0.1121E+02 0.1013E+01 0.5606E+00 0.3342E+01 0.2823E-01 0.0000E+00
0.0000E+00 0.2830E+01 0.2770E+01 0.8473E+00 0.6274E+01 0.6135E+00 0.6988E+00 0.3784E+00 0.3286E+01 0.4909E+00 0.3414E+01 0.1172E+01 0.2855E+00 0.7605E+00 0.4198E+00 0.4874E+00 0.1123E+02 0.8849E+00 0.1020E+01 0.3380E+01 0.4629E+00 0.0000E+00
0.0000E+00 0.3346E+00 0.2746E+01 0.3144E+01 0.6057E+01 0.1078E+01 0.5920E+00 0.3084E+00 0.3025E+01 0.5713E+00 0.3593E+01 0.1359E+01 0.7387E+00 0.1282E+01 0.4810E+00 0.7020E+00 0.1130E+02 0.1058E+01 0.1180E+01 0.3424E+01 0.1114E+01 0.0000E+00
0.0000E+00 0.5545E+00 0.4710E+00 0.3263E+01 0.5818E+01 0.6367E+01 0.6527E+01 0.8743E+00 0.2970E+01 0.6740E+00 0.3945E+01 0.1358E+01 0.9856E+00 0.1414E+01 0.4229E+00 0.9210E-01 0.1102E+02 0.1140E+02 0.1430E+01 0.3316E+01 0.1287E+01 0.0000E+00
0.0000E+00 0.5030E+00 0.6884E+00 0.3461E+01 0.4317E+00 0.5759E+00 0.6570E+01 0.3177E+01 0.2785E+01 0.5017E+00 0.3831E+01 0.1410E+01 0.1068E+01 0.1435E+01 0.3877E+00 0.9794E-01 0.4244E+00 0.1112E+02 0.1292E+01 0.3296E+01 0.1437E+01 0.0000E+00
0.0000E+00 0.4741E+00 0.5689E+00 0.3304E+01 0.7398E+00 0.4140E+00 0.9117E+01 0.3179E+01 0.4179E+00 0.7039E+00 0.3848E+01 0.1570E+01 0.1234E+01 0.1418E+01 0.5095E+00 0.1621E+00 0.3671E+00 0.1078E+02 0.1100E+01 0.4101E+01 0.1350E+01 0.0000E+00
0.0000E+00 0.4663E+00 0.6858E+00 0.3101E+01 0.6291E+00 0.6063E+00 0.9010E+01 0.5993E+00 0.1602E+00 0.6651E+00 0.3768E+01 0.1379E+01 0.1214E+01 0.1360E+01 0.4108E+00 0.8350E+00 0.3129E+00 0.1059E+02 0.4339E+00 0.4118E+01 0.1145E+01 0.0000E+00
0.0000E+00 0.4476E+00 0.9034E+00 0.3655E+01 0.1018E+01 0.1051E+01 0.8643E+01 0.6439E+00 0.1215E+00 0.8020E+00 0.3729E+01 0.2361E+01 0.1172E+01 0.1344E+01 0.4659E+00 0.1025E+01 0.1059E+01 0.1043E+02 0.9617E-01 0.3973E+01 0.1195E+01 0.0000E+00
0.0000E+00 0.4200E+00 0.4218E+00 0.3492E+01 0.1276E+01 0.8544E+00 0.9347E+01 0.1388E+01 0.9214E+00 0.7304E+00 0.3709E+01 0.3337E+01 0.1498E+01 0.1370E+01 0.3402E+00 0.4653E+00 0.1287E+01 0.1023E+02 0.6692E+00 0.3843E+01 0.1157E+01 0.0000E+00
0.0000E+00 0.1078E+01 0.9970E+00 0.3454E+01 0.1386E+01 0.9639E+01 0.9403E+01 0.7699E+00 0.3998E+00 0.3860E+00 0.3970E+01 0.3002E+01 0.5006E+00 0.6534E+00 0.9234E+00 0.3960E+00 0.1234E+01 0.9970E+01 0.4094E+01 0.3758E+01 0.9635E+00 0.0000E+00
0.0000E+00 0.1255E+01 0.1301E+01 0.3402E+01 0.1455E+01 0.9903E+01 0.1039E+01 0.5794E+00 0.6090E+00 0.6548E+00 0.4005E+01 0.2951E+01 0.9141E+00 0.1133E+01 0.1125E+01 0.1348E+02 0.1355E+02 0.1315E+02 0.4044E+01 0.4665E+00 0.1010E+01 0.0000E+00
0.0000E+00 0.1241E+01 0.1337E+01 0.1330E+02 0.1047E+02 0.9781E+01 0.6432E+00 0.1210E+00 0.5165E+00 0.6099E+00 0.3899E+01 0.2897E+01 0.1346E+01 0.9370E+00 0.1348E+02 0.1354E+02 0.4465E+00 0.5182E+00 0.6990E+00 0.1392E+00 0.8467E+00 0.0000E+00
0.0000E+00 0.1369E+01 0.1382E+02 0.1332E+02 0.8428E+00 0.4520E+00 0.5618E+00 0.2518E+00 0.5208E+00 0.8492E+00 0.3918E+01 0.6460E+01 0.1251E+01 0.1275E+01 0.1309E+02 0.6315E+00 0.6939E-01 0.5784E+00 0.1015E+01 0.9802E-01 0.7718E+00 0.0000E+00
0.0000E+00 0.1422E+02 0.1359E+02 0.3709E+00 0.5771E+00 0.5700E+00 0.1095E+01 0.2681E+00 0.5184E+00 0.1257E+01 0.7138E+00 0.6280E+01 0.1444E+01 0.1293E+01 0.1288E+02 0.5496E+00 0.1202E+00 0.9436E-01 0.9903E+00 0.4424E+00 0.8281E+00 0.0000E+00
0.0000E+00 0.1393E+02 0.6005E+00 0.5929E+00 0.8297E+00 0.4968E+00 0.9369E+00 0.6536E+00 0.8437E+00 0.1183E+01 0.5647E+00 0.6114E+01 0.1499E+01 0.1517E+01 0.1267E+02 0.5524E+00 0.2072E+00 0.1576E+00 0.1249E+01 0.4027E+00 0.8246E+00 0.0000E+00
0.0000E+00 0.1374E+02 0.1069E+01 0.8573E+00 0.9953E+00 0.8410E+00 0.1153E+01 0.7752E+00 0.9006E+00 0.1160E+01 0.7109E+00 0.6005E+01 0.1487E+01 0.1400E+01 0.1232E+02 0.8663E+00 0.4985E+00 0.1888E+00 0.1009E+01 0.5475E+00 0.7547E+00 0.0000E+00
0.0000E+00 0.1366E+02 0.1300E+01 0.9945E+00 0.8242E+00 0.1105E+01 0.2215E+01 0.1427E+01 0.8121E+00 0.1212E+01 0.8232E+00 0.5884E+01 0.1151E+02 0.1067E+02 0.1081E+02 0.6870E+00 0.1550E+01 0.1408E+01 0.1181E+01 0.1338E+01 0.9169E+00 0.0000E+00
0.0000E+00 0.1356E+02 0.1406E+01 0.1194E+01 0.7350E+00 0.1144E+01 0.2368E+01 0.5553E+00 0.2314E+00 0.1546E+01 0.1159E+01 0.5828E+01 0.1128E+02 0.6387E+00 0.3616E+00 0.7318E+00 0.1519E+01 0.3672E+00 0.4203E+00 0.1490E+01 0.5428E+00 0.0000E+00
0.0000E+00 0.1269E+02 0.1211E+02 0.1233E+02 0.6723E+00 0.1262E+01 0.2660E+01 0.6965E+00 0.5141E+00 0.1981E+01 0.1359E+01 0.5749E+01 0.1117E+02 0.5438E+00 0.5229E+00 0.2083E+01 0.1526E+01 0.4572E+00 0.7252E+00 0.1862E+01 0.8837E+00 0.0000E+00
0.0000E+00 0.2508E+00 0.3208E+00 0.1179E+02 0.3874E+00 0.1341E+01 0.2939E+01 0.7422E+00 0.2575E+00 0.2060E+01 0.1383E+01 0.5703E+01 0.1071E+02 0.4955E+00 0.4190E+00 0.1822E+01 0.6589E+00 0.6863E+00 0.9039E+00 0.1788E+01 0.3837E+00 0.0000E+00
0.0000E+00 0.3612E+00 0.6807E+00 0.1125E+02 0.6114E+00 0.1356E+01 0.2890E+01 0.5144E+00 0.6905E-01 0.1919E+01 0.1388E+01 0.5633E+01 0.1027E+02 0.3684E+00 0.5584E+00 0.2394E+01 0.4945E+00 0.8039E+00 0.9034E+00 0.1521E+01 0.2924E+00 0.0000E+00
0.0000E+00 0.0000E+00 0.0000E+00 0.0000E+00 0.0000E+00 0.0000E+00 0.0000E+00 0.0000E+00 0.0000E+00 0.0000E+00 0.0000E+00 0.0000E+00 0.0000E+00 0.0000E+00 0.0000E+00 0.0000E+00 0.0000E+00 0.0000E+00 0.0000E+00 0.0000E+00 0.0000E+00 0.0000E+00
