p4_rainD_lowsm_dschg.asc
ncols     22
nrows     62
xllcorner      0.00000000
yllcorner      0.00000000
cellsize      0.50000000
nodata_value -9999
0.0000E+00 0.0000E+00 0.0000E+00 0.0000E+00 0.0000E+00 0.0000E+00 0.0000E+00 0.0000E+00 0.0000E+00 0.0000E+00 0.0000E+00 0.0000E+00 0.0000E+00 0.0000E+00 0.0000E+00 0.0000E+00 0.0000E+00 0.0000E+00 0.0000E+00 0.0000E+00 0.0000E+00 0.0000E+00
0.0000E+00 0.2574E-03 0.5888E-03 0.3075E-03 0.4355E-03 0.1104E-02 0.5905E-03 0.8010E-03 0.1570E-03 0.4132E-03 0.1255E-02 0.7894E-03 0.1091E-02 0.7535E-03 0.8829E-03 0.7998E-03 0.1005E-02 0.5021E-03 0.3286E-03 0.4290E-03 0.3469E-03 0.0000E+00
0.0000E+00 0.2008E-03 0.9170E-03 0.1511E-03 0.8446E-03 0.2964E-02 0.4478E-02 0.1402E-02 0.2409E-03 0.1163E-02 0.2052E-02 0.1326E-02 0.4042E-02 0.1363E-02 0.8670E-03 0.2620E-02 0.4889E-02 0.1409E-02 0.1291E-03 0.6763E-03 0.8125E-03 0.0000E+00
0.0000E+00 0.3683E-03 0.1050E-02 0.2088E-03 0.1535E-03 0.1393E-02 0.5455E-02 0.6690E-02 0.3431E-03 0.1994E-02 0.1868E-02 0.9069E-04 0.6117E-02 0.1644E-02 0.1050E-02 0.4672E-02 0.6960E-02 0.7124E-04 0.4874E-04 0.2196E-02 0.2545E-02 0.0000E+00
0.0000E+00 0.3954E-03 0.1044E-02 0.4232E-03 0.2071E-03 0.2721E-02 0.7495E-04 0.6311E-02 0.1520E-02 0.3197E-02 0.2896E-02 0.7715E-03 0.7465E-02 0.3532E-02 0.1311E-02 0.5777E-02 0.1462E-01 0.1384E-01 0.5747E-02 0.6135E-02 0.4286E-02 0.0000E+00
0.0000E+00 0.6987E-03 0.2889E-02 0.1915E-02 0.1064E-02 0.2914E-02 0.1550E-03 0.6325E-02 0.2617E-02 0.4922E-02 0.3342E-02 0.6272E-03 0.9938E-02 0.5515E-02 0.1905E-02 0.7169E-04 0.8029E-03 0.1708E-01 0.2672E-01 0.1774E-02 0.7318E-03 0.0000E+00
0.0000E+00 0.9149E-03 0.3906E-02 0.5705E-03 0.3462E-03 0.3985E-02 0.1427E-02 0.6852E-02 0.3748E-02 0.5750E-02 0.3124E-02 0.4179E-02 0.1595E-01 0.7709E-02 0.3849E-02 0.3462E-04 0.0000E+00 0.2477E-02 0.2920E-01 0.6786E-03 0.6771E-03 0.0000E+00
0.0000E+00 0.1485E-02 0.4298E-02 0.0000E+00 0.3942E-03 0.4343E-02 0.2509E-02 0.7191E-02 0.1124E-01 0.6315E-02 0.2192E-03 0.2109E-02 0.1775E-01 0.9993E-02 0.5595E-02 0.1568E-03 0.2469E-04 0.1841E-02 0.3282E-01 0.1157E-02 0.6071E-03 0.0000E+00
0.0000E+00 0.1742E-02 0.4765E-02 0.1235E-03 0.2199E-02 0.5213E-02 0.2095E-02 0.6711E-02 0.1313E-01 0.4206E-03 0.3216E-03 0.1835E-02 0.1839E-01 0.9327E-02 0.7501E-02 0.6107E-03 0.1720E-03 0.3677E-01 0.3402E-01 0.2297E-02 0.1222E-02 0.0000E+00
0.0000E+00 0.1749E-02 0.5461E-02 0.8553E-03 0.4154E-02 0.5636E-02 0.2076E-02 0.7712E-02 0.1451E-01 0.1637E-02 0.8490E-03 0.1792E-02 0.1938E-01 0.7499E-02 0.9791E-02 0.2825E-02 0.1902E-02 0.3746E-01 0.7777E-10 0.1355E-02 0.1717E-02 0.0000E+00
0.0000E+00 0.1973E-02 0.6159E-02 0.1760E-02 0.5907E-02 0.7814E-02 0.4309E-02 0.9168E-02 0.1358E-01 0.2275E-02 0.4999E-02 0.3604E-02 0.2989E-01 0.8044E-02 0.1195E-01 0.5301E-02 0.3285E-02 0.3656E-01 0.4778E-03 0.1369E-02 0.1886E-02 0.0000E+00
0.0000E+00 0.2369E-02 0.7016E-02 0.2660E-02 0.8148E-02 0.1000E-01 0.1593E-01 0.1102E-01 0.1258E-01 0.8000E-03 0.7474E-02 0.6077E-02 0.3236E-01 0.4810E-04 0.1364E-01 0.7004E-02 0.4832E-02 0.3803E-01 0.2723E-02 0.3841E-02 0.3644E-02 0.0000E+00
0.0000E+00 0.2962E-02 0.8044E-02 0.3942E-02 0.1034E-01 0.2194E-02 0.1776E-01 0.3090E-01 0.4556E-01 0.5316E-03 0.9410E-02 0.8133E-02 0.3483E-01 0.3262E-01 0.4812E-01 0.7985E-02 0.5335E-02 0.3914E-01 0.5199E-02 0.6317E-02 0.6118E-02 0.0000E+00
0.0000E+00 0.4216E-02 0.9687E-02 0.5815E-02 0.1209E-01 0.4502E-02 0.2211E-02 0.2205E-02 0.5024E-01 0.8892E-03 0.2457E-01 0.1269E-01 0.2477E-02 0.2477E-02 0.5306E-01 0.6188E-01 0.5374E-02 0.3752E-01 0.2505E-01 0.1738E-01 0.8593E-02 0.0000E+00
0.0000E+00 0.5307E-02 0.1641E-01 0.7706E-02 0.1456E-01 0.4634E-02 0.4372E-02 0.2120E-02 0.5272E-01 0.1967E-02 0.2674E-01 0.1782E-02 0.4447E-04 0.6339E-03 0.2851E-02 0.6718E-01 0.7839E-02 0.3909E-01 0.2658E-01 0.2477E-02 0.2477E-02 0.0000E+00
0.0000E+00 0.1361E-02 0.1879E-01 0.9927E-02 0.1704E-01 0.6242E-02 0.3112E-02 0.1430E-02 0.5519E-01 0.4443E-02 0.2852E-01 0.1180E-02 0.1749E-03 0.1501E-02 0.2209E-02 0.6893E-01 0.6522E-02 0.4156E-01 0.2844E-01 0.4033E-02 0.1702E-02 0.0000E+00
0.0000E+00 0.8398E-04 0.2039E-01 0.1185E-01 0.1930E-01 0.7540E-02 0.3408E-02 0.2262E-02 0.5459E-01 0.6419E-02 0.3099E-01 0.5821E-02 0.2175E-02 0.1744E-02 0.4572E-02 0.7589E-01 0.8280E-01 0.4202E-01 0.3020E-01 0.4459E-02 0.1639E-02 0.0000E+00
0.0000E+00 0.2594E-03 0.2232E-01 0.3472E-01 0.2098E-01 0.1517E-01 0.5735E-02 0.4212E-02 0.5696E-01 0.8627E-02 0.4185E-01 0.9105E-02 0.1681E-02 0.1527E-03 0.7878E-04 0.1982E-02 0.8611E-01 0.4230E-01 0.3179E-01 0.6927E-02 0.4057E-02 0.0000E+00
0.0000E+00 0.1154E-02 0.7372E-03 0.3712E-01 0.2345E-01 0.1885E-01 0.1522E-02 0.1126E-02 0.5852E-01 0.1110E-01 0.4453E-01 0.2603E-02 0.3889E-03 0.0000E+00 0.4260E-04 0.6155E-04 0.8395E-01 0.4408E-01 0.3425E-01 0.7338E-02 0.4951E-02 0.0000E+00
0.0000E+00 0.1710E-02 0.9170E-03 0.3937E-01 0.2593E-01 0.1898E-01 0.3519E-04 0.8925E-03 0.6016E-01 0.1358E-01 0.4611E-01 0.4036E-03 0.8868E-04 0.1170E-03 0.1781E-04 0.3551E-05 0.1641E+00 0.8326E-01 0.3673E-01 0.9805E-02 0.7423E-02 0.0000E+00
0.0000E+00 0.1996E-02 0.1651E-02 0.4147E-01 0.2796E-01 0.2143E-01 0.7778E-03 0.2266E-02 0.6226E-01 0.1571E-01 0.4858E-01 0.2548E-02 0.1267E-03 0.1834E-03 0.3454E-03 0.8018E-06 0.1664E+00 0.2477E-02 0.2477E-02 0.1157E-01 0.9504E-02 0.0000E+00
0.0000E+00 0.3561E-02 0.1812E-02 0.9282E-01 0.5265E-01 0.2391E-01 0.2477E-02 0.3720E-02 0.6444E-01 0.8164E-01 0.5007E-01 0.5024E-02 0.1578E-03 0.3131E-03 0.2533E-02 0.2543E-03 0.1685E+00 0.4453E-02 0.1467E-02 0.1376E-01 0.1124E-01 0.0000E+00
0.0000E+00 0.4947E-02 0.4047E-02 0.9528E-01 0.1180E-02 0.2477E-02 0.3390E-02 0.2989E-02 0.4973E-03 0.8411E-01 0.5165E-01 0.7500E-02 0.2634E-02 0.1275E-02 0.4391E-02 0.1708E-02 0.1759E+00 0.4858E-02 0.1890E-02 0.1539E-01 0.1307E-01 0.0000E+00
0.0000E+00 0.6144E-02 0.5360E-02 0.9674E-01 0.0000E+00 0.1986E-04 0.4425E-02 0.2400E-02 0.5461E-03 0.8658E-01 0.5411E-01 0.9975E-02 0.4494E-02 0.3440E-02 0.6126E-02 0.1243E-02 0.1774E+00 0.1783E-02 0.3958E-02 0.1723E-01 0.1455E-01 0.0000E+00
0.0000E+00 0.5479E-02 0.6518E-02 0.9688E-01 0.5979E-04 0.1710E-03 0.3556E-02 0.2492E-02 0.2500E-02 0.8391E-01 0.5659E-01 0.6903E-01 0.7599E-01 0.5595E-02 0.8014E-02 0.2196E-02 0.1763E+00 0.1610E-02 0.4841E-02 0.1876E-01 0.1509E-01 0.0000E+00
0.0000E+00 0.5169E-02 0.7087E-02 0.9616E-01 0.9795E-01 0.9977E-01 0.1053E+00 0.4860E-02 0.4427E-02 0.8328E-01 0.2301E-02 0.2477E-02 0.7983E-01 0.8070E-02 0.1856E-01 0.4672E-02 0.1750E+00 0.1902E-02 0.4837E-02 0.1854E-01 0.1635E-01 0.0000E+00
0.0000E+00 0.4977E-02 0.6081E-02 0.5610E-03 0.1161E-02 0.1576E-02 0.1070E+00 0.6372E-02 0.6740E-02 0.8467E-01 0.4212E-02 0.1298E-02 0.8059E-01 0.8305E-01 0.1041E+00 0.6847E-02 0.1752E+00 0.2390E-02 0.6118E-02 0.1877E-01 0.1698E-01 0.0000E+00
0.0000E+00 0.4712E-02 0.5613E-02 0.1186E-02 0.2094E-02 0.2687E-02 0.1087E+00 0.5624E-02 0.5981E-02 0.8680E-01 0.5476E-02 0.3130E-02 0.4119E-03 0.6742E-03 0.1045E+00 0.9052E-02 0.1753E+00 0.3778E-02 0.8592E-02 0.1846E-01 0.1636E-01 0.0000E+00
0.0000E+00 0.4506E-02 0.5713E-02 0.1791E-02 0.3920E-02 0.1130E+00 0.1108E+00 0.7179E-02 0.7166E-02 0.8926E-01 0.6688E-02 0.5605E-02 0.1252E-03 0.9379E-04 0.1026E+00 0.1153E-01 0.1768E+00 0.4563E-02 0.8767E-02 0.1709E-01 0.1600E-01 0.0000E+00
0.0000E+00 0.4279E-02 0.5587E-02 0.1982E-02 0.4277E-02 0.1139E+00 0.1085E-02 0.8121E-02 0.1627E-01 0.9131E-01 0.9600E-01 0.7815E-02 0.3258E-03 0.1221E-03 0.1032E+00 0.1366E-01 0.1783E+00 0.5066E-02 0.8429E-02 0.1778E-01 0.1541E-01 0.0000E+00
0.0000E+00 0.4494E-02 0.5932E-02 0.2777E-02 0.4241E-02 0.1159E+00 0.9264E-03 0.5442E-04 0.1687E-01 0.4894E-03 0.9245E-01 0.9145E-02 0.1100E-01 0.2520E-03 0.1026E+00 0.1384E-01 0.1793E+00 0.4990E-02 0.2414E-01 0.1733E-01 0.1593E-01 0.0000E+00
0.0000E+00 0.4508E-02 0.6459E-02 0.2703E-02 0.6177E-02 0.1159E+00 0.2327E-03 0.1472E-03 0.1570E-01 0.6790E-03 0.8950E-01 0.1783E-02 0.1497E-01 0.1065E+00 0.1038E+00 0.1255E-01 0.1778E+00 0.4625E-02 0.2381E-01 0.1253E-02 0.1738E-01 0.0000E+00
0.0000E+00 0.4424E-02 0.7106E-02 0.2660E-02 0.8339E-02 0.1165E+00 0.8737E-04 0.1632E-02 0.1812E-01 0.1797E-01 0.9098E-01 0.1172E-02 0.1603E-01 0.1085E+00 0.1152E-02 0.1105E-01 0.1766E+00 0.4709E-02 0.2343E-01 0.2991E-02 0.1957E-01 0.0000E+00
0.0000E+00 0.4416E-02 0.6837E-02 0.2449E-02 0.1041E-01 0.1165E+00 0.1862E-03 0.8116E-03 0.1512E-02 0.1785E-01 0.9275E-01 0.1271E-02 0.1481E-01 0.1100E+00 0.3143E-02 0.1856E+00 0.1772E+00 0.5908E-02 0.2974E-01 0.3484E-01 0.5509E-01 0.0000E+00
0.0000E+00 0.4335E-02 0.7116E-02 0.3324E-02 0.1002E-01 0.1170E+00 0.1298E-02 0.3047E-02 0.2964E-02 0.1923E-01 0.9351E-01 0.2137E-02 0.1745E-01 0.1066E+00 0.3018E-02 0.1865E+00 0.2329E-02 0.7593E-03 0.4224E-03 0.1032E-03 0.5701E-01 0.0000E+00
0.0000E+00 0.4653E-02 0.7411E-02 0.3631E-02 0.8372E-02 0.1176E+00 0.2425E-02 0.4729E-02 0.2686E-02 0.2116E-01 0.9382E-01 0.1046E-02 0.1983E-01 0.1282E+00 0.1845E+00 0.1843E+00 0.2179E-03 0.1734E-04 0.3567E-04 0.1461E-05 0.5546E-01 0.0000E+00
0.0000E+00 0.1606E-01 0.1140E-01 0.4304E-02 0.7608E-02 0.1186E+00 0.3079E-02 0.6000E-02 0.2483E-01 0.2226E-01 0.9322E-01 0.6435E-03 0.5010E-03 0.1312E+00 0.1854E+00 0.3750E-03 0.3070E-03 0.1177E-03 0.7312E-04 0.3275E-04 0.5339E-01 0.0000E+00
0.0000E+00 0.1638E-01 0.6608E-03 0.5421E-03 0.8633E-02 0.1194E+00 0.3714E-02 0.6257E-02 0.2549E-01 0.1250E-02 0.9516E-01 0.2874E-02 0.3282E-03 0.1326E+00 0.1878E+00 0.1119E-02 0.6342E-03 0.2617E-03 0.1927E-03 0.4941E-03 0.5576E-01 0.0000E+00
0.0000E+00 0.1600E-01 0.1057E-03 0.4956E-04 0.9382E-02 0.1175E+00 0.3595E-02 0.5620E-02 0.2485E-01 0.4172E-03 0.9353E-01 0.4854E-02 0.6017E-03 0.1325E+00 0.3216E+00 0.1497E-02 0.1193E-02 0.2691E-02 0.5416E-03 0.7793E-03 0.5749E-01 0.0000E+00
0.0000E+00 0.1604E-01 0.2019E-03 0.2269E-03 0.1057E-01 0.1157E+00 0.4989E-02 0.5959E-02 0.2568E-01 0.9555E-03 0.9305E-01 0.6382E-02 0.1868E-04 0.4342E-03 0.3214E+00 0.1851E-02 0.2680E-02 0.6359E-02 0.2327E-02 0.6038E-01 0.5907E-01 0.0000E+00
0.0000E+00 0.1613E-01 0.1996E-03 0.1763E-02 0.1355E+00 0.1239E+00 0.6538E-02 0.7271E-02 0.3663E-01 0.2482E-02 0.9460E-01 0.5561E-02 0.1070E-03 0.4619E-03 0.3224E+00 0.3245E+00 0.3256E+00 0.8453E-02 0.1732E-02 0.6098E-01 0.2474E-02 0.0000E+00
0.0000E+00 0.1579E-01 0.1753E-01 0.3639E-02 0.1365E+00 0.7110E-03 0.1501E-02 0.6045E-03 0.3886E-01 0.5627E-03 0.9707E-01 0.6061E-02 0.3473E-03 0.9064E-03 0.2482E-03 0.7372E-03 0.3226E+00 0.7419E-02 0.3452E-02 0.6196E-01 0.1325E-02 0.0000E+00
0.0000E+00 0.8105E-03 0.2002E-01 0.2529E-01 0.1366E+00 0.2105E-02 0.1031E-02 0.2561E-03 0.4062E-01 0.8724E-03 0.9905E-01 0.7834E-02 0.6059E-03 0.1641E-02 0.4542E-03 0.6844E-04 0.3240E+00 0.9495E-02 0.4175E-02 0.5920E-01 0.2791E-02 0.0000E+00
0.0000E+00 0.1847E-03 0.7851E-03 0.2541E-01 0.1369E+00 0.1386E+00 0.1384E+00 0.1031E-02 0.3930E-01 0.1869E-02 0.1034E+00 0.1031E-01 0.1779E-02 0.1703E-02 0.8482E-04 0.6381E-04 0.3256E+00 0.3376E+00 0.5887E-02 0.5683E-01 0.3057E-02 0.0000E+00
0.0000E+00 0.2226E-03 0.8659E-04 0.2470E-01 0.5693E-03 0.1600E-02 0.1423E+00 0.3738E-01 0.3700E-01 0.1807E-03 0.1048E+00 0.1197E-01 0.2229E-02 0.1883E-02 0.1910E-03 0.5535E-05 0.2014E-03 0.3402E+00 0.5765E-02 0.5521E-01 0.2745E-02 0.0000E+00
0.0000E+00 0.4153E-03 0.1685E-03 0.2344E-01 0.3200E-03 0.5716E-03 0.1849E+00 0.4014E-01 0.6092E-03 0.1698E-03 0.1013E+00 0.1129E-01 0.2180E-02 0.1941E-02 0.2809E-06 0.1312E-03 0.3350E-04 0.3388E+00 0.6175E-02 0.6306E-01 0.2507E-02 0.0000E+00
0.0000E+00 0.7007E-03 0.1291E-02 0.2311E-01 0.3777E-03 0.9397E-03 0.1883E+00 0.1364E-02 0.6599E-04 0.3858E-03 0.9778E-01 0.1012E-01 0.2033E-02 0.2334E-02 0.1330E-03 0.1528E-02 0.1484E-03 0.3342E+00 0.8732E-04 0.6479E-01 0.2455E-02 0.0000E+00
0.0000E+00 0.8113E-03 0.2345E-02 0.2531E-01 0.1006E-02 0.1610E-02 0.1899E+00 0.1953E-02 0.2258E-03 0.1403E-02 0.9888E-01 0.1345E-01 0.2133E-02 0.2435E-02 0.2701E-03 0.3282E-02 0.4427E-02 0.3345E+00 0.1533E-03 0.6602E-01 0.4925E-02 0.0000E+00
0.0000E+00 0.2181E-03 0.3335E-03 0.2453E-01 0.1332E-02 0.1514E-02 0.1971E+00 0.5771E-02 0.2147E-02 0.1836E-02 0.9934E-01 0.1825E-01 0.3516E-02 0.2429E-02 0.1689E-03 0.1218E-04 0.4069E-02 0.3345E+00 0.5434E-03 0.6768E-01 0.6749E-02 0.0000E+00
0.0000E+00 0.3170E-03 0.4169E-03 0.2351E-01 0.2046E-02 0.1995E+00 0.1993E+00 0.1113E-02 0.1599E-03 0.3312E-03 0.9857E-01 0.1842E-01 0.7840E-03 0.8579E-04 0.2112E-03 0.2040E-03 0.4278E-02 0.3369E+00 0.6334E-01 0.6543E-01 0.8419E-02 0.0000E+00
0.0000E+00 0.4133E-03 0.6025E-03 0.2251E-01 0.3249E-02 0.1996E+00 0.1623E-02 0.4229E-03 0.1234E-03 0.3777E-04 0.9650E-01 0.1783E-01 0.9473E-03 0.2115E-03 0.7040E-05 0.3990E+00 0.4032E+00 0.4016E+00 0.6449E-01 0.4138E-03 0.8867E-02 0.0000E+00
0.0000E+00 0.7644E-03 0.8982E-03 0.2235E+00 0.2029E+00 0.1998E+00 0.7031E-03 0.4837E-04 0.2007E-03 0.7862E-04 0.9354E-01 0.1828E-01 0.9369E-03 0.2838E-03 0.3921E+00 0.3963E+00 0.1522E-04 0.7452E-03 0.2046E-03 0.1138E-03 0.7399E-02 0.0000E+00
0.0000E+00 0.1025E-02 0.2249E+00 0.2250E+00 0.1571E-02 0.7269E-03 0.6723E-03 0.7712E-04 0.2744E-03 0.1066E-03 0.9117E-01 0.1101E+00 0.1287E-02 0.5535E-03 0.3924E+00 0.3793E-03 0.0000E+00 0.1347E-02 0.1605E-02 0.1238E-03 0.6348E-02 0.0000E+00
0.0000E+00 0.2197E+00 0.2219E+00 0.3877E-03 0.9544E-03 0.4646E-03 0.1083E-02 0.2345E-03 0.4368E-03 0.2935E-03 0.2092E-04 0.1096E+00 0.2496E-02 0.1496E-02 0.3897E+00 0.4165E-03 0.2479E-04 0.1240E-03 0.1822E-02 0.1119E-03 0.5536E-02 0.0000E+00
0.0000E+00 0.2166E+00 0.2664E-03 0.2642E-03 0.2026E-02 0.6811E-03 0.1101E-02 0.1464E-02 0.1953E-02 0.6290E-03 0.2282E-03 0.1100E+00 0.3547E-02 0.1959E-02 0.3874E+00 0.6703E-03 0.1062E-03 0.2824E-07 0.2104E-02 0.2575E-03 0.4585E-02 0.0000E+00
0.0000E+00 0.2136E+00 0.4030E-03 0.5547E-03 0.2737E-02 0.2408E-02 0.2525E-02 0.2916E-02 0.3396E-02 0.1743E-02 0.2449E-02 0.1080E+00 0.4638E-02 0.2185E-02 0.3838E+00 0.2584E-02 0.1001E-02 0.1389E-03 0.1951E-02 0.3690E-03 0.4239E-02 0.0000E+00
0.0000E+00 0.2106E+00 0.4993E-03 0.8679E-03 0.2283E-02 0.3771E-02 0.1402E-01 0.9855E-02 0.5549E-02 0.3067E-02 0.4189E-02 0.1093E+00 0.3932E+00 0.3869E+00 0.3849E+00 0.4764E-02 0.6621E-02 0.4189E-02 0.2151E-02 0.4615E-02 0.4253E-02 0.0000E+00
0.0000E+00 0.2074E+00 0.6960E-03 0.1330E-02 0.2068E-02 0.3984E-02 0.1670E-01 0.1159E-02 0.1109E-02 0.5994E-02 0.4871E-02 0.1098E+00 0.3960E+00 0.2112E-02 0.1150E-02 0.6387E-02 0.9362E-02 0.1732E-02 0.1094E-03 0.3660E-02 0.6198E-03 0.0000E+00
0.0000E+00 0.2049E+00 0.2037E+00 0.2055E+00 0.3781E-02 0.6097E-02 0.1940E-01 0.1405E-02 0.5140E-03 0.8741E-02 0.6268E-02 0.1081E+00 0.3957E+00 0.3034E-03 0.1177E-03 0.1547E-01 0.9837E-02 0.2933E-03 0.3573E-03 0.3903E-02 0.6373E-03 0.0000E+00
0.0000E+00 0.2940E-03 0.1973E-03 0.2026E+00 0.1535E-02 0.8304E-02 0.2160E-01 0.8737E-03 0.1749E-03 0.1111E-01 0.7778E-02 0.1063E+00 0.3945E+00 0.7412E-04 0.2338E-03 0.1411E-01 0.1788E-03 0.1327E-03 0.4915E-03 0.4209E-02 0.2547E-03 0.0000E+00
0.0000E+00 0.2062E-03 0.2356E-03 0.2020E+00 0.1794E-02 0.1043E-01 0.2490E-01 0.1092E-02 0.8917E-04 0.1336E-01 0.9750E-02 0.1069E+00 0.3939E+00 0.1757E-03 0.2403E-03 0.1363E-01 0.1458E-03 0.3794E-03 0.6886E-03 0.4210E-02 0.1380E-03 0.0000E+00
0.0000E+00 0.0000E+00 0.0000E+00 0.0000E+00 0.0000E+00 0.0000E+00 0.0000E+00 0.0000E+00 0.0000E+00 0.0000E+00 0.0000E+00 0.0000E+00 0.0000E+00 0.0000E+00 0.0000E+00 0.0000E+00 0.0000E+00 0.0000E+00 0.0000E+00 0.0000E+00 0.0000E+00 0.0000E+00
