p4_rainB_highsm_sedtr.asc
ncols     22
nrows     62
xllcorner      0.00000000
yllcorner      0.00000000
cellsize      0.50000000
nodata_value -9999
0.0000E+00 0.0000E+00 0.0000E+00 0.0000E+00 0.0000E+00 0.0000E+00 0.0000E+00 0.0000E+00 0.0000E+00 0.0000E+00 0.0000E+00 0.0000E+00 0.0000E+00 0.0000E+00 0.0000E+00 0.0000E+00 0.0000E+00 0.0000E+00 0.0000E+00 0.0000E+00 0.0000E+00 0.0000E+00
0.0000E+00 0.2351E-01 0.1713E-01 0.1696E-01 0.3474E-01 0.8048E-02 0.2926E-01 0.5291E-01 0.2430E-01 0.3975E-01 0.1272E-02 0.1430E-01 0.4898E-01 0.3408E-01 0.6138E-01 0.7975E-01 0.7116E-01 0.3693E-01 0.1374E-01 0.2884E-01 0.4689E-01 0.0000E+00
0.0000E+00 0.4443E-01 0.8182E-01 0.2315E-01 0.3771E-01 0.6148E-01 0.3466E-01 0.9950E-01 0.4739E-01 0.9135E-01 0.5327E-01 0.4827E-01 0.1173E+00 0.8071E-01 0.7204E-01 0.7883E-01 0.1491E+00 0.1004E+00 0.5147E-01 0.4509E-01 0.1928E-01 0.0000E+00
0.0000E+00 0.8718E-01 0.1334E+00 0.8146E-01 0.3461E-01 0.6286E-01 0.1081E+00 0.1176E+00 0.2488E-01 0.9851E-01 0.5129E-01 0.5345E-02 0.1108E+00 0.5858E-01 0.5333E-01 0.2485E-01 0.1433E+00 0.1824E-01 0.1572E-01 0.5396E-01 0.1606E-01 0.0000E+00
0.0000E+00 0.1266E+00 0.1456E+00 0.7057E-01 0.1139E-01 0.1349E+00 0.1044E-01 0.7735E-01 0.4224E-01 0.9198E-01 0.1029E+00 0.5031E-01 0.1405E+00 0.1016E+00 0.8322E-01 0.7384E-01 0.1098E+00 0.9063E-01 0.5808E-01 0.4500E-01 0.3135E-01 0.0000E+00
0.0000E+00 0.1088E+00 0.1561E+00 0.7606E-01 0.5088E-01 0.1071E+00 0.1082E-01 0.6593E-01 0.9183E-01 0.9985E-01 0.7433E-01 0.2792E-01 0.1476E+00 0.1303E+00 0.8169E-01 0.8856E-02 0.3931E-01 0.6574E-01 0.1381E+00 0.8409E-01 0.6360E-01 0.0000E+00
0.0000E+00 0.5849E-01 0.1597E+00 0.4389E-01 0.4439E-01 0.1202E+00 0.5195E-01 0.1515E+00 0.1455E+00 0.1034E+00 0.1116E+00 0.9162E-01 0.1754E+00 0.1233E+00 0.1217E+00 0.1234E-01 0.1083E-01 0.2251E-01 0.1316E+00 0.5664E-01 0.4092E-01 0.0000E+00
0.0000E+00 0.4721E-01 0.1488E+00 0.1268E-01 0.2616E-01 0.8709E-01 0.1283E+00 0.2025E+00 0.2191E+00 0.1181E+00 0.1147E-01 0.5938E-01 0.1525E+00 0.1274E+00 0.1541E+00 0.2067E-01 0.2107E-01 0.4261E-01 0.1209E+00 0.2774E-01 0.1665E-01 0.0000E+00
0.0000E+00 0.1119E+00 0.1215E+00 0.1258E-01 0.1091E+00 0.1498E+00 0.1667E+00 0.1182E+00 0.1386E+00 0.2351E-01 0.2323E-01 0.5590E-01 0.1783E+00 0.1942E+00 0.1794E+00 0.4222E-01 0.1811E-01 0.1209E+00 0.1103E+00 0.4225E-01 0.6169E-01 0.0000E+00
0.0000E+00 0.1466E+00 0.1621E+00 0.8810E-01 0.1363E+00 0.1165E+00 0.9810E-01 0.1182E+00 0.1052E+00 0.8035E-01 0.9249E-01 0.4491E-01 0.1739E+00 0.8747E-01 0.8644E-01 0.7088E-01 0.7646E-01 0.1577E+00 0.3920E-01 0.3949E-01 0.1307E+00 0.0000E+00
0.0000E+00 0.8036E-01 0.1308E+00 0.1130E+00 0.1315E+00 0.1065E+00 0.1153E+00 0.1798E+00 0.9798E-01 0.7384E-01 0.1419E+00 0.8905E-01 0.1946E+00 0.9486E-01 0.9752E-01 0.7407E-01 0.6368E-01 0.1117E+00 0.4801E-01 0.3364E-01 0.9139E-01 0.0000E+00
0.0000E+00 0.1180E+00 0.1341E+00 0.1189E+00 0.9685E-01 0.8261E-01 0.9608E-01 0.1903E+00 0.7916E-01 0.4898E-01 0.1373E+00 0.5063E-01 0.1372E+00 0.8874E-02 0.1967E+00 0.1286E+00 0.1102E+00 0.1241E+00 0.9054E-01 0.4477E-01 0.1169E+00 0.0000E+00
0.0000E+00 0.8880E-01 0.1283E+00 0.1371E+00 0.1397E+00 0.3735E-01 0.1237E+00 0.1544E+00 0.1820E+00 0.2452E-01 0.1447E+00 0.4091E-01 0.9034E-01 0.5080E-01 0.1605E+00 0.1639E+00 0.1382E+00 0.1537E+00 0.9148E-01 0.4455E-01 0.8791E-01 0.0000E+00
0.0000E+00 0.1050E+00 0.1236E+00 0.1619E+00 0.2017E+00 0.1343E+00 0.6757E-01 0.3735E-01 0.1795E+00 0.4661E-01 0.1747E+00 0.8373E-01 0.1549E-01 0.1661E-01 0.9612E-01 0.1761E+00 0.1081E+00 0.1012E+00 0.1198E+00 0.6129E-01 0.5858E-01 0.0000E+00
0.0000E+00 0.6386E-01 0.1090E+00 0.1549E+00 0.1861E+00 0.1198E+00 0.1462E+00 0.8285E-01 0.1465E+00 0.7615E-01 0.1993E+00 0.1085E+00 0.4280E-01 0.7731E-01 0.1471E+00 0.1903E+00 0.1090E+00 0.1203E+00 0.1396E+00 0.1970E-01 0.2249E-01 0.0000E+00
0.0000E+00 0.4280E-01 0.8718E-01 0.1695E+00 0.1851E+00 0.1635E+00 0.8513E-01 0.3910E-01 0.1422E+00 0.8354E-01 0.1583E+00 0.5958E-01 0.2999E-01 0.1239E+00 0.1101E+00 0.1611E+00 0.6960E-01 0.1169E+00 0.1753E+00 0.1090E+00 0.5622E-01 0.0000E+00
0.0000E+00 0.3834E-01 0.1028E+00 0.1896E+00 0.2129E+00 0.1647E+00 0.3278E-01 0.9059E-01 0.1931E+00 0.1464E+00 0.1509E+00 0.6945E-01 0.5770E-01 0.6464E-01 0.4894E-01 0.1603E+00 0.1901E+00 0.1308E+00 0.1870E+00 0.1053E+00 0.4809E-01 0.0000E+00
0.0000E+00 0.1623E-01 0.7406E-01 0.1410E+00 0.1738E+00 0.1579E+00 0.7514E-01 0.6662E-01 0.1591E+00 0.1392E+00 0.2062E+00 0.1481E+00 0.8689E-01 0.6187E-01 0.2432E-01 0.5828E-01 0.2267E+00 0.1283E+00 0.1763E+00 0.1132E+00 0.1614E+00 0.0000E+00
0.0000E+00 0.3392E-01 0.5648E-01 0.1270E+00 0.1480E+00 0.2019E+00 0.7530E-01 0.4800E-01 0.1397E+00 0.1345E+00 0.2294E+00 0.1766E+00 0.9705E-01 0.1246E-01 0.1160E-01 0.6543E-01 0.2192E+00 0.1411E+00 0.1564E+00 0.9264E-01 0.1214E+00 0.0000E+00
0.0000E+00 0.1103E+00 0.8073E-01 0.1144E+00 0.1288E+00 0.1466E+00 0.1083E-01 0.2846E-01 0.1824E+00 0.1425E+00 0.2263E+00 0.3628E-01 0.7968E-01 0.1803E-01 0.1413E-01 0.4557E-01 0.2834E+00 0.1340E+00 0.9639E-01 0.9798E-01 0.1195E+00 0.0000E+00
0.0000E+00 0.1054E+00 0.9561E-01 0.1339E+00 0.8874E-01 0.8740E-01 0.1829E-01 0.3260E-01 0.1391E+00 0.1515E+00 0.1967E+00 0.1492E+00 0.5129E-01 0.2892E-01 0.2886E-01 0.3273E-01 0.2584E+00 0.1545E-01 0.1870E-01 0.1342E+00 0.1322E+00 0.0000E+00
0.0000E+00 0.1184E+00 0.5597E-01 0.1925E+00 0.1236E+00 0.6913E-01 0.1170E-01 0.5197E-01 0.1159E+00 0.1775E+00 0.1826E+00 0.1457E+00 0.3682E-01 0.3028E-01 0.9539E-01 0.2665E-01 0.2600E+00 0.1351E+00 0.2605E-01 0.1491E+00 0.1158E+00 0.0000E+00
0.0000E+00 0.1099E+00 0.7936E-01 0.1885E+00 0.9421E-01 0.2252E-01 0.8083E-01 0.1047E+00 0.3925E-01 0.1501E+00 0.1586E+00 0.1473E+00 0.5467E-01 0.7506E-01 0.1090E+00 0.8027E-01 0.2427E+00 0.6648E-01 0.2658E-01 0.1619E+00 0.1457E+00 0.0000E+00
0.0000E+00 0.9778E-01 0.9504E-01 0.1918E+00 0.2138E-01 0.1710E-01 0.1995E+00 0.6195E-01 0.1866E-01 0.1356E+00 0.1445E+00 0.1438E+00 0.9882E-01 0.8886E-01 0.1632E+00 0.5331E-01 0.2433E+00 0.4936E-01 0.1137E+00 0.2080E+00 0.2104E+00 0.0000E+00
0.0000E+00 0.1217E+00 0.7401E-01 0.1567E+00 0.1888E-01 0.2768E-01 0.1180E+00 0.3906E-01 0.4292E-01 0.1306E+00 0.1187E+00 0.1530E+00 0.1689E+00 0.8100E-01 0.1810E+00 0.9599E-01 0.2667E+00 0.7609E-01 0.1478E+00 0.1072E+00 0.1546E+00 0.0000E+00
0.0000E+00 0.6485E-01 0.8524E-01 0.1345E+00 0.1266E+00 0.8461E-01 0.1300E+00 0.8617E-01 0.6472E-01 0.1328E+00 0.3764E-01 0.1547E-01 0.1293E+00 0.6992E-01 0.1974E+00 0.1026E+00 0.2434E+00 0.1042E+00 0.1220E+00 0.1046E+00 0.1384E+00 0.0000E+00
0.0000E+00 0.5383E-01 0.7601E-01 0.5689E-01 0.8134E-01 0.3538E-01 0.1349E+00 0.1674E+00 0.1735E+00 0.1588E+00 0.1490E+00 0.7512E-01 0.8900E-01 0.9523E-01 0.2072E+00 0.1048E+00 0.2168E+00 0.1430E+00 0.1900E+00 0.2063E+00 0.1985E+00 0.0000E+00
0.0000E+00 0.8948E-01 0.4573E-01 0.6874E-01 0.1252E+00 0.1233E+00 0.1654E+00 0.1077E+00 0.1213E+00 0.1548E+00 0.1321E+00 0.1422E+00 0.9756E-01 0.1101E+00 0.1994E+00 0.1535E+00 0.2282E+00 0.1314E+00 0.1681E+00 0.1936E+00 0.1591E+00 0.0000E+00
0.0000E+00 0.1471E+00 0.1339E+00 0.8628E-01 0.1373E+00 0.1778E+00 0.1111E+00 0.1260E+00 0.1035E+00 0.9851E-01 0.1064E+00 0.1490E+00 0.3317E-01 0.3903E-01 0.1992E+00 0.1588E+00 0.2395E+00 0.1603E+00 0.1835E+00 0.1316E+00 0.1904E+00 0.0000E+00
0.0000E+00 0.1273E+00 0.9355E-01 0.8568E-01 0.1593E+00 0.1665E+00 0.7116E-01 0.5199E-01 0.7159E-01 0.7565E-01 0.1637E+00 0.1780E+00 0.3815E-01 0.3200E-01 0.2215E+00 0.1238E+00 0.2087E+00 0.1560E+00 0.1660E+00 0.5924E-01 0.1198E+00 0.0000E+00
0.0000E+00 0.1409E+00 0.9192E-01 0.7919E-01 0.1006E+00 0.2007E+00 0.8266E-01 0.2239E-01 0.1271E+00 0.1016E+00 0.1345E+00 0.9662E-01 0.1072E+00 0.2576E-01 0.2064E+00 0.1287E+00 0.1903E+00 0.1157E+00 0.1308E+00 0.7516E-01 0.8056E-01 0.0000E+00
0.0000E+00 0.1378E+00 0.1094E+00 0.5364E-01 0.1187E+00 0.1788E+00 0.2291E-01 0.2088E-01 0.1403E+00 0.9113E-01 0.1275E+00 0.4064E-01 0.1171E+00 0.1327E+00 0.1964E+00 0.1524E+00 0.1835E+00 0.1017E+00 0.1227E+00 0.1049E+00 0.1421E+00 0.0000E+00
0.0000E+00 0.1474E+00 0.1386E+00 0.4246E-01 0.7970E-01 0.1863E+00 0.8274E-01 0.7201E-01 0.8790E-01 0.9169E-01 0.1606E+00 0.9891E-01 0.1688E+00 0.1458E+00 0.3765E-01 0.9147E-01 0.1835E+00 0.1005E+00 0.1387E+00 0.1206E+00 0.1761E+00 0.0000E+00
0.0000E+00 0.1606E+00 0.9013E-01 0.2920E-01 0.8860E-01 0.1838E+00 0.4299E-01 0.3327E-01 0.3795E-01 0.8571E-01 0.1495E+00 0.5558E-01 0.1142E+00 0.2037E+00 0.1369E+00 0.2061E+00 0.1454E+00 0.4306E-01 0.1121E+00 0.1158E+00 0.1495E+00 0.0000E+00
0.0000E+00 0.1692E+00 0.1525E+00 0.1393E+00 0.1652E+00 0.1859E+00 0.7600E-01 0.1316E+00 0.1412E+00 0.1454E+00 0.1166E+00 0.6564E-01 0.1296E+00 0.1702E+00 0.1621E+00 0.2140E+00 0.9235E-01 0.3843E-01 0.4738E-01 0.2475E-01 0.1604E+00 0.0000E+00
0.0000E+00 0.1932E+00 0.1953E+00 0.1633E+00 0.9251E-01 0.1817E+00 0.1098E+00 0.1185E+00 0.8277E-01 0.1304E+00 0.1445E+00 0.3773E-01 0.9875E-01 0.1921E+00 0.2673E+00 0.2091E+00 0.1202E+00 0.5560E-01 0.6792E-01 0.1045E+00 0.1867E+00 0.0000E+00
0.0000E+00 0.2461E+00 0.1906E+00 0.1521E+00 0.5427E-01 0.1638E+00 0.9828E-01 0.1390E+00 0.1415E+00 0.1002E+00 0.1075E+00 0.6344E-01 0.2381E-01 0.1715E+00 0.2286E+00 0.5511E-01 0.7285E-01 0.1893E-01 0.1646E-01 0.5445E-01 0.1487E+00 0.0000E+00
0.0000E+00 0.2394E+00 0.5908E-01 0.3797E-01 0.1282E+00 0.1610E+00 0.1242E+00 0.1734E+00 0.2127E+00 0.7956E-01 0.1210E+00 0.7807E-01 0.1149E-01 0.1768E+00 0.2098E+00 0.1308E+00 0.9130E-01 0.2546E-01 0.2498E-01 0.7400E-01 0.1416E+00 0.0000E+00
0.0000E+00 0.2594E+00 0.1874E-01 0.2834E-01 0.2504E+00 0.2308E+00 0.1984E+00 0.2216E+00 0.2424E+00 0.6799E-01 0.1523E+00 0.9384E-01 0.3581E-01 0.1645E+00 0.3347E+00 0.1395E+00 0.8172E-01 0.7732E-01 0.3801E-01 0.5253E-01 0.1288E+00 0.0000E+00
0.0000E+00 0.2269E+00 0.2243E-01 0.2718E-01 0.2501E+00 0.2018E+00 0.1808E+00 0.1541E+00 0.2055E+00 0.3154E-01 0.1157E+00 0.1745E+00 0.1122E-01 0.5953E-01 0.3093E+00 0.8469E-01 0.8648E-01 0.5283E-01 0.2675E-01 0.7208E-01 0.7370E-01 0.0000E+00
0.0000E+00 0.1763E+00 0.1791E-01 0.7633E-01 0.3313E+00 0.2349E+00 0.1177E+00 0.1167E+00 0.2560E+00 0.7966E-01 0.7901E-01 0.1277E+00 0.1810E-01 0.3632E-01 0.2760E+00 0.2697E+00 0.2909E+00 0.1255E+00 0.8326E-01 0.6665E-01 0.3435E-02 0.0000E+00
0.0000E+00 0.1271E+00 0.1037E+00 0.1078E+00 0.2836E+00 0.8888E-01 0.1172E+00 0.3797E-01 0.1776E+00 0.7419E-01 0.1083E+00 0.1392E+00 0.2883E-01 0.5149E-01 0.3834E-01 0.5998E-01 0.3273E+00 0.8832E-01 0.1575E+00 0.1480E+00 0.5904E-01 0.0000E+00
0.0000E+00 0.3014E-01 0.8617E-01 0.1214E+00 0.2442E+00 0.1595E+00 0.6991E-01 0.3981E-01 0.1820E+00 0.6848E-01 0.1840E+00 0.1757E+00 0.1028E+00 0.1200E+00 0.5553E-01 0.9341E-01 0.3297E+00 0.1409E+00 0.1576E+00 0.2018E+00 0.1897E+00 0.0000E+00
0.0000E+00 0.6679E-01 0.5648E-01 0.1499E+00 0.1846E+00 0.2228E+00 0.2411E+00 0.1447E+00 0.2083E+00 0.6012E-01 0.1594E+00 0.1627E+00 0.1279E+00 0.1489E+00 0.5151E-01 0.1004E-01 0.3109E+00 0.3488E+00 0.1965E+00 0.1590E+00 0.1895E+00 0.0000E+00
0.0000E+00 0.4498E-01 0.1069E+00 0.2221E+00 0.4619E-01 0.8729E-01 0.2463E+00 0.1765E+00 0.1588E+00 0.5498E-01 0.1481E+00 0.1586E+00 0.1151E+00 0.1432E+00 0.3303E-01 0.1122E-01 0.4111E-01 0.3256E+00 0.1413E+00 0.1523E+00 0.1859E+00 0.0000E+00
0.0000E+00 0.3776E-01 0.5827E-01 0.2344E+00 0.1113E+00 0.6402E-01 0.3541E+00 0.1686E+00 0.4556E-01 0.7544E-01 0.1725E+00 0.1931E+00 0.1359E+00 0.1246E+00 0.4388E-01 0.1713E-01 0.4527E-01 0.3318E+00 0.7422E-01 0.1828E+00 0.1410E+00 0.0000E+00
0.0000E+00 0.1922E-01 0.5382E-01 0.1970E+00 0.6220E-01 0.7918E-01 0.3503E+00 0.9099E-01 0.1921E-01 0.4666E-01 0.1441E+00 0.1261E+00 0.1133E+00 0.1003E+00 0.2041E-01 0.9812E-01 0.2259E-01 0.3629E+00 0.3992E-01 0.1442E+00 0.9841E-01 0.0000E+00
0.0000E+00 0.1067E-01 0.2895E-01 0.1696E+00 0.1215E+00 0.1513E+00 0.3447E+00 0.1053E+00 0.1379E-01 0.6468E-01 0.1380E+00 0.1970E+00 0.9484E-01 0.8991E-01 0.4577E-01 0.6827E-01 0.4562E-01 0.3667E+00 0.1083E-01 0.1610E+00 0.1059E+00 0.0000E+00
0.0000E+00 0.3834E-01 0.3971E-01 0.1576E+00 0.1483E+00 0.8624E-01 0.3704E+00 0.1229E+00 0.6786E-01 0.3436E-01 0.1337E+00 0.2026E+00 0.1279E+00 0.9358E-01 0.2369E-01 0.4577E-01 0.1429E+00 0.3606E+00 0.1024E+00 0.1545E+00 0.8451E-01 0.0000E+00
0.0000E+00 0.1505E+00 0.1321E+00 0.1765E+00 0.1427E+00 0.4170E+00 0.3811E+00 0.8844E-01 0.3366E-01 0.3332E-01 0.1532E+00 0.1562E+00 0.6194E-01 0.8330E-01 0.1187E+00 0.2653E-01 0.1344E+00 0.3336E+00 0.1424E+00 0.1221E+00 0.3715E-01 0.0000E+00
0.0000E+00 0.1424E+00 0.1596E+00 0.1628E+00 0.1376E+00 0.4531E+00 0.1481E+00 0.7948E-01 0.7736E-01 0.8480E-01 0.1858E+00 0.1955E+00 0.1139E+00 0.1418E+00 0.1346E+00 0.3175E+00 0.3281E+00 0.3217E+00 0.1063E+00 0.5368E-01 0.6234E-01 0.0000E+00
0.0000E+00 0.1104E+00 0.1263E+00 0.5564E+00 0.4605E+00 0.4180E+00 0.9648E-01 0.1614E-01 0.4381E-01 0.4898E-01 0.1429E+00 0.2188E+00 0.1772E+00 0.8043E-01 0.3795E+00 0.3541E+00 0.4125E-01 0.6681E-01 0.9310E-01 0.8871E-02 0.2324E-01 0.0000E+00
0.0000E+00 0.1182E+00 0.5518E+00 0.5317E+00 0.1080E+00 0.5159E-01 0.7628E-01 0.3296E-01 0.4064E-01 0.8094E-01 0.1513E+00 0.2685E+00 0.1297E+00 0.1339E+00 0.3637E+00 0.9436E-01 0.5796E-02 0.4467E-01 0.7510E-01 0.1121E-01 0.1287E-01 0.0000E+00
0.0000E+00 0.5664E+00 0.5285E+00 0.3291E-01 0.8142E-01 0.9009E-01 0.1625E+00 0.2707E-01 0.3647E-01 0.1516E+00 0.9779E-01 0.2442E+00 0.1564E+00 0.1051E+00 0.3816E+00 0.5866E-01 0.1582E-01 0.1044E-01 0.7446E-01 0.6083E-01 0.4213E-01 0.0000E+00
0.0000E+00 0.5751E+00 0.7274E-01 0.7773E-01 0.9726E-01 0.5121E-01 0.1007E+00 0.8932E-01 0.9510E-01 0.1113E+00 0.4711E-01 0.2211E+00 0.1475E+00 0.1487E+00 0.3938E+00 0.5152E-01 0.2586E-01 0.2074E-01 0.1489E+00 0.3801E-01 0.4831E-01 0.0000E+00
0.0000E+00 0.5726E+00 0.1305E+00 0.1035E+00 0.1092E+00 0.1033E+00 0.1289E+00 0.8480E-01 0.7975E-01 0.8444E-01 0.5434E-01 0.2016E+00 0.1305E+00 0.1066E+00 0.3958E+00 0.1069E+00 0.6867E-01 0.1782E-01 0.8267E-01 0.4930E-01 0.3567E-01 0.0000E+00
0.0000E+00 0.6080E+00 0.1376E+00 0.1078E+00 0.6904E-01 0.1432E+00 0.1703E+00 0.1044E+00 0.4317E-01 0.8621E-01 0.6471E-01 0.1861E+00 0.3815E+00 0.3348E+00 0.3345E+00 0.3711E-01 0.1151E+00 0.1541E+00 0.1258E+00 0.1118E+00 0.9036E-01 0.0000E+00
0.0000E+00 0.5954E+00 0.1301E+00 0.1275E+00 0.5659E-01 0.1355E+00 0.1847E+00 0.7929E-01 0.1610E-01 0.1500E+00 0.1434E+00 0.1931E+00 0.3695E+00 0.7150E-01 0.3683E-01 0.4353E-01 0.7523E-01 0.4043E-01 0.3835E-01 0.1695E+00 0.7007E-01 0.0000E+00
0.0000E+00 0.4587E+00 0.4125E+00 0.4169E+00 0.3135E-01 0.1449E+00 0.2367E+00 0.1154E+00 0.6369E-01 0.2100E+00 0.1773E+00 0.1685E+00 0.3890E+00 0.6362E-01 0.6014E-01 0.1300E+00 0.5053E-01 0.4683E-01 0.7570E-01 0.1451E+00 0.1008E+00 0.0000E+00
0.0000E+00 0.1438E-01 0.2166E-01 0.3861E+00 0.4377E-01 0.1472E+00 0.2759E+00 0.1232E+00 0.3363E-01 0.2097E+00 0.1608E+00 0.1505E+00 0.3855E+00 0.5074E-01 0.2844E-01 0.8401E-01 0.8737E-01 0.9169E-01 0.8192E-01 0.9954E-01 0.3212E-01 0.0000E+00
0.0000E+00 0.2910E-01 0.6235E-01 0.3656E+00 0.6260E-01 0.1341E+00 0.2357E+00 0.7470E-01 0.5796E-02 0.1702E+00 0.1444E+00 0.1272E+00 0.3795E+00 0.1865E-01 0.3974E-01 0.9714E-01 0.3526E-01 0.6925E-01 0.6363E-01 0.6421E-01 0.2064E-01 0.0000E+00
0.0000E+00 0.0000E+00 0.0000E+00 0.0000E+00 0.0000E+00 0.0000E+00 0.0000E+00 0.0000E+00 0.0000E+00 0.0000E+00 0.0000E+00 0.0000E+00 0.0000E+00 0.0000E+00 0.0000E+00 0.0000E+00 0.0000E+00 0.0000E+00 0.0000E+00 0.0000E+00 0.0000E+00 0.0000E+00
