p4_rainA_lowsm_sedtr.asc
ncols     22
nrows     62
xllcorner      0.00000000
yllcorner      0.00000000
cellsize      0.50000000
nodata_value -9999
0.0000E+00 0.0000E+00 0.0000E+00 0.0000E+00 0.0000E+00 0.0000E+00 0.0000E+00 0.0000E+00 0.0000E+00 0.0000E+00 0.0000E+00 0.0000E+00 0.0000E+00 0.0000E+00 0.0000E+00 0.0000E+00 0.0000E+00 0.0000E+00 0.0000E+00 0.0000E+00 0.0000E+00 0.0000E+00
0.0000E+00 0.3190E+00 0.4970E+00 0.2733E+00 0.3678E+00 0.2777E+00 0.3293E+00 0.4509E+00 0.2061E+00 0.3591E+00 0.6239E-01 0.1974E+00 0.4205E+00 0.3543E+00 0.4859E+00 0.5707E+00 0.5198E+00 0.3703E+00 0.2474E+00 0.3532E+00 0.4099E+00 0.0000E+00
0.0000E+00 0.4452E+00 0.9291E+00 0.3156E+00 0.3570E+00 0.6995E+00 0.7538E+00 0.8058E+00 0.3799E+00 0.6953E+00 0.4086E+00 0.4327E+00 0.9819E+00 0.6858E+00 0.7160E+00 0.7453E+00 0.1259E+01 0.7653E+00 0.4849E+00 0.7000E+00 0.3900E+00 0.0000E+00
0.0000E+00 0.8147E+00 0.1164E+01 0.6349E+00 0.2378E+00 0.4781E+00 0.9568E+00 0.1407E+01 0.3230E+00 0.8658E+00 0.4446E+00 0.6492E-01 0.1036E+01 0.6460E+00 0.7094E+00 0.5588E+00 0.1289E+01 0.1374E+00 0.1304E+00 0.7680E+00 0.4142E+00 0.0000E+00
0.0000E+00 0.1137E+01 0.1290E+01 0.7658E+00 0.1810E+00 0.8958E+00 0.9144E-01 0.1170E+01 0.5023E+00 0.9281E+00 0.7290E+00 0.3663E+00 0.1145E+01 0.8910E+00 0.9040E+00 0.7650E+00 0.1601E+01 0.1447E+01 0.1002E+01 0.1005E+01 0.5019E+00 0.0000E+00
0.0000E+00 0.1216E+01 0.2034E+01 0.1099E+01 0.4808E+00 0.8983E+00 0.1284E+00 0.1057E+01 0.7770E+00 0.1029E+01 0.7228E+00 0.3159E+00 0.1180E+01 0.1080E+01 0.9529E+00 0.8669E-01 0.3122E+00 0.1400E+01 0.2420E+01 0.5602E+00 0.4689E+00 0.0000E+00
0.0000E+00 0.1088E+01 0.2125E+01 0.4102E+00 0.3672E+00 0.1035E+01 0.4397E+00 0.1284E+01 0.1063E+01 0.1100E+01 0.9349E+00 0.1075E+01 0.1941E+01 0.1137E+01 0.1130E+01 0.9936E-01 0.8997E-01 0.1070E+00 0.2195E+01 0.3805E+00 0.4115E+00 0.0000E+00
0.0000E+00 0.1060E+01 0.1961E+01 0.1246E+00 0.3313E+00 0.9630E+00 0.8496E+00 0.1455E+01 0.2074E+01 0.1196E+01 0.1222E+00 0.4504E+00 0.1763E+01 0.1202E+01 0.1295E+01 0.1771E+00 0.1698E+00 0.2550E+00 0.2345E+01 0.5071E+00 0.3137E+00 0.0000E+00
0.0000E+00 0.1308E+01 0.1801E+01 0.1545E+00 0.7788E+00 0.1231E+01 0.1130E+01 0.1197E+01 0.1872E+01 0.2075E+00 0.2130E+00 0.4927E+00 0.1752E+01 0.1465E+01 0.1440E+01 0.3453E+00 0.1920E+00 0.2202E+01 0.2167E+01 0.3701E+00 0.4758E+00 0.0000E+00
0.0000E+00 0.1490E+01 0.1860E+01 0.6142E+00 0.1020E+01 0.1165E+01 0.9373E+00 0.1195E+01 0.1662E+01 0.5320E+00 0.6143E+00 0.4711E+00 0.1688E+01 0.1147E+01 0.1195E+01 0.5900E+00 0.5551E+00 0.2196E+01 0.3003E+00 0.3812E+00 0.8671E+00 0.0000E+00
0.0000E+00 0.1268E+01 0.1748E+01 0.8722E+00 0.1119E+01 0.1183E+01 0.1062E+01 0.1397E+01 0.1554E+01 0.6377E+00 0.1227E+01 0.7229E+00 0.2536E+01 0.1161E+01 0.1224E+01 0.6210E+00 0.6174E+00 0.2075E+01 0.4395E+00 0.3616E+00 0.7974E+00 0.0000E+00
0.0000E+00 0.1420E+01 0.1734E+01 0.1022E+01 0.1071E+01 0.1138E+01 0.1784E+01 0.1464E+01 0.1418E+01 0.3682E+00 0.1228E+01 0.6712E+00 0.2283E+01 0.8476E-01 0.1542E+01 0.8998E+00 0.8585E+00 0.2047E+01 0.7457E+00 0.4137E+00 0.9981E+00 0.0000E+00
0.0000E+00 0.1338E+01 0.1707E+01 0.1177E+01 0.1241E+01 0.3462E+00 0.1732E+01 0.2657E+01 0.3672E+01 0.3019E+00 0.1288E+01 0.6677E+00 0.2056E+01 0.1919E+01 0.3042E+01 0.1116E+01 0.1026E+01 0.2075E+01 0.7757E+00 0.4316E+00 0.9741E+00 0.0000E+00
0.0000E+00 0.1407E+01 0.1686E+01 0.1336E+01 0.1486E+01 0.8416E+00 0.4867E+00 0.3463E+00 0.3576E+01 0.4326E+00 0.1877E+01 0.8446E+00 0.8056E-01 0.8492E-01 0.2793E+01 0.3446E+01 0.9724E+00 0.1997E+01 0.1645E+01 0.1109E+01 0.9056E+00 0.0000E+00
0.0000E+00 0.1294E+01 0.2668E+01 0.1383E+01 0.1473E+01 0.8835E+00 0.9415E+00 0.5491E+00 0.3297E+01 0.6255E+00 0.1845E+01 0.6529E+00 0.3122E+00 0.5482E+00 0.9954E+00 0.3761E+01 0.9913E+00 0.2000E+01 0.1570E+01 0.9665E-01 0.1070E+00 0.0000E+00
0.0000E+00 0.3841E+00 0.2639E+01 0.1480E+01 0.1487E+01 0.1149E+01 0.7609E+00 0.4235E+00 0.3149E+01 0.6676E+00 0.1670E+01 0.5345E+00 0.3099E+00 0.6960E+00 0.6575E+00 0.3378E+01 0.8442E+00 0.1975E+01 0.1588E+01 0.5929E+00 0.3252E+00 0.0000E+00
0.0000E+00 0.3254E+00 0.2536E+01 0.1591E+01 0.1614E+01 0.1267E+01 0.5909E+00 0.7139E+00 0.3154E+01 0.9837E+00 0.1614E+01 0.1238E+01 0.9625E+00 0.8577E+00 0.7360E+00 0.3575E+01 0.3967E+01 0.1995E+01 0.1575E+01 0.7148E+00 0.3615E+00 0.0000E+00
0.0000E+00 0.2666E+00 0.2361E+01 0.3447E+01 0.1550E+01 0.1758E+01 0.7878E+00 0.7359E+00 0.3480E+01 0.1067E+01 0.2798E+01 0.1665E+01 0.5734E+00 0.5236E+00 0.3318E+00 0.4486E+00 0.3964E+01 0.1988E+01 0.1521E+01 0.7608E+00 0.8981E+00 0.0000E+00
0.0000E+00 0.4556E+00 0.4664E+00 0.3392E+01 0.1500E+01 0.2066E+01 0.5277E+00 0.4026E+00 0.3263E+01 0.1072E+01 0.3263E+01 0.1168E+01 0.6704E+00 0.1079E+00 0.9616E-01 0.4344E+00 0.3743E+01 0.1999E+01 0.1456E+01 0.7701E+00 0.8901E+00 0.0000E+00
0.0000E+00 0.8033E+00 0.5279E+00 0.3111E+01 0.1455E+01 0.1784E+01 0.9237E-01 0.3396E+00 0.3231E+01 0.1118E+01 0.2976E+01 0.2532E+00 0.5291E+00 0.1274E+00 0.1069E+00 0.4593E+00 0.6448E+01 0.3032E+01 0.1299E+01 0.8039E+00 0.9039E+00 0.0000E+00
0.0000E+00 0.8708E+00 0.7257E+00 0.2994E+01 0.1333E+01 0.1518E+01 0.2240E+00 0.5067E+00 0.3388E+01 0.1191E+01 0.2709E+01 0.8721E+00 0.4803E+00 0.2172E+00 0.2181E+00 0.4152E+00 0.6261E+01 0.8054E-01 0.9291E-01 0.9889E+00 0.1036E+01 0.0000E+00
0.0000E+00 0.1021E+01 0.6332E+00 0.5025E+01 0.2433E+01 0.1378E+01 0.6566E-01 0.3857E+00 0.3200E+01 0.3974E+01 0.2546E+01 0.9046E+00 0.4461E+00 0.2612E+00 0.6612E+00 0.4026E+00 0.6149E+01 0.6963E+00 0.1662E+00 0.1112E+01 0.1058E+01 0.0000E+00
0.0000E+00 0.1079E+01 0.8107E+00 0.5011E+01 0.6064E+00 0.1070E+00 0.5141E+00 0.6760E+00 0.2928E+00 0.3745E+01 0.2408E+01 0.9389E+00 0.5281E+00 0.5400E+00 0.8692E+00 0.6831E+00 0.6271E+01 0.5763E+00 0.2409E+00 0.1221E+01 0.1202E+01 0.0000E+00
0.0000E+00 0.1097E+01 0.9450E+00 0.4753E+01 0.1439E+00 0.1201E+00 0.1095E+01 0.5529E+00 0.2466E+00 0.3583E+01 0.2309E+01 0.9564E+00 0.7967E+00 0.7301E+00 0.1161E+01 0.6111E+00 0.6155E+01 0.4086E+00 0.6802E+00 0.1425E+01 0.1460E+01 0.0000E+00
0.0000E+00 0.1215E+01 0.9352E+00 0.4528E+01 0.1797E+00 0.2091E+00 0.8793E+00 0.4985E+00 0.4502E+00 0.3521E+01 0.2199E+01 0.2739E+01 0.3075E+01 0.8019E+00 0.1326E+01 0.7960E+00 0.6133E+01 0.5882E+00 0.9434E+00 0.1187E+01 0.1347E+01 0.0000E+00
0.0000E+00 0.1003E+01 0.1004E+01 0.4374E+01 0.4317E+01 0.4158E+01 0.4590E+01 0.7259E+00 0.6134E+00 0.3476E+01 0.3468E+00 0.8054E-01 0.2817E+01 0.7952E+00 0.1906E+01 0.8265E+00 0.6054E+01 0.8426E+00 0.9348E+00 0.1184E+01 0.1335E+01 0.0000E+00
0.0000E+00 0.9769E+00 0.9677E+00 0.3934E+00 0.5656E+00 0.3416E+00 0.4385E+01 0.1078E+01 0.1069E+01 0.3465E+01 0.8961E+00 0.5043E+00 0.2576E+01 0.2504E+01 0.3877E+01 0.9099E+00 0.5983E+01 0.1113E+01 0.1246E+01 0.1510E+01 0.1547E+01 0.0000E+00
0.0000E+00 0.1097E+01 0.8324E+00 0.5590E+00 0.9276E+00 0.7858E+00 0.4302E+01 0.9286E+00 0.9520E+00 0.3410E+01 0.9742E+00 0.1163E+01 0.6312E+00 0.6743E+00 0.3935E+01 0.1123E+01 0.5976E+01 0.1186E+01 0.1234E+01 0.1514E+01 0.1465E+01 0.0000E+00
0.0000E+00 0.1316E+01 0.1132E+01 0.7276E+00 0.1118E+01 0.4518E+01 0.4076E+01 0.1042E+01 0.9611E+00 0.3273E+01 0.9911E+00 0.1214E+01 0.2389E+00 0.2762E+00 0.3672E+01 0.1154E+01 0.5971E+01 0.1362E+01 0.1366E+01 0.1350E+01 0.1578E+01 0.0000E+00
0.0000E+00 0.1279E+01 0.1026E+01 0.7832E+00 0.1305E+01 0.4611E+01 0.5212E+00 0.8489E+00 0.1453E+01 0.3192E+01 0.3979E+01 0.1379E+01 0.3312E+00 0.2975E+00 0.3521E+01 0.1101E+01 0.5901E+01 0.1424E+01 0.1375E+01 0.1147E+01 0.1397E+01 0.0000E+00
0.0000E+00 0.1355E+01 0.1040E+01 0.8448E+00 0.1122E+01 0.4777E+01 0.5644E+00 0.2017E+00 0.1497E+01 0.6667E+00 0.3820E+01 0.1157E+01 0.1365E+01 0.3184E+00 0.3369E+01 0.1147E+01 0.5861E+01 0.1352E+01 0.2140E+01 0.1171E+01 0.1284E+01 0.0000E+00
0.0000E+00 0.1393E+01 0.1129E+01 0.7733E+00 0.1227E+01 0.4633E+01 0.1947E+00 0.2296E+00 0.1489E+01 0.7733E+00 0.3733E+01 0.3662E+00 0.1536E+01 0.3215E+01 0.3252E+01 0.1254E+01 0.5853E+01 0.1324E+01 0.1991E+01 0.6563E+00 0.1454E+01 0.0000E+00
0.0000E+00 0.1472E+01 0.1262E+01 0.7228E+00 0.1144E+01 0.4484E+01 0.6057E+00 0.5796E+00 0.1609E+01 0.1924E+01 0.3714E+01 0.6310E+00 0.1619E+01 0.3130E+01 0.3477E+00 0.1079E+01 0.5852E+01 0.1333E+01 0.1937E+01 0.9156E+00 0.1567E+01 0.0000E+00
0.0000E+00 0.1566E+01 0.1127E+01 0.6321E+00 0.1180E+01 0.4374E+01 0.4954E+00 0.2850E+00 0.3542E+00 0.1728E+01 0.3627E+01 0.5568E+00 0.1412E+01 0.3169E+01 0.8671E+00 0.6741E+01 0.5794E+01 0.1147E+01 0.2933E+01 0.3166E+01 0.4074E+01 0.0000E+00
0.0000E+00 0.1645E+01 0.1334E+01 0.1039E+01 0.1440E+01 0.4306E+01 0.7309E+00 0.8216E+00 0.8688E+00 0.1752E+01 0.3519E+01 0.7174E+00 0.1845E+01 0.3090E+01 0.1127E+01 0.7094E+01 0.7209E+00 0.3691E+00 0.4400E+00 0.3335E+00 0.3927E+01 0.0000E+00
0.0000E+00 0.1766E+01 0.1509E+01 0.1194E+01 0.1207E+01 0.4251E+01 0.9740E+00 0.9425E+00 0.7399E+00 0.1634E+01 0.3552E+01 0.3594E+00 0.1822E+01 0.4509E+01 0.7641E+01 0.6983E+01 0.9265E+00 0.4400E+00 0.5618E+00 0.8677E+00 0.3773E+01 0.0000E+00
0.0000E+00 0.3519E+01 0.2261E+01 0.1236E+01 0.1058E+01 0.4192E+01 0.1039E+01 0.1120E+01 0.2018E+01 0.1520E+01 0.3458E+01 0.4961E+00 0.2749E+00 0.4394E+01 0.7363E+01 0.4563E+00 0.7935E+00 0.1315E+00 0.1192E+00 0.7004E+00 0.3544E+01 0.0000E+00
0.0000E+00 0.3669E+01 0.6113E+00 0.3716E+00 0.1280E+01 0.4164E+01 0.1196E+01 0.1329E+01 0.2379E+01 0.5532E+00 0.3469E+01 0.7142E+00 0.1417E+00 0.4300E+01 0.7183E+01 0.9236E+00 0.9217E+00 0.2037E+00 0.1982E+00 0.8250E+00 0.3393E+01 0.0000E+00
0.0000E+00 0.3531E+01 0.1343E+00 0.1976E+00 0.1709E+01 0.4318E+01 0.1522E+01 0.1584E+01 0.2336E+01 0.4101E+00 0.3557E+01 0.8757E+00 0.3086E+00 0.4281E+01 0.1114E+02 0.1108E+01 0.9519E+00 0.5650E+00 0.3419E+00 0.7783E+00 0.3266E+01 0.0000E+00
0.0000E+00 0.3303E+01 0.1936E+00 0.2410E+00 0.1765E+01 0.4259E+01 0.1546E+01 0.1424E+01 0.2147E+01 0.3677E+00 0.3473E+01 0.1232E+01 0.9367E-01 0.4804E+00 0.1094E+02 0.9632E+00 0.1056E+01 0.7870E+00 0.3976E+00 0.3467E+01 0.3056E+01 0.0000E+00
0.0000E+00 0.3065E+01 0.2089E+00 0.5856E+00 0.6567E+01 0.5334E+01 0.1400E+01 0.1349E+01 0.3546E+01 0.6802E+00 0.3344E+01 0.1105E+01 0.1608E+00 0.4348E+00 0.1075E+02 0.1071E+02 0.1108E+02 0.1009E+01 0.5597E+00 0.3341E+01 0.2824E-01 0.0000E+00
0.0000E+00 0.2856E+01 0.2793E+01 0.8414E+00 0.6287E+01 0.6067E+00 0.6952E+00 0.3728E+00 0.3279E+01 0.4807E+00 0.3427E+01 0.1168E+01 0.2809E+00 0.7513E+00 0.4145E+00 0.4826E+00 0.1109E+02 0.8800E+00 0.1018E+01 0.3385E+01 0.4602E+00 0.0000E+00
0.0000E+00 0.3329E+00 0.2768E+01 0.3164E+01 0.6071E+01 0.1070E+01 0.5875E+00 0.3023E+00 0.3024E+01 0.5600E+00 0.3611E+01 0.1356E+01 0.7303E+00 0.1270E+01 0.4738E+00 0.6795E+00 0.1113E+02 0.1056E+01 0.1177E+01 0.3429E+01 0.1109E+01 0.0000E+00
0.0000E+00 0.5435E+00 0.4674E+00 0.3286E+01 0.5825E+01 0.6364E+01 0.6520E+01 0.8608E+00 0.2970E+01 0.6647E+00 0.3954E+01 0.1355E+01 0.9787E+00 0.1403E+01 0.4039E+00 0.8931E-01 0.1084E+02 0.1121E+02 0.1428E+01 0.3320E+01 0.1282E+01 0.0000E+00
0.0000E+00 0.4923E+00 0.6578E+00 0.3489E+01 0.4277E+00 0.5725E+00 0.6562E+01 0.3167E+01 0.2785E+01 0.4896E+00 0.3843E+01 0.1409E+01 0.1064E+01 0.1427E+01 0.3727E+00 0.9321E-01 0.4140E+00 0.1090E+02 0.1290E+01 0.3302E+01 0.1431E+01 0.0000E+00
0.0000E+00 0.4648E+00 0.5463E+00 0.3334E+01 0.7257E+00 0.4086E+00 0.9101E+01 0.3169E+01 0.4116E+00 0.6845E+00 0.3859E+01 0.1570E+01 0.1230E+01 0.1415E+01 0.4909E+00 0.1566E+00 0.3520E+00 0.1055E+02 0.1099E+01 0.4110E+01 0.1346E+01 0.0000E+00
0.0000E+00 0.4604E+00 0.6680E+00 0.3131E+01 0.6166E+00 0.5986E+00 0.8993E+01 0.5962E+00 0.1543E+00 0.6483E+00 0.3778E+01 0.1379E+01 0.1213E+01 0.1360E+01 0.3975E+00 0.8233E+00 0.3022E+00 0.1035E+02 0.4220E+00 0.4122E+01 0.1142E+01 0.0000E+00
0.0000E+00 0.4434E+00 0.8866E+00 0.3674E+01 0.1004E+01 0.1041E+01 0.8633E+01 0.6425E+00 0.1201E+00 0.7902E+00 0.3740E+01 0.2363E+01 0.1172E+01 0.1347E+01 0.4632E+00 0.1016E+01 0.1047E+01 0.1018E+02 0.9456E-01 0.3984E+01 0.1192E+01 0.0000E+00
0.0000E+00 0.4133E+00 0.4183E+00 0.3515E+01 0.1261E+01 0.8456E+00 0.9332E+01 0.1385E+01 0.9155E+00 0.7217E+00 0.3721E+01 0.3348E+01 0.1508E+01 0.1376E+01 0.3356E+00 0.4451E+00 0.1283E+01 0.9959E+01 0.6560E+00 0.3857E+01 0.1156E+01 0.0000E+00
0.0000E+00 0.1058E+01 0.9841E+00 0.3480E+01 0.1374E+01 0.9614E+01 0.9384E+01 0.7601E+00 0.3925E+00 0.3822E+00 0.3980E+01 0.3011E+01 0.4988E+00 0.6339E+00 0.9053E+00 0.3818E+00 0.1230E+01 0.9692E+01 0.4096E+01 0.3768E+01 0.9624E+00 0.0000E+00
0.0000E+00 0.1233E+01 0.1283E+01 0.3429E+01 0.1445E+01 0.9870E+01 0.1025E+01 0.5677E+00 0.5946E+00 0.6274E+00 0.4018E+01 0.2964E+01 0.9093E+00 0.1104E+01 0.1092E+01 0.1314E+02 0.1323E+02 0.1285E+02 0.4036E+01 0.4571E+00 0.1011E+01 0.0000E+00
0.0000E+00 0.1222E+01 0.1322E+01 0.1329E+02 0.1043E+02 0.9746E+01 0.6363E+00 0.1170E+00 0.5045E+00 0.5883E+00 0.3910E+01 0.2912E+01 0.1335E+01 0.9142E+00 0.1316E+02 0.1319E+02 0.4293E+00 0.5134E+00 0.6856E+00 0.1367E+00 0.8473E+00 0.0000E+00
0.0000E+00 0.1353E+01 0.1380E+02 0.1331E+02 0.8377E+00 0.4490E+00 0.5568E+00 0.2435E+00 0.5096E+00 0.8221E+00 0.3928E+01 0.6485E+01 0.1241E+01 0.1251E+01 0.1280E+02 0.6145E+00 0.6554E-01 0.5736E+00 0.1002E+01 0.9602E-01 0.7723E+00 0.0000E+00
0.0000E+00 0.1418E+02 0.1357E+02 0.3657E+00 0.5746E+00 0.5621E+00 0.1083E+01 0.2609E+00 0.5085E+00 0.1225E+01 0.6805E+00 0.6307E+01 0.1436E+01 0.1274E+01 0.1260E+02 0.5344E+00 0.1146E+00 0.9229E-01 0.9800E+00 0.4292E+00 0.8257E+00 0.0000E+00
0.0000E+00 0.1390E+02 0.5950E+00 0.5814E+00 0.8263E+00 0.4901E+00 0.9256E+00 0.6466E+00 0.8356E+00 0.1155E+01 0.5429E+00 0.6140E+01 0.1494E+01 0.1502E+01 0.1241E+02 0.5392E+00 0.1994E+00 0.1482E+00 0.1242E+01 0.3918E+00 0.8206E+00 0.0000E+00
0.0000E+00 0.1373E+02 0.1055E+01 0.8428E+00 0.9913E+00 0.8347E+00 0.1143E+01 0.7696E+00 0.8950E+00 0.1139E+01 0.6957E+00 0.6030E+01 0.1482E+01 0.1385E+01 0.1207E+02 0.8568E+00 0.4890E+00 0.1811E+00 0.1003E+01 0.5356E+00 0.7532E+00 0.0000E+00
0.0000E+00 0.1367E+02 0.1283E+01 0.9794E+00 0.8209E+00 0.1099E+01 0.2203E+01 0.1422E+01 0.8080E+00 0.1198E+01 0.8123E+00 0.5911E+01 0.1110E+02 0.1026E+02 0.1046E+02 0.6792E+00 0.1544E+01 0.1407E+01 0.1178E+01 0.1337E+01 0.9197E+00 0.0000E+00
0.0000E+00 0.1358E+02 0.1389E+01 0.1179E+01 0.7320E+00 0.1139E+01 0.2358E+01 0.5518E+00 0.2298E+00 0.1538E+01 0.1150E+01 0.5857E+01 0.1086E+02 0.6362E+00 0.3603E+00 0.7273E+00 0.1513E+01 0.3658E+00 0.4080E+00 0.1491E+01 0.5381E+00 0.0000E+00
0.0000E+00 0.1256E+02 0.1176E+02 0.1186E+02 0.6712E+00 0.1257E+01 0.2652E+01 0.6934E+00 0.5066E+00 0.1972E+01 0.1352E+01 0.5775E+01 0.1075E+02 0.5368E+00 0.5099E+00 0.2079E+01 0.1517E+01 0.4502E+00 0.7091E+00 0.1861E+01 0.8737E+00 0.0000E+00
0.0000E+00 0.2470E+00 0.3162E+00 0.1126E+02 0.3858E+00 0.1338E+01 0.2930E+01 0.7337E+00 0.2514E+00 0.2051E+01 0.1378E+01 0.5727E+01 0.1029E+02 0.4800E+00 0.4093E+00 0.1817E+01 0.6444E+00 0.6698E+00 0.8866E+00 0.1788E+01 0.3791E+00 0.0000E+00
0.0000E+00 0.3564E+00 0.6701E+00 0.1070E+02 0.6084E+00 0.1354E+01 0.2881E+01 0.5113E+00 0.6755E-01 0.1913E+01 0.1384E+01 0.5656E+01 0.9862E+01 0.3580E+00 0.5473E+00 0.2371E+01 0.4839E+00 0.7869E+00 0.8890E+00 0.1525E+01 0.2870E+00 0.0000E+00
0.0000E+00 0.0000E+00 0.0000E+00 0.0000E+00 0.0000E+00 0.0000E+00 0.0000E+00 0.0000E+00 0.0000E+00 0.0000E+00 0.0000E+00 0.0000E+00 0.0000E+00 0.0000E+00 0.0000E+00 0.0000E+00 0.0000E+00 0.0000E+00 0.0000E+00 0.0000E+00 0.0000E+00 0.0000E+00
