p4_rainE_lowsm_sedtr.asc
ncols     22
nrows     62
xllcorner      0.00000000
yllcorner      0.00000000
cellsize      0.50000000
nodata_value -9999
0.0000E+00 0.0000E+00 0.0000E+00 0.0000E+00 0.0000E+00 0.0000E+00 0.0000E+00 0.0000E+00 0.0000E+00 0.0000E+00 0.0000E+00 0.0000E+00 0.0000E+00 0.0000E+00 0.0000E+00 0.0000E+00 0.0000E+00 0.0000E+00 0.0000E+00 0.0000E+00 0.0000E+00 0.0000E+00
0.0000E+00 0.3261E-06 -.1395E-07 0.1747E-06 0.2847E-05 0.6683E-07 0.4440E-05 0.5756E-04 0.6852E-07 0.7417E-05 0.1749E-09 0.1791E-05 0.8063E-04 0.1430E-04 0.9582E-04 0.1637E-03 0.1580E-03 0.4534E-05 0.1368E-06 0.6474E-07 0.7441E-05 0.0000E+00
0.0000E+00 0.1525E-06 0.7270E-06 0.7569E-07 0.1656E-04 0.5226E-04 0.1479E-04 0.1454E-03 0.8956E-07 0.1550E-03 0.7486E-04 0.3435E-04 0.3655E-03 0.9277E-04 0.8132E-05 0.1244E-03 0.6052E-03 0.4948E-03 0.5194E-06 -.4416E-07 0.2346E-06 0.0000E+00
0.0000E+00 0.8004E-06 0.2707E-05 0.5043E-05 0.1445E-06 0.1970E-03 0.2966E-03 0.1939E-03 -.7961E-07 0.8146E-04 0.4354E-04 0.5179E-07 0.2440E-03 0.2836E-04 0.9307E-06 0.2363E-04 0.6864E-03 0.2790E-06 0.5342E-07 0.3142E-04 0.2887E-05 0.0000E+00
0.0000E+00 0.2409E-06 0.5539E-07 0.8271E-07 -.2088E-06 0.8810E-03 0.1905E-06 0.1393E-03 0.1000E-04 0.7916E-04 0.1744E-03 0.8477E-04 0.7441E-03 0.2462E-03 0.7122E-06 0.2580E-03 0.5053E-03 0.5171E-03 0.1271E-03 0.5848E-04 0.4674E-04 0.0000E+00
0.0000E+00 0.7414E-06 0.3790E-06 0.2048E-05 0.1308E-04 0.3550E-03 0.6500E-07 0.9213E-04 0.1998E-03 0.1616E-03 0.6370E-04 0.4228E-05 0.1060E-02 0.5339E-03 0.3414E-04 0.8564E-07 0.4017E-04 0.3230E-03 0.9994E-03 0.4251E-03 0.2525E-04 0.0000E+00
0.0000E+00 0.5273E-08 0.5300E-04 0.1435E-04 0.4068E-05 0.3181E-03 0.4242E-04 0.2525E-03 0.5087E-03 0.1630E-03 0.3814E-04 0.1971E-04 0.6517E-03 0.4238E-03 0.2779E-03 0.1127E-06 0.8238E-07 0.3573E-03 0.1261E-02 0.9375E-04 0.1361E-05 0.0000E+00
0.0000E+00 0.1665E-05 0.4403E-04 0.1055E-06 -.4383E-07 0.2152E-03 0.4744E-03 0.3270E-03 0.9292E-03 0.2187E-03 0.9757E-07 0.2468E-03 0.6232E-03 0.5775E-03 0.6716E-03 0.2961E-07 0.1225E-06 0.1645E-03 0.8905E-03 0.2245E-04 0.1951E-07 0.0000E+00
0.0000E+00 0.7322E-04 0.2138E-04 -.6356E-07 0.3676E-03 0.4852E-03 0.2153E-03 0.1400E-03 0.4405E-03 0.8227E-05 -.2057E-07 0.1921E-03 0.1682E-02 0.1677E-02 0.1019E-02 0.5437E-05 0.2245E-08 0.1052E-02 0.8875E-03 0.1347E-03 0.3316E-03 0.0000E+00
0.0000E+00 0.1283E-04 0.2584E-03 0.6657E-04 0.5277E-03 0.2512E-03 0.4475E-04 0.9332E-04 0.3701E-03 0.3920E-03 0.7076E-04 0.6029E-04 0.1079E-02 0.3913E-03 0.3126E-03 0.1229E-03 0.1474E-03 0.2398E-02 0.6678E-06 0.5990E-04 0.8577E-03 0.0000E+00
0.0000E+00 0.1581E-05 0.1144E-03 0.1114E-03 0.4299E-03 0.2064E-03 0.1628E-03 0.6031E-03 0.4428E-03 0.1999E-03 0.3496E-03 0.2201E-03 0.1213E-02 0.3649E-03 0.5699E-03 0.2417E-03 0.9483E-04 0.1277E-02 0.1209E-04 0.1584E-04 0.2892E-03 0.0000E+00
0.0000E+00 0.3980E-04 0.1982E-03 0.9867E-04 0.2853E-03 0.1442E-03 0.1373E-03 0.6251E-03 0.3783E-03 0.6027E-04 0.3810E-03 0.7152E-04 0.1004E-02 0.7188E-04 0.2915E-02 0.8032E-03 0.5616E-03 0.1346E-02 0.2537E-03 0.1852E-03 0.3700E-03 0.0000E+00
0.0000E+00 0.1769E-04 0.2073E-03 0.2311E-03 0.1100E-02 0.1009E-03 0.9376E-03 0.6122E-03 0.1332E-02 0.6205E-06 0.5799E-03 0.6963E-04 0.6918E-03 0.3871E-03 0.1968E-02 0.1011E-02 0.7269E-03 0.1704E-02 0.2991E-03 0.1460E-03 0.2117E-03 0.0000E+00
0.0000E+00 0.1426E-03 0.3118E-03 0.5236E-03 0.2259E-02 0.1238E-02 0.3333E-03 0.1012E-03 0.1749E-02 0.1644E-03 0.9460E-03 0.5080E-03 0.1334E-03 0.1632E-03 0.1338E-02 0.3020E-02 0.3741E-03 0.1209E-02 0.7553E-03 0.1865E-03 0.1380E-03 0.0000E+00
0.0000E+00 0.5079E-04 0.3625E-03 0.4284E-03 0.1274E-02 0.8474E-03 0.1283E-02 0.4626E-03 0.1234E-02 0.4050E-03 0.2882E-02 0.6763E-03 0.6388E-06 0.1013E-03 0.8018E-03 0.2437E-02 0.4452E-03 0.1348E-02 0.1755E-02 0.2576E-03 0.3582E-03 0.0000E+00
0.0000E+00 0.8172E-04 0.2840E-03 0.8123E-03 0.1338E-02 0.1367E-02 0.4378E-03 0.9199E-04 0.1679E-02 0.5695E-03 0.1358E-02 0.1103E-03 -.1687E-07 0.9011E-03 0.8020E-03 0.2327E-02 0.3121E-03 0.1305E-02 0.2634E-02 0.8391E-03 0.1769E-03 0.0000E+00
0.0000E+00 0.5720E-06 0.1219E-02 0.1225E-02 0.2238E-02 0.1075E-02 0.6873E-04 0.2118E-03 0.3632E-02 0.1374E-02 0.1347E-02 0.7117E-04 0.1732E-04 0.5612E-04 0.1227E-03 0.2203E-02 0.2340E-02 0.1486E-02 0.2352E-02 0.4601E-03 0.3507E-04 0.0000E+00
0.0000E+00 -.8729E-07 0.5396E-03 0.1056E-02 0.1218E-02 0.8788E-03 0.1646E-03 0.9391E-04 0.1836E-02 0.8024E-03 0.1872E-02 0.7043E-03 0.4339E-03 0.4428E-06 0.6975E-06 0.2222E-03 0.5029E-02 0.1297E-02 0.1801E-02 0.6991E-03 0.8201E-03 0.0000E+00
0.0000E+00 0.4033E-05 0.5644E-04 0.1038E-02 0.1075E-02 0.2379E-02 0.3035E-03 0.6679E-04 0.1771E-02 0.6892E-03 0.1827E-02 0.1077E-02 0.7368E-04 -.1324E-06 -.3104E-06 0.6817E-06 0.4034E-02 0.1512E-02 0.1479E-02 0.4388E-03 0.2974E-03 0.0000E+00
0.0000E+00 0.2782E-03 0.2533E-03 0.1189E-02 0.9819E-03 0.1241E-02 0.2283E-06 0.8734E-05 0.3270E-02 0.1363E-02 0.4189E-02 0.3198E-04 0.8016E-06 -.1238E-06 0.3686E-07 -.1457E-06 0.5043E-02 0.2029E-02 0.1085E-02 0.8442E-03 0.3277E-03 0.0000E+00
0.0000E+00 0.9343E-04 0.2133E-03 0.2278E-02 0.8239E-03 0.7640E-03 0.2192E-04 0.1230E-04 0.1892E-02 0.1284E-02 0.2823E-02 0.1037E-02 -.1187E-06 0.2170E-07 0.1076E-04 0.3172E-07 0.5342E-02 0.1339E-03 0.2254E-03 0.1007E-02 0.5509E-03 0.0000E+00
0.0000E+00 0.1454E-03 0.6033E-04 0.2684E-02 0.1709E-02 0.6123E-03 0.5786E-04 0.1905E-03 0.1645E-02 0.2427E-02 0.2627E-02 0.6247E-03 0.6820E-04 0.1084E-06 0.3881E-03 0.1113E-06 0.6572E-02 0.1343E-02 0.6371E-04 0.9923E-03 0.3497E-03 0.0000E+00
0.0000E+00 0.1314E-03 0.1577E-03 0.3014E-02 0.3590E-03 0.3574E-03 0.4436E-03 0.5164E-03 0.1669E-04 0.2368E-02 0.2275E-02 0.7088E-03 0.7070E-03 0.2442E-03 0.3993E-03 0.1043E-03 0.5405E-02 0.2942E-03 0.1642E-04 0.1072E-02 0.9290E-03 0.0000E+00
0.0000E+00 0.1002E-03 0.2568E-03 0.4133E-02 0.2784E-06 0.2026E-06 0.2482E-02 0.1565E-03 0.3575E-06 0.2167E-02 0.2118E-02 0.6720E-03 0.6293E-03 0.2584E-03 0.1243E-02 0.2376E-04 0.6774E-02 0.1500E-03 0.4561E-03 0.2153E-02 0.2270E-02 0.0000E+00
0.0000E+00 0.1706E-03 0.1299E-03 0.2910E-02 0.5171E-07 0.1311E-06 0.6997E-03 0.3066E-04 0.4577E-04 0.2164E-02 0.1842E-02 0.2072E-02 0.2432E-02 0.2132E-03 0.1114E-02 0.1282E-03 0.7788E-02 0.2569E-03 0.4876E-03 0.6520E-03 0.8755E-03 0.0000E+00
0.0000E+00 0.7910E-04 0.1880E-03 0.2628E-02 0.2430E-02 0.1501E-02 0.1898E-02 0.1619E-03 0.1985E-03 0.2304E-02 0.1067E-03 0.1340E-03 0.2115E-02 0.1710E-03 0.1083E-02 0.3133E-03 0.6024E-02 0.1070E-03 0.3023E-03 0.6190E-03 0.6855E-03 0.0000E+00
0.0000E+00 0.3190E-04 0.1505E-03 0.6696E-04 0.2852E-03 0.6363E-04 0.2507E-02 0.9422E-03 0.1916E-02 0.2995E-02 0.1505E-02 0.3046E-03 0.1521E-02 0.2382E-02 0.2621E-02 0.2186E-03 0.5516E-02 0.1319E-03 0.8406E-03 0.2292E-02 0.1815E-02 0.0000E+00
0.0000E+00 0.1485E-04 0.9441E-04 0.6052E-04 0.4110E-03 0.8660E-03 0.3500E-02 0.3225E-03 0.6545E-03 0.2578E-02 0.7091E-03 0.3740E-03 0.2147E-04 0.2171E-03 0.2472E-02 0.9422E-03 0.6274E-02 0.9135E-04 0.4524E-03 0.1427E-02 0.1022E-02 0.0000E+00
0.0000E+00 0.5845E-05 0.1366E-03 0.6276E-04 0.4299E-03 0.2648E-02 0.1979E-02 0.3891E-03 0.4329E-03 0.1927E-02 0.4799E-03 0.8569E-03 0.6732E-07 0.3788E-06 0.3364E-02 0.1162E-02 0.7038E-02 0.3244E-03 0.6041E-03 0.1090E-02 0.1011E-02 0.0000E+00
0.0000E+00 -.3197E-07 0.7667E-04 0.2601E-04 0.4646E-03 0.2272E-02 0.1892E-03 0.9663E-04 0.2583E-03 0.1666E-02 0.3222E-02 0.1073E-02 0.5224E-06 -.8846E-08 0.4277E-02 0.5720E-03 0.5660E-02 0.1985E-03 0.3941E-03 0.4339E-03 0.6868E-03 0.0000E+00
0.0000E+00 0.7591E-05 0.4444E-04 0.1246E-04 0.2680E-03 0.3351E-02 0.1942E-03 0.4158E-06 0.7216E-03 0.1167E-03 0.2259E-02 0.4246E-03 0.4168E-03 0.1014E-06 0.3249E-02 0.6599E-03 0.5225E-02 0.1118E-03 0.6329E-03 0.4092E-03 0.4650E-03 0.0000E+00
0.0000E+00 0.2515E-05 0.6329E-04 0.2983E-05 0.3580E-03 0.2523E-02 0.5624E-06 0.2927E-07 0.8433E-03 0.1117E-04 0.2075E-02 0.9976E-04 0.6412E-03 0.2049E-02 0.3060E-02 0.7707E-03 0.4772E-02 0.7448E-04 0.6379E-03 0.5109E-03 0.9619E-03 0.0000E+00
0.0000E+00 0.3916E-05 0.1612E-03 0.2906E-06 0.1887E-03 0.2772E-02 0.1243E-05 0.1151E-03 0.2974E-03 0.2051E-03 0.2680E-02 0.4148E-03 0.1896E-02 0.2481E-02 0.5370E-04 0.5174E-03 0.4481E-02 0.3777E-04 0.5947E-03 0.4476E-03 0.1274E-02 0.0000E+00
0.0000E+00 0.1089E-04 0.7960E-04 -.4442E-08 0.3871E-03 0.2420E-02 -.1528E-06 0.3505E-04 0.7515E-04 0.1988E-03 0.2239E-02 0.7327E-04 0.8404E-03 0.4236E-02 0.9869E-03 0.3845E-02 0.3605E-02 0.6710E-05 0.3176E-03 0.4361E-03 0.1006E-02 0.0000E+00
0.0000E+00 0.1169E-04 0.1916E-03 0.1863E-03 0.1289E-02 0.2294E-02 0.7998E-04 0.8594E-03 0.1164E-02 0.6591E-03 0.1837E-02 0.3933E-04 0.6602E-03 0.2577E-02 0.6020E-03 0.3603E-02 0.3025E-03 0.1798E-04 0.7706E-05 0.5095E-06 0.1799E-02 0.0000E+00
0.0000E+00 0.9675E-04 0.2393E-03 0.1326E-03 0.5048E-03 0.2132E-02 0.2253E-03 0.4267E-03 0.2818E-03 0.4189E-03 0.2422E-02 0.3412E-04 0.5098E-03 0.2767E-02 0.3476E-02 0.3337E-02 0.9741E-06 0.4283E-06 0.6002E-06 0.4519E-06 0.2412E-02 0.0000E+00
0.0000E+00 0.1137E-03 0.1223E-03 0.5798E-04 0.3143E-03 0.1936E-02 0.1189E-03 0.6519E-03 0.6505E-03 0.3243E-03 0.1679E-02 0.5373E-04 0.1872E-05 0.2664E-02 0.3430E-02 0.2192E-05 -.2840E-06 -.7627E-07 -.1658E-06 -.2748E-06 0.1552E-02 0.0000E+00
0.0000E+00 0.1297E-03 0.3382E-06 0.5254E-05 0.4674E-03 0.1988E-02 0.2096E-03 0.8749E-03 0.1746E-02 0.2884E-03 0.2043E-02 0.1785E-03 0.2029E-06 0.3227E-02 0.3745E-02 0.7805E-03 0.6486E-05 -.4768E-08 0.6258E-08 0.1855E-04 0.1617E-02 0.0000E+00
0.0000E+00 0.1467E-03 -.4149E-07 0.2828E-06 0.1492E-02 0.3080E-02 0.3762E-03 0.9690E-03 0.1760E-02 0.8998E-04 0.2348E-02 0.3270E-03 0.1255E-04 0.2544E-02 0.6837E-02 0.4821E-03 0.1325E-04 0.1974E-03 0.8725E-04 0.1499E-05 0.1362E-02 0.0000E+00
0.0000E+00 0.8979E-04 -.4237E-08 0.1562E-06 0.9582E-03 0.2112E-02 0.2211E-03 0.5149E-03 0.1199E-02 0.5102E-05 0.1654E-02 0.1584E-02 -.4531E-08 0.2200E-04 0.5597E-02 0.1979E-03 0.7648E-04 0.7951E-04 0.2308E-04 0.3577E-03 0.7479E-03 0.0000E+00
0.0000E+00 0.4203E-04 0.6417E-07 0.1428E-03 0.2702E-02 0.2168E-02 0.1359E-03 0.3597E-03 0.1558E-02 0.1644E-03 0.1193E-02 0.6706E-03 0.6726E-07 0.2960E-06 0.5071E-02 0.4444E-02 0.4132E-02 0.1130E-02 0.4144E-03 0.3055E-03 0.5803E-06 0.0000E+00
0.0000E+00 0.7591E-05 0.1004E-04 0.3601E-03 0.3829E-02 0.1700E-03 0.7229E-03 0.9336E-05 0.1019E-02 0.7957E-04 0.2460E-02 0.8194E-03 0.2979E-07 -.5928E-07 0.7578E-06 0.6488E-04 0.3930E-02 0.5531E-03 0.1190E-02 0.1448E-02 0.1613E-03 0.0000E+00
0.0000E+00 0.1226E-04 0.2506E-04 0.3492E-03 0.3273E-02 0.7282E-03 0.1186E-03 0.2779E-05 0.1707E-02 0.1807E-04 0.3872E-02 0.9966E-03 0.8293E-05 0.2172E-04 0.1514E-04 0.1239E-05 0.4219E-02 0.9052E-03 0.7293E-03 0.1046E-02 0.1825E-02 0.0000E+00
0.0000E+00 0.4326E-06 0.6431E-04 0.1101E-02 0.2211E-02 0.2213E-02 0.2292E-02 0.4684E-03 0.2468E-02 0.7081E-05 0.1971E-02 0.7068E-03 0.1509E-03 0.4201E-05 0.5694E-06 -.4254E-06 0.3920E-02 0.4201E-02 0.1369E-02 0.7591E-03 0.8841E-03 0.0000E+00
0.0000E+00 -.2996E-06 0.1193E-05 0.2192E-02 0.2004E-04 0.4197E-03 0.2659E-02 0.1316E-02 0.1484E-02 0.5912E-06 0.2032E-02 0.7851E-03 0.7408E-04 0.8125E-06 -.2431E-06 -.3323E-07 0.4693E-06 0.3832E-02 0.7330E-03 0.6750E-03 0.4698E-03 0.0000E+00
0.0000E+00 0.8042E-06 -.2802E-06 0.1404E-02 0.4768E-04 0.1126E-03 0.3947E-02 0.1557E-02 0.1613E-04 0.1977E-06 0.2063E-02 0.1250E-02 0.3699E-04 0.1241E-06 0.1734E-06 -.1150E-06 0.6185E-06 0.3866E-02 0.3486E-03 0.1331E-02 0.1615E-03 0.0000E+00
0.0000E+00 0.1126E-06 0.8062E-05 0.9118E-03 0.2866E-06 0.4650E-04 0.4407E-02 0.4031E-03 0.2481E-06 -.1084E-06 0.1661E-02 0.6689E-03 0.7925E-05 0.3155E-05 -.2286E-06 0.1301E-03 -.3912E-07 0.3305E-02 0.1011E-05 0.9641E-03 0.3994E-04 0.0000E+00
0.0000E+00 0.7495E-07 0.6549E-06 0.7320E-03 0.8202E-04 0.2415E-03 0.5238E-02 0.6922E-03 0.7526E-06 0.1835E-04 0.1516E-02 0.8942E-03 0.5824E-06 0.3823E-06 0.3094E-05 0.2740E-04 0.8462E-05 0.4000E-02 -.1470E-06 0.1894E-02 0.4348E-03 0.0000E+00
0.0000E+00 0.1611E-06 0.3028E-05 0.6155E-03 0.5392E-04 0.4981E-04 0.4183E-02 0.3394E-03 0.1103E-04 0.3437E-05 0.1350E-02 0.6771E-03 0.1917E-03 0.5901E-06 -.6281E-07 0.8679E-06 0.3487E-03 0.3391E-02 0.1208E-04 0.1612E-02 0.1584E-03 0.0000E+00
0.0000E+00 0.1281E-05 0.5856E-05 0.5737E-03 0.4308E-04 0.4085E-02 0.4743E-02 0.1301E-03 0.2030E-06 0.1292E-05 0.1310E-02 0.5454E-03 0.8894E-04 0.6755E-06 0.3551E-06 -.2548E-06 0.1837E-03 0.3058E-02 0.1017E-02 0.1147E-02 0.4350E-04 0.0000E+00
0.0000E+00 -.6190E-07 0.3950E-06 0.4619E-03 0.1230E-03 0.3971E-02 0.4984E-03 0.3158E-04 0.4116E-06 0.8815E-06 0.1333E-02 0.1160E-02 0.8595E-04 0.2919E-06 0.3509E-06 0.2309E-02 0.2518E-02 0.2687E-02 0.4286E-03 0.6769E-05 0.1383E-03 0.0000E+00
0.0000E+00 0.2312E-05 0.2201E-06 0.3509E-02 0.3360E-02 0.3430E-02 0.2053E-03 -.1002E-06 -.2706E-06 -.2774E-06 0.9412E-03 0.1078E-02 0.2752E-04 -.4075E-06 0.1969E-02 0.2409E-02 0.8819E-06 0.8831E-04 0.6433E-06 -.1323E-06 0.4996E-04 0.0000E+00
0.0000E+00 0.3165E-05 0.3043E-02 0.3275E-02 0.2395E-03 0.4679E-04 0.1147E-03 0.8628E-07 -.1022E-06 0.5070E-06 0.8247E-03 0.1553E-02 0.8519E-05 0.3545E-05 0.2289E-02 0.2945E-04 -.3494E-06 0.1354E-04 0.2801E-05 -.7902E-07 0.1230E-04 0.0000E+00
0.0000E+00 0.2539E-02 0.2768E-02 0.1910E-05 0.2144E-03 0.1336E-03 0.2598E-03 -.1382E-06 -.8352E-07 0.1658E-05 0.1272E-05 0.1616E-02 0.2180E-03 0.1947E-04 0.1863E-02 0.4256E-06 0.1278E-06 -.5588E-07 0.2200E-06 0.7859E-06 0.6297E-05 0.0000E+00
0.0000E+00 0.2440E-02 0.1423E-04 0.7086E-05 0.1724E-03 0.1175E-04 0.4403E-04 0.1296E-03 0.1773E-03 0.1689E-05 -.1985E-06 0.1400E-02 0.2206E-03 0.2131E-03 0.1726E-02 0.1025E-05 0.3498E-07 0.1120E-06 0.2941E-04 -.2952E-06 0.4222E-07 0.0000E+00
0.0000E+00 0.2177E-02 0.1840E-05 0.3465E-04 0.1808E-03 0.2660E-03 0.1769E-03 0.8571E-04 0.8852E-04 0.1303E-04 0.5893E-04 0.1117E-02 0.2098E-03 0.6167E-04 0.1506E-02 0.2427E-03 0.6322E-04 -.5272E-08 0.2591E-06 0.2401E-06 -.1948E-06 0.0000E+00
0.0000E+00 0.2083E-02 0.1735E-06 0.7519E-05 0.8300E-04 0.6142E-03 0.7114E-03 0.3897E-03 0.4369E-04 0.1017E-03 0.1635E-03 0.1235E-02 0.9038E-03 0.6051E-03 0.1171E-02 0.2787E-04 0.7946E-04 0.2433E-03 0.1779E-05 0.1324E-06 0.2837E-05 0.0000E+00
0.0000E+00 0.1810E-02 0.7245E-06 0.3404E-04 0.1481E-04 0.5050E-03 0.1059E-02 0.2588E-03 0.3908E-05 0.9147E-03 0.9840E-03 0.1653E-02 0.6796E-03 0.1411E-03 0.4545E-04 0.7762E-04 0.6533E-04 0.9404E-04 0.4781E-06 0.2178E-06 0.7885E-04 0.0000E+00
0.0000E+00 0.8035E-03 0.2731E-03 0.1334E-03 0.3307E-05 0.4246E-03 0.2012E-02 0.6770E-03 0.3512E-04 0.1455E-02 0.1026E-02 0.1076E-02 0.1260E-02 0.8883E-05 0.7828E-06 0.8590E-03 0.1821E-04 0.2071E-05 0.2111E-05 -.2792E-06 0.6380E-05 0.0000E+00
0.0000E+00 0.1866E-06 0.2265E-06 0.8565E-04 0.1002E-03 0.4818E-03 0.2297E-02 0.4566E-03 0.2070E-06 0.1122E-02 0.6685E-03 0.8708E-03 0.8438E-03 0.9091E-06 -.3628E-06 0.3431E-03 0.9309E-06 0.3815E-06 0.4471E-07 -.2625E-07 0.4743E-06 0.0000E+00
0.0000E+00 0.3299E-06 0.3747E-06 0.5819E-04 0.8270E-04 0.3758E-03 0.1664E-02 0.2414E-03 0.1034E-06 0.7983E-03 0.5658E-03 0.7395E-03 0.6954E-03 -.2192E-06 0.3461E-06 0.2671E-03 -.2838E-06 0.1605E-07 0.6876E-08 -.3182E-07 0.7186E-07 0.0000E+00
0.0000E+00 0.0000E+00 0.0000E+00 0.0000E+00 0.0000E+00 0.0000E+00 0.0000E+00 0.0000E+00 0.0000E+00 0.0000E+00 0.0000E+00 0.0000E+00 0.0000E+00 0.0000E+00 0.0000E+00 0.0000E+00 0.0000E+00 0.0000E+00 0.0000E+00 0.0000E+00 0.0000E+00 0.0000E+00
