p4_rainD_highsm_dschg.asc
ncols     22
nrows     62
xllcorner      0.00000000
yllcorner      0.00000000
cellsize      0.50000000
nodata_value -9999
0.0000E+00 0.0000E+00 0.0000E+00 0.0000E+00 0.0000E+00 0.0000E+00 0.0000E+00 0.0000E+00 0.0000E+00 0.0000E+00 0.0000E+00 0.0000E+00 0.0000E+00 0.0000E+00 0.0000E+00 0.0000E+00 0.0000E+00 0.0000E+00 0.0000E+00 0.0000E+00 0.0000E+00 0.0000E+00
0.0000E+00 0.4488E-03 0.1201E-02 0.4438E-03 0.7239E-03 0.1556E-02 0.8788E-03 0.9869E-03 0.3808E-03 0.6650E-03 0.1530E-02 0.1067E-02 0.1311E-02 0.9761E-03 0.1090E-02 0.9965E-03 0.1324E-02 0.8851E-03 0.4404E-03 0.7754E-03 0.5451E-03 0.0000E+00
0.0000E+00 0.4093E-03 0.1950E-02 0.4292E-03 0.1440E-02 0.4313E-02 0.6384E-02 0.1841E-02 0.8146E-03 0.1778E-02 0.2594E-02 0.1950E-02 0.4997E-02 0.1925E-02 0.1297E-02 0.2975E-02 0.5992E-02 0.2193E-02 0.3632E-03 0.1462E-02 0.1279E-02 0.0000E+00
0.0000E+00 0.7499E-03 0.2254E-02 0.3493E-03 0.4747E-03 0.1593E-02 0.7606E-02 0.9715E-02 0.1070E-02 0.2944E-02 0.2470E-02 0.3125E-03 0.7386E-02 0.2334E-02 0.1692E-02 0.5128E-02 0.8165E-02 0.3620E-03 0.3311E-03 0.3191E-02 0.3199E-02 0.0000E+00
0.0000E+00 0.1079E-02 0.2493E-02 0.8071E-03 0.7111E-03 0.3113E-02 0.3191E-03 0.9625E-02 0.2556E-02 0.4433E-02 0.3817E-02 0.1032E-02 0.8924E-02 0.4422E-02 0.2540E-02 0.6558E-02 0.1674E-01 0.1677E-01 0.8436E-02 0.8212E-02 0.5068E-02 0.0000E+00
0.0000E+00 0.1556E-02 0.5878E-02 0.3375E-02 0.2006E-02 0.3638E-02 0.6145E-03 0.9565E-02 0.3972E-02 0.6328E-02 0.4439E-02 0.1145E-02 0.1140E-01 0.6502E-02 0.3529E-02 0.3308E-03 0.1244E-02 0.2046E-01 0.3303E-01 0.1952E-02 0.1685E-02 0.0000E+00
0.0000E+00 0.2039E-02 0.7338E-02 0.8561E-03 0.6852E-03 0.5083E-02 0.2228E-02 0.1048E-01 0.5289E-02 0.7513E-02 0.4391E-02 0.6240E-02 0.1967E-01 0.8766E-02 0.5618E-02 0.3207E-03 0.3195E-03 0.2477E-02 0.3551E-01 0.1063E-02 0.1529E-02 0.0000E+00
0.0000E+00 0.2746E-02 0.7878E-02 0.3783E-03 0.9695E-03 0.5703E-02 0.3644E-02 0.1125E-01 0.1528E-01 0.8565E-02 0.4279E-03 0.2281E-02 0.2170E-01 0.1111E-01 0.7699E-02 0.6456E-03 0.6277E-03 0.2271E-02 0.4065E-01 0.2670E-02 0.1629E-02 0.0000E+00
0.0000E+00 0.3094E-02 0.8736E-02 0.6690E-03 0.2883E-02 0.6972E-02 0.3920E-02 0.1072E-01 0.1750E-01 0.5778E-03 0.7565E-03 0.2272E-02 0.2270E-01 0.1123E-01 0.9770E-02 0.1401E-02 0.9107E-03 0.4556E-01 0.4206E-01 0.2356E-02 0.1452E-02 0.0000E+00
0.0000E+00 0.3382E-02 0.9585E-02 0.1652E-02 0.4967E-02 0.7758E-02 0.3890E-02 0.1190E-01 0.1913E-01 0.1842E-02 0.1495E-02 0.2332E-02 0.2394E-01 0.1031E-01 0.1210E-01 0.3676E-02 0.2819E-02 0.4677E-01 0.3889E-03 0.1966E-02 0.2625E-02 0.0000E+00
0.0000E+00 0.3656E-02 0.1038E-01 0.2700E-02 0.6921E-02 0.1002E-01 0.6158E-02 0.1360E-01 0.1878E-01 0.2829E-02 0.6262E-02 0.4272E-02 0.3760E-01 0.1121E-01 0.1433E-01 0.6152E-02 0.4482E-02 0.4640E-01 0.1107E-02 0.1993E-02 0.2943E-02 0.0000E+00
0.0000E+00 0.4356E-02 0.1146E-01 0.3844E-02 0.9218E-02 0.1228E-01 0.2031E-01 0.1557E-01 0.1790E-01 0.1272E-02 0.8737E-02 0.6745E-02 0.4008E-01 0.3260E-03 0.1612E-01 0.8022E-02 0.6208E-02 0.4813E-01 0.3386E-02 0.4464E-02 0.4845E-02 0.0000E+00
0.0000E+00 0.5088E-02 0.1283E-01 0.5334E-02 0.1147E-01 0.2277E-02 0.2232E-01 0.4011E-01 0.6017E-01 0.1275E-02 0.1078E-01 0.8879E-02 0.4255E-01 0.4133E-01 0.5950E-01 0.9207E-02 0.7186E-02 0.4966E-01 0.5862E-02 0.6939E-02 0.7320E-02 0.0000E+00
0.0000E+00 0.6508E-02 0.1470E-01 0.7420E-02 0.1346E-01 0.4631E-02 0.2282E-02 0.2277E-02 0.6492E-01 0.1896E-02 0.2679E-01 0.1354E-01 0.2477E-02 0.2477E-02 0.6444E-01 0.7480E-01 0.7697E-02 0.4855E-01 0.2753E-01 0.1920E-01 0.9794E-02 0.0000E+00
0.0000E+00 0.8002E-02 0.2435E-01 0.9492E-02 0.1593E-01 0.5026E-02 0.4558E-02 0.2283E-02 0.6739E-01 0.3139E-02 0.2901E-01 0.2100E-02 0.3223E-03 0.9415E-03 0.3225E-02 0.8048E-01 0.1016E-01 0.5036E-01 0.2926E-01 0.2477E-02 0.2477E-02 0.0000E+00
0.0000E+00 0.1588E-02 0.2736E-01 0.1176E-01 0.1841E-01 0.6870E-02 0.3780E-02 0.1820E-02 0.6986E-01 0.5614E-02 0.3094E-01 0.1771E-02 0.6290E-03 0.1740E-02 0.2286E-02 0.8239E-01 0.9272E-02 0.5283E-01 0.3121E-01 0.4270E-02 0.2476E-02 0.0000E+00
0.0000E+00 0.3191E-03 0.2906E-01 0.1381E-01 0.2072E-01 0.8375E-02 0.4451E-02 0.2937E-02 0.6973E-01 0.7670E-02 0.3341E-01 0.7848E-02 0.3616E-02 0.2662E-02 0.4954E-02 0.8976E-01 0.9971E-01 0.5362E-01 0.3318E-01 0.5176E-02 0.2538E-02 0.0000E+00
0.0000E+00 0.6082E-03 0.3108E-01 0.4559E-01 0.2261E-01 0.1722E-01 0.6800E-02 0.5014E-02 0.7326E-01 0.9931E-02 0.4699E-01 0.1163E-01 0.1881E-02 0.6641E-03 0.3353E-03 0.2094E-02 0.1034E+00 0.5410E-01 0.3490E-01 0.7648E-02 0.4972E-02 0.0000E+00
0.0000E+00 0.1897E-02 0.9884E-03 0.4844E-01 0.2508E-01 0.2122E-01 0.1750E-02 0.1742E-02 0.7503E-01 0.1241E-01 0.5036E-01 0.2888E-02 0.6020E-03 0.3184E-03 0.3201E-03 0.6744E-03 0.1032E+00 0.5606E-01 0.3737E-01 0.8439E-02 0.6050E-02 0.0000E+00
0.0000E+00 0.2695E-02 0.1108E-02 0.5076E-01 0.2755E-01 0.2171E-01 0.3195E-03 0.1539E-02 0.7686E-01 0.1488E-01 0.5220E-01 0.5876E-03 0.3869E-03 0.3242E-03 0.3220E-03 0.1301E-02 0.1991E+00 0.9836E-01 0.3984E-01 0.1091E-01 0.8522E-02 0.0000E+00
0.0000E+00 0.2955E-02 0.2017E-02 0.5299E-01 0.2973E-01 0.2417E-01 0.1392E-02 0.3729E-02 0.8087E-01 0.1710E-01 0.5466E-01 0.2873E-02 0.6925E-03 0.6362E-03 0.5359E-03 0.1553E-02 0.2014E+00 0.2477E-02 0.2477E-02 0.1282E-01 0.1072E-01 0.0000E+00
0.0000E+00 0.4687E-02 0.2354E-02 0.1096E+00 0.5744E-01 0.2664E-01 0.2477E-02 0.4128E-02 0.8316E-01 0.1019E+00 0.5637E-01 0.5349E-02 0.9789E-03 0.9325E-03 0.2817E-02 0.1867E-02 0.2036E+00 0.4614E-02 0.1925E-02 0.1507E-01 0.1259E-01 0.0000E+00
0.0000E+00 0.6228E-02 0.4626E-02 0.1129E+00 0.1604E-02 0.2477E-02 0.3780E-02 0.4310E-02 0.9559E-03 0.1044E+00 0.5817E-01 0.7825E-02 0.3454E-02 0.2145E-02 0.4892E-02 0.3604E-02 0.2114E+00 0.5275E-02 0.2529E-02 0.1688E-01 0.1462E-01 0.0000E+00
0.0000E+00 0.7590E-02 0.6313E-02 0.1146E+00 0.3734E-03 0.3237E-03 0.5151E-02 0.3869E-02 0.1095E-02 0.1069E+00 0.6064E-01 0.1030E-01 0.5512E-02 0.4420E-02 0.6787E-02 0.3358E-02 0.2132E+00 0.1982E-02 0.4695E-02 0.1891E-01 0.1636E-01 0.0000E+00
0.0000E+00 0.7888E-02 0.7791E-02 0.1150E+00 0.6699E-03 0.6352E-03 0.4587E-02 0.4323E-02 0.3149E-02 0.1049E+00 0.6311E-01 0.7588E-01 0.8385E-01 0.6683E-02 0.8851E-02 0.4477E-02 0.2129E+00 0.2085E-02 0.6041E-02 0.2075E-01 0.1724E-01 0.0000E+00
0.0000E+00 0.7224E-02 0.8786E-02 0.1151E+00 0.1177E+00 0.1202E+00 0.1269E+00 0.6714E-02 0.5184E-02 0.1046E+00 0.2355E-02 0.2477E-02 0.8792E-01 0.9159E-02 0.2048E-01 0.6952E-02 0.2123E+00 0.2667E-02 0.6317E-02 0.2070E-01 0.1865E-01 0.0000E+00
0.0000E+00 0.7144E-02 0.8216E-02 0.8966E-03 0.1328E-02 0.1799E-02 0.1288E+00 0.8589E-02 0.7537E-02 0.1063E+00 0.4430E-02 0.1523E-02 0.8922E-01 0.9169E-01 0.1146E+00 0.9204E-02 0.2128E+00 0.3366E-02 0.7883E-02 0.2137E-01 0.1954E-01 0.0000E+00
0.0000E+00 0.7206E-02 0.7549E-02 0.1730E-02 0.2485E-02 0.3247E-02 0.1307E+00 0.8186E-02 0.7273E-02 0.1085E+00 0.6033E-02 0.4083E-02 0.1001E-02 0.1186E-02 0.1161E+00 0.1146E-01 0.2134E+00 0.4944E-02 0.1036E-01 0.2174E-01 0.1951E-01 0.0000E+00
0.0000E+00 0.7215E-02 0.7740E-02 0.2733E-02 0.4394E-02 0.1363E+00 0.1329E+00 0.9871E-02 0.8778E-02 0.1109E+00 0.7502E-02 0.6558E-02 0.3312E-03 0.3335E-03 0.1146E+00 0.1394E-01 0.2152E+00 0.6046E-02 0.1093E-01 0.2081E-01 0.1967E-01 0.0000E+00
0.0000E+00 0.7299E-02 0.7687E-02 0.3227E-02 0.5312E-02 0.1378E+00 0.1324E-02 0.1127E-01 0.2128E-01 0.1131E+00 0.1191E+00 0.8817E-02 0.7280E-03 0.6417E-03 0.1156E+00 0.1617E-01 0.2169E+00 0.6999E-02 0.1121E-01 0.2193E-01 0.1939E-01 0.0000E+00
0.0000E+00 0.7815E-02 0.8523E-02 0.4423E-02 0.5398E-02 0.1404E+00 0.1297E-02 0.3180E-03 0.2231E-01 0.8299E-03 0.1168E+00 0.1043E-01 0.1278E-01 0.1031E-02 0.1154E+00 0.1672E-01 0.2181E+00 0.6922E-02 0.3155E-01 0.2159E-01 0.2027E-01 0.0000E+00
0.0000E+00 0.8086E-02 0.9470E-02 0.4708E-02 0.7475E-02 0.1413E+00 0.4225E-03 0.6235E-03 0.2166E-01 0.1242E-02 0.1146E+00 0.1980E-02 0.1700E-01 0.1204E+00 0.1170E+00 0.1619E-01 0.2173E+00 0.6714E-02 0.3110E-01 0.1467E-02 0.2195E-01 0.0000E+00
0.0000E+00 0.8153E-02 0.1039E-01 0.4965E-02 0.9735E-02 0.1420E+00 0.4786E-03 0.2364E-02 0.2503E-01 0.2580E-01 0.1163E+00 0.1464E-02 0.1839E-01 0.1226E+00 0.1375E-02 0.1522E-01 0.2171E+00 0.6881E-02 0.3069E-01 0.3321E-02 0.2420E-01 0.0000E+00
0.0000E+00 0.8332E-02 0.1018E-01 0.4891E-02 0.1186E-01 0.1425E+00 0.7683E-03 0.1019E-02 0.1665E-02 0.2584E-01 0.1182E+00 0.1688E-02 0.1794E-01 0.1244E+00 0.3472E-02 0.2316E+00 0.2179E+00 0.8472E-02 0.4007E-01 0.4559E-01 0.7098E-01 0.0000E+00
0.0000E+00 0.8432E-02 0.1058E-01 0.6175E-02 0.1229E-01 0.1433E+00 0.2201E-02 0.3303E-02 0.3406E-02 0.2740E-01 0.1193E+00 0.2831E-02 0.2169E-01 0.1216E+00 0.4210E-02 0.2339E+00 0.2904E-02 0.1095E-02 0.6576E-03 0.3543E-03 0.7331E-01 0.0000E+00
0.0000E+00 0.8922E-02 0.1112E-01 0.6563E-02 0.1145E-01 0.1445E+00 0.3566E-02 0.5186E-02 0.3524E-02 0.2941E-01 0.1199E+00 0.1440E-02 0.2473E-01 0.1483E+00 0.2337E+00 0.2322E+00 0.7776E-03 0.3201E-03 0.3191E-03 0.6276E-03 0.7289E-01 0.0000E+00
0.0000E+00 0.2726E-01 0.1819E-01 0.7396E-02 0.1104E-01 0.1458E+00 0.4394E-02 0.6681E-02 0.3441E-01 0.3073E-01 0.1197E+00 0.9912E-03 0.8123E-03 0.1516E+00 0.2347E+00 0.8959E-03 0.1077E-02 0.3246E-03 0.3231E-03 0.9152E-03 0.7129E-01 0.0000E+00
0.0000E+00 0.2855E-01 0.1364E-02 0.9788E-03 0.1224E-01 0.1470E+00 0.5434E-02 0.7226E-02 0.3554E-01 0.1458E-02 0.1219E+00 0.3269E-02 0.5644E-03 0.1534E+00 0.2371E+00 0.1872E-02 0.1705E-02 0.6339E-03 0.6329E-03 0.1562E-02 0.7365E-01 0.0000E+00
0.0000E+00 0.2835E-01 0.3236E-03 0.3570E-03 0.1320E-01 0.1457E+00 0.5356E-02 0.7124E-02 0.3507E-01 0.7377E-03 0.1209E+00 0.5340E-02 0.1072E-02 0.1547E+00 0.3934E+00 0.2572E-02 0.2552E-02 0.3072E-02 0.1254E-02 0.2099E-02 0.7561E-01 0.0000E+00
0.0000E+00 0.2865E-01 0.6306E-03 0.6619E-03 0.1455E-01 0.1442E+00 0.6931E-02 0.7754E-02 0.3618E-01 0.1400E-02 0.1207E+00 0.7215E-02 0.3198E-03 0.6969E-03 0.3937E+00 0.2993E-02 0.4285E-02 0.7848E-02 0.3139E-02 0.8072E-01 0.7729E-01 0.0000E+00
0.0000E+00 0.2891E-01 0.9128E-03 0.2374E-02 0.1705E+00 0.1546E+00 0.8621E-02 0.9357E-02 0.4997E-01 0.3108E-02 0.1225E+00 0.6950E-02 0.6252E-03 0.9857E-03 0.3951E+00 0.3989E+00 0.4025E+00 0.1011E-01 0.1847E-02 0.8176E-01 0.2474E-02 0.0000E+00
0.0000E+00 0.2862E-01 0.3132E-01 0.4422E-02 0.1717E+00 0.9989E-03 0.1759E-02 0.9788E-03 0.5276E-01 0.1081E-02 0.1250E+00 0.7685E-02 0.1001E-02 0.1839E-02 0.4072E-03 0.9899E-03 0.4005E+00 0.9328E-02 0.3754E-02 0.8305E-01 0.1592E-02 0.0000E+00
0.0000E+00 0.9729E-03 0.3407E-01 0.4036E-01 0.1727E+00 0.2600E-02 0.1592E-02 0.5154E-03 0.5473E-01 0.1572E-02 0.1271E+00 0.9650E-02 0.1451E-02 0.2993E-02 0.7354E-03 0.3221E-03 0.4024E+00 0.1149E-01 0.4943E-02 0.8122E-01 0.3210E-02 0.0000E+00
0.0000E+00 0.4754E-03 0.9885E-03 0.4107E-01 0.1734E+00 0.1760E+00 0.1770E+00 0.1734E-02 0.5415E-01 0.2853E-02 0.1324E+00 0.1212E-01 0.2893E-02 0.3268E-02 0.6380E-03 0.3188E-03 0.4045E+00 0.4184E+00 0.6836E-02 0.7921E-01 0.3706E-02 0.0000E+00
0.0000E+00 0.7734E-03 0.5477E-03 0.4113E-01 0.7769E-03 0.1917E-02 0.1812E+00 0.5416E-01 0.5254E-01 0.4611E-03 0.1342E+00 0.1416E-01 0.3517E-02 0.3559E-02 0.8940E-03 0.3198E-03 0.5185E-03 0.4214E+00 0.7073E-02 0.7766E-01 0.3753E-02 0.0000E+00
0.0000E+00 0.1060E-02 0.8251E-03 0.4031E-01 0.6048E-03 0.9019E-03 0.2411E+00 0.5734E-01 0.9833E-03 0.7738E-03 0.1318E+00 0.1402E-01 0.3649E-02 0.3939E-02 0.1210E-02 0.6242E-03 0.3451E-03 0.4212E+00 0.7737E-02 0.8722E-01 0.3823E-02 0.0000E+00
0.0000E+00 0.1607E-02 0.2233E-02 0.4038E-01 0.9073E-03 0.1517E-02 0.2448E+00 0.1603E-02 0.3821E-03 0.1412E-02 0.1289E+00 0.1347E-01 0.3782E-02 0.4465E-02 0.1425E-02 0.3446E-02 0.6392E-03 0.4178E+00 0.3602E-03 0.8935E-01 0.3894E-02 0.0000E+00
0.0000E+00 0.1897E-02 0.4509E-02 0.4496E-01 0.1711E-02 0.2385E-02 0.2466E+00 0.2100E-02 0.3504E-03 0.2571E-02 0.1303E+00 0.1887E-01 0.4069E-02 0.4762E-02 0.3619E-03 0.5502E-02 0.7460E-02 0.4186E+00 0.3195E-03 0.9097E-01 0.6363E-02 0.0000E+00
0.0000E+00 0.4073E-03 0.4564E-03 0.4427E-01 0.2300E-02 0.2430E-02 0.2558E+00 0.7645E-02 0.3664E-02 0.3175E-02 0.1310E+00 0.2647E-01 0.6108E-02 0.4830E-02 0.3080E-03 0.3618E-03 0.7453E-02 0.4192E+00 0.1295E-02 0.9280E-01 0.8409E-02 0.0000E+00
0.0000E+00 0.7593E-03 0.8012E-03 0.4338E-01 0.3138E-02 0.2607E+00 0.2590E+00 0.1669E-02 0.3488E-03 0.4539E-03 0.1309E+00 0.2710E-01 0.8991E-03 0.3400E-03 0.6141E-03 0.6630E-03 0.7825E-02 0.4216E+00 0.8993E-01 0.9083E-01 0.1028E-01 0.0000E+00
0.0000E+00 0.1114E-02 0.1230E-02 0.4264E-01 0.4542E-02 0.2617E+00 0.2208E-02 0.8046E-03 0.3565E-03 0.3689E-03 0.1292E+00 0.2682E-01 0.1187E-02 0.6661E-03 0.9229E-03 0.5172E+00 0.5202E+00 0.5142E+00 0.9192E-01 0.8124E-03 0.1136E-01 0.0000E+00
0.0000E+00 0.1654E-02 0.1772E-02 0.3096E+00 0.2679E+00 0.2631E+00 0.9911E-03 0.3232E-03 0.6622E-03 0.6749E-03 0.1265E+00 0.2748E-01 0.1485E-02 0.9560E-03 0.5128E+00 0.5155E+00 0.3141E-03 0.9924E-03 0.6724E-03 0.3222E-03 0.1029E-01 0.0000E+00
0.0000E+00 0.2259E-02 0.3133E+00 0.3118E+00 0.1967E-02 0.8941E-03 0.8900E-03 0.6550E-03 0.9710E-03 0.9930E-03 0.1242E+00 0.1525E+00 0.1954E-02 0.1457E-02 0.5137E+00 0.9373E-03 0.3133E-03 0.1826E-02 0.2841E-02 0.3198E-03 0.9549E-02 0.0000E+00
0.0000E+00 0.3104E+00 0.3110E+00 0.6076E-03 0.1097E-02 0.7637E-03 0.1812E-02 0.9435E-03 0.1284E-02 0.1343E-02 0.3607E-03 0.1526E+00 0.3544E-02 0.2621E-02 0.5116E+00 0.1187E-02 0.3230E-03 0.3191E-03 0.3465E-02 0.4107E-03 0.9087E-02 0.0000E+00
0.0000E+00 0.3076E+00 0.3672E-03 0.5167E-03 0.2378E-02 0.1039E-02 0.2017E-02 0.2333E-02 0.3026E-02 0.1956E-02 0.6592E-03 0.1536E+00 0.4924E-02 0.3320E-02 0.5102E+00 0.1556E-02 0.6336E-03 0.3228E-03 0.3969E-02 0.7099E-03 0.8796E-02 0.0000E+00
0.0000E+00 0.3046E+00 0.7707E-03 0.9665E-03 0.3530E-02 0.2949E-02 0.3602E-02 0.3994E-02 0.4661E-02 0.3269E-02 0.2932E-02 0.1519E+00 0.6279E-02 0.3722E-02 0.5070E+00 0.3647E-02 0.1773E-02 0.6238E-03 0.4071E-02 0.1126E-02 0.8505E-02 0.0000E+00
0.0000E+00 0.3022E+00 0.1099E-02 0.1577E-02 0.3272E-02 0.4600E-02 0.1799E-01 0.1254E-01 0.6914E-02 0.5242E-02 0.4803E-02 0.1535E+00 0.5204E+00 0.5124E+00 0.5084E+00 0.5881E-02 0.1060E-01 0.7161E-02 0.4451E-02 0.9902E-02 0.8598E-02 0.0000E+00
0.0000E+00 0.2994E+00 0.1500E-02 0.2275E-02 0.3295E-02 0.5138E-02 0.2113E-01 0.1430E-02 0.1429E-02 0.8712E-02 0.5789E-02 0.1542E+00 0.5240E+00 0.2590E-02 0.1306E-02 0.7685E-02 0.1377E-01 0.1944E-02 0.4073E-03 0.9703E-02 0.8196E-03 0.0000E+00
0.0000E+00 0.2979E+00 0.2981E+00 0.3031E+00 0.5159E-02 0.7329E-02 0.2421E-01 0.1610E-02 0.8170E-03 0.1184E-01 0.7389E-02 0.1531E+00 0.5242E+00 0.4631E-03 0.3620E-03 0.2264E-01 0.1463E-01 0.4951E-03 0.8140E-03 0.1048E-01 0.1066E-02 0.0000E+00
0.0000E+00 0.5005E-03 0.3526E-03 0.3009E+00 0.1740E-02 0.9597E-02 0.2713E-01 0.1218E-02 0.4337E-03 0.1453E-01 0.9038E-02 0.1516E+00 0.5235E+00 0.3442E-03 0.6575E-03 0.2163E-01 0.4179E-03 0.3697E-03 0.1298E-02 0.1129E-01 0.4049E-03 0.0000E+00
0.0000E+00 0.3543E-03 0.6438E-03 0.3011E+00 0.2299E-02 0.1186E-01 0.3071E-01 0.1336E-02 0.3134E-03 0.1710E-01 0.1110E-01 0.1525E+00 0.5235E+00 0.6290E-03 0.9526E-03 0.2238E-01 0.6981E-03 0.9818E-03 0.1671E-02 0.1138E-01 0.3312E-03 0.0000E+00
0.0000E+00 0.0000E+00 0.0000E+00 0.0000E+00 0.0000E+00 0.0000E+00 0.0000E+00 0.0000E+00 0.0000E+00 0.0000E+00 0.0000E+00 0.0000E+00 0.0000E+00 0.0000E+00 0.0000E+00 0.0000E+00 0.0000E+00 0.0000E+00 0.0000E+00 0.0000E+00 0.0000E+00 0.0000E+00
