p4_rainB_medsm_sedtr.asc
ncols     22
nrows     62
xllcorner      0.00000000
yllcorner      0.00000000
cellsize      0.50000000
nodata_value -9999
0.0000E+00 0.0000E+00 0.0000E+00 0.0000E+00 0.0000E+00 0.0000E+00 0.0000E+00 0.0000E+00 0.0000E+00 0.0000E+00 0.0000E+00 0.0000E+00 0.0000E+00 0.0000E+00 0.0000E+00 0.0000E+00 0.0000E+00 0.0000E+00 0.0000E+00 0.0000E+00 0.0000E+00 0.0000E+00
0.0000E+00 0.2332E-01 0.1702E-01 0.1693E-01 0.3459E-01 0.8001E-02 0.2917E-01 0.5264E-01 0.2405E-01 0.3959E-01 0.1268E-02 0.1421E-01 0.4875E-01 0.3381E-01 0.6128E-01 0.7944E-01 0.7086E-01 0.3621E-01 0.1372E-01 0.2880E-01 0.4663E-01 0.0000E+00
0.0000E+00 0.4429E-01 0.8157E-01 0.2299E-01 0.3764E-01 0.6136E-01 0.3455E-01 0.9919E-01 0.4702E-01 0.9106E-01 0.5317E-01 0.4811E-01 0.1169E+00 0.8027E-01 0.7184E-01 0.7851E-01 0.1481E+00 0.9934E-01 0.5125E-01 0.4492E-01 0.1900E-01 0.0000E+00
0.0000E+00 0.8675E-01 0.1330E+00 0.8094E-01 0.3458E-01 0.6279E-01 0.1079E+00 0.1173E+00 0.2464E-01 0.9821E-01 0.5118E-01 0.5269E-02 0.1104E+00 0.5824E-01 0.5309E-01 0.2470E-01 0.1424E+00 0.1822E-01 0.1568E-01 0.5377E-01 0.1583E-01 0.0000E+00
0.0000E+00 0.1260E+00 0.1450E+00 0.7013E-01 0.1137E-01 0.1347E+00 0.1036E-01 0.7709E-01 0.4201E-01 0.9168E-01 0.1026E+00 0.4979E-01 0.1401E+00 0.1012E+00 0.8273E-01 0.7358E-01 0.1090E+00 0.8993E-01 0.5774E-01 0.4467E-01 0.3107E-01 0.0000E+00
0.0000E+00 0.1080E+00 0.1553E+00 0.7566E-01 0.5073E-01 0.1069E+00 0.1074E-01 0.6567E-01 0.9147E-01 0.9956E-01 0.7413E-01 0.2757E-01 0.1472E+00 0.1299E+00 0.8118E-01 0.8847E-02 0.3912E-01 0.6512E-01 0.1374E+00 0.8398E-01 0.6321E-01 0.0000E+00
0.0000E+00 0.5790E-01 0.1589E+00 0.4368E-01 0.4428E-01 0.1200E+00 0.5177E-01 0.1510E+00 0.1450E+00 0.1031E+00 0.1112E+00 0.9111E-01 0.1747E+00 0.1230E+00 0.1212E+00 0.1229E-01 0.1072E-01 0.2241E-01 0.1309E+00 0.5639E-01 0.4048E-01 0.0000E+00
0.0000E+00 0.4670E-01 0.1480E+00 0.1267E-01 0.2608E-01 0.8688E-01 0.1280E+00 0.2018E+00 0.2184E+00 0.1178E+00 0.1121E-01 0.5928E-01 0.1518E+00 0.1271E+00 0.1535E+00 0.2054E-01 0.2070E-01 0.4239E-01 0.1200E+00 0.2738E-01 0.1635E-01 0.0000E+00
0.0000E+00 0.1112E+00 0.1208E+00 0.1253E-01 0.1088E+00 0.1495E+00 0.1663E+00 0.1177E+00 0.1381E+00 0.2344E-01 0.2294E-01 0.5578E-01 0.1776E+00 0.1938E+00 0.1788E+00 0.4203E-01 0.1779E-01 0.1200E+00 0.1095E+00 0.4220E-01 0.6122E-01 0.0000E+00
0.0000E+00 0.1454E+00 0.1613E+00 0.8770E-01 0.1360E+00 0.1161E+00 0.9776E-01 0.1176E+00 0.1048E+00 0.7995E-01 0.9187E-01 0.4479E-01 0.1733E+00 0.8716E-01 0.8594E-01 0.7065E-01 0.7590E-01 0.1569E+00 0.3898E-01 0.3932E-01 0.1298E+00 0.0000E+00
0.0000E+00 0.7962E-01 0.1301E+00 0.1124E+00 0.1311E+00 0.1062E+00 0.1148E+00 0.1790E+00 0.9754E-01 0.7347E-01 0.1411E+00 0.8879E-01 0.1938E+00 0.9456E-01 0.9706E-01 0.7384E-01 0.6318E-01 0.1109E+00 0.4774E-01 0.3346E-01 0.9054E-01 0.0000E+00
0.0000E+00 0.1172E+00 0.1334E+00 0.1182E+00 0.9653E-01 0.8234E-01 0.9561E-01 0.1895E+00 0.7877E-01 0.4892E-01 0.1365E+00 0.5045E-01 0.1365E+00 0.8841E-02 0.1961E+00 0.1284E+00 0.1096E+00 0.1234E+00 0.9023E-01 0.4458E-01 0.1160E+00 0.0000E+00
0.0000E+00 0.8808E-01 0.1276E+00 0.1364E+00 0.1394E+00 0.3726E-01 0.1233E+00 0.1535E+00 0.1809E+00 0.2444E-01 0.1441E+00 0.4074E-01 0.8973E-01 0.5030E-01 0.1598E+00 0.1636E+00 0.1376E+00 0.1531E+00 0.9117E-01 0.4437E-01 0.8720E-01 0.0000E+00
0.0000E+00 0.1044E+00 0.1230E+00 0.1612E+00 0.2013E+00 0.1340E+00 0.6752E-01 0.3731E-01 0.1785E+00 0.4640E-01 0.1740E+00 0.8352E-01 0.1547E-01 0.1660E-01 0.9550E-01 0.1753E+00 0.1076E+00 0.1005E+00 0.1191E+00 0.6077E-01 0.5804E-01 0.0000E+00
0.0000E+00 0.6327E-01 0.1080E+00 0.1543E+00 0.1857E+00 0.1195E+00 0.1460E+00 0.8276E-01 0.1456E+00 0.7573E-01 0.1987E+00 0.1084E+00 0.4235E-01 0.7684E-01 0.1466E+00 0.1894E+00 0.1085E+00 0.1197E+00 0.1392E+00 0.1967E-01 0.2248E-01 0.0000E+00
0.0000E+00 0.4273E-01 0.8654E-01 0.1689E+00 0.1847E+00 0.1632E+00 0.8501E-01 0.3903E-01 0.1413E+00 0.8312E-01 0.1579E+00 0.5946E-01 0.2953E-01 0.1236E+00 0.1100E+00 0.1604E+00 0.6920E-01 0.1163E+00 0.1749E+00 0.1088E+00 0.5598E-01 0.0000E+00
0.0000E+00 0.3769E-01 0.1022E+00 0.1890E+00 0.2125E+00 0.1644E+00 0.3270E-01 0.9038E-01 0.1921E+00 0.1459E+00 0.1504E+00 0.6862E-01 0.5677E-01 0.6383E-01 0.4878E-01 0.1596E+00 0.1891E+00 0.1303E+00 0.1866E+00 0.1050E+00 0.4785E-01 0.0000E+00
0.0000E+00 0.1589E-01 0.7359E-01 0.1401E+00 0.1734E+00 0.1576E+00 0.7499E-01 0.6644E-01 0.1578E+00 0.1387E+00 0.2052E+00 0.1473E+00 0.8679E-01 0.6067E-01 0.2408E-01 0.5819E-01 0.2259E+00 0.1278E+00 0.1760E+00 0.1128E+00 0.1608E+00 0.0000E+00
0.0000E+00 0.3357E-01 0.5618E-01 0.1263E+00 0.1477E+00 0.2014E+00 0.7494E-01 0.4792E-01 0.1388E+00 0.1340E+00 0.2280E+00 0.1755E+00 0.9647E-01 0.1204E-01 0.1152E-01 0.6460E-01 0.2184E+00 0.1407E+00 0.1561E+00 0.9236E-01 0.1209E+00 0.0000E+00
0.0000E+00 0.1098E+00 0.8062E-01 0.1137E+00 0.1285E+00 0.1461E+00 0.1081E-01 0.2837E-01 0.1816E+00 0.1421E+00 0.2250E+00 0.3623E-01 0.7876E-01 0.1737E-01 0.1397E-01 0.4491E-01 0.2816E+00 0.1332E+00 0.9604E-01 0.9770E-01 0.1189E+00 0.0000E+00
0.0000E+00 0.1049E+00 0.9540E-01 0.1333E+00 0.8847E-01 0.8705E-01 0.1822E-01 0.3248E-01 0.1382E+00 0.1512E+00 0.1955E+00 0.1490E+00 0.5039E-01 0.2820E-01 0.2877E-01 0.3224E-01 0.2568E+00 0.1544E-01 0.1869E-01 0.1339E+00 0.1317E+00 0.0000E+00
0.0000E+00 0.1178E+00 0.5580E-01 0.1913E+00 0.1231E+00 0.6882E-01 0.1169E-01 0.5190E-01 0.1151E+00 0.1763E+00 0.1815E+00 0.1455E+00 0.3610E-01 0.2963E-01 0.9523E-01 0.2623E-01 0.2587E+00 0.1350E+00 0.2598E-01 0.1488E+00 0.1154E+00 0.0000E+00
0.0000E+00 0.1094E+00 0.7915E-01 0.1874E+00 0.9386E-01 0.2246E-01 0.8057E-01 0.1043E+00 0.3889E-01 0.1492E+00 0.1576E+00 0.1471E+00 0.5395E-01 0.7416E-01 0.1088E+00 0.7972E-01 0.2412E+00 0.6638E-01 0.2648E-01 0.1615E+00 0.1453E+00 0.0000E+00
0.0000E+00 0.9732E-01 0.9481E-01 0.1908E+00 0.2126E-01 0.1674E-01 0.1988E+00 0.6168E-01 0.1841E-01 0.1347E+00 0.1434E+00 0.1437E+00 0.9813E-01 0.8800E-01 0.1630E+00 0.5284E-01 0.2419E+00 0.4926E-01 0.1134E+00 0.2075E+00 0.2100E+00 0.0000E+00
0.0000E+00 0.1212E+00 0.7381E-01 0.1558E+00 0.1877E-01 0.2725E-01 0.1175E+00 0.3883E-01 0.4258E-01 0.1297E+00 0.1177E+00 0.1519E+00 0.1675E+00 0.8028E-01 0.1808E+00 0.9540E-01 0.2653E+00 0.7586E-01 0.1474E+00 0.1069E+00 0.1542E+00 0.0000E+00
0.0000E+00 0.6450E-01 0.8502E-01 0.1335E+00 0.1257E+00 0.8373E-01 0.1289E+00 0.8572E-01 0.6438E-01 0.1319E+00 0.3757E-01 0.1546E-01 0.1280E+00 0.6929E-01 0.1968E+00 0.1021E+00 0.2419E+00 0.1038E+00 0.1216E+00 0.1043E+00 0.1380E+00 0.0000E+00
0.0000E+00 0.5351E-01 0.7517E-01 0.5677E-01 0.8115E-01 0.3529E-01 0.1341E+00 0.1667E+00 0.1730E+00 0.1581E+00 0.1488E+00 0.7485E-01 0.8782E-01 0.9406E-01 0.2056E+00 0.1042E+00 0.2152E+00 0.1423E+00 0.1896E+00 0.2059E+00 0.1981E+00 0.0000E+00
0.0000E+00 0.8898E-01 0.4515E-01 0.6858E-01 0.1250E+00 0.1230E+00 0.1649E+00 0.1072E+00 0.1209E+00 0.1542E+00 0.1319E+00 0.1414E+00 0.9688E-01 0.1093E+00 0.1977E+00 0.1530E+00 0.2267E+00 0.1308E+00 0.1677E+00 0.1932E+00 0.1587E+00 0.0000E+00
0.0000E+00 0.1462E+00 0.1316E+00 0.8592E-01 0.1370E+00 0.1770E+00 0.1104E+00 0.1254E+00 0.1031E+00 0.9783E-01 0.1062E+00 0.1483E+00 0.3313E-01 0.3876E-01 0.1977E+00 0.1583E+00 0.2383E+00 0.1596E+00 0.1831E+00 0.1312E+00 0.1899E+00 0.0000E+00
0.0000E+00 0.1266E+00 0.9173E-01 0.8530E-01 0.1590E+00 0.1657E+00 0.7109E-01 0.5155E-01 0.7103E-01 0.7501E-01 0.1629E+00 0.1774E+00 0.3808E-01 0.3169E-01 0.2202E+00 0.1233E+00 0.2074E+00 0.1553E+00 0.1655E+00 0.5888E-01 0.1194E+00 0.0000E+00
0.0000E+00 0.1400E+00 0.9005E-01 0.7883E-01 0.1003E+00 0.2001E+00 0.8248E-01 0.2234E-01 0.1267E+00 0.1016E+00 0.1337E+00 0.9609E-01 0.1067E+00 0.2549E-01 0.2052E+00 0.1283E+00 0.1890E+00 0.1150E+00 0.1301E+00 0.7482E-01 0.8019E-01 0.0000E+00
0.0000E+00 0.1370E+00 0.1072E+00 0.5333E-01 0.1184E+00 0.1781E+00 0.2273E-01 0.2077E-01 0.1398E+00 0.9100E-01 0.1267E+00 0.4059E-01 0.1166E+00 0.1315E+00 0.1952E+00 0.1520E+00 0.1820E+00 0.1011E+00 0.1221E+00 0.1043E+00 0.1417E+00 0.0000E+00
0.0000E+00 0.1464E+00 0.1360E+00 0.4219E-01 0.7941E-01 0.1858E+00 0.8250E-01 0.7161E-01 0.8737E-01 0.9121E-01 0.1601E+00 0.9867E-01 0.1683E+00 0.1448E+00 0.3760E-01 0.9106E-01 0.1821E+00 0.9981E-01 0.1381E+00 0.1199E+00 0.1755E+00 0.0000E+00
0.0000E+00 0.1594E+00 0.8820E-01 0.2897E-01 0.8833E-01 0.1834E+00 0.4282E-01 0.3326E-01 0.3778E-01 0.8528E-01 0.1493E+00 0.5540E-01 0.1138E+00 0.2029E+00 0.1367E+00 0.2040E+00 0.1439E+00 0.4261E-01 0.1113E+00 0.1148E+00 0.1484E+00 0.0000E+00
0.0000E+00 0.1680E+00 0.1500E+00 0.1388E+00 0.1649E+00 0.1855E+00 0.7579E-01 0.1316E+00 0.1407E+00 0.1450E+00 0.1162E+00 0.6540E-01 0.1291E+00 0.1691E+00 0.1616E+00 0.2118E+00 0.9202E-01 0.3821E-01 0.4720E-01 0.2445E-01 0.1594E+00 0.0000E+00
0.0000E+00 0.1919E+00 0.1922E+00 0.1627E+00 0.9223E-01 0.1813E+00 0.1094E+00 0.1184E+00 0.8241E-01 0.1300E+00 0.1443E+00 0.3768E-01 0.9829E-01 0.1905E+00 0.2649E+00 0.2071E+00 0.1183E+00 0.5552E-01 0.6716E-01 0.1036E+00 0.1858E+00 0.0000E+00
0.0000E+00 0.2432E+00 0.1883E+00 0.1515E+00 0.5402E-01 0.1634E+00 0.9797E-01 0.1389E+00 0.1410E+00 0.9987E-01 0.1072E+00 0.6333E-01 0.2376E-01 0.1701E+00 0.2266E+00 0.5507E-01 0.7158E-01 0.1883E-01 0.1638E-01 0.5387E-01 0.1477E+00 0.0000E+00
0.0000E+00 0.2360E+00 0.5811E-01 0.3755E-01 0.1278E+00 0.1606E+00 0.1239E+00 0.1732E+00 0.2121E+00 0.7911E-01 0.1209E+00 0.7796E-01 0.1145E-01 0.1754E+00 0.2079E+00 0.1304E+00 0.9008E-01 0.2533E-01 0.2485E-01 0.7339E-01 0.1406E+00 0.0000E+00
0.0000E+00 0.2554E+00 0.1873E-01 0.2809E-01 0.2498E+00 0.2303E+00 0.1979E+00 0.2212E+00 0.2419E+00 0.6774E-01 0.1520E+00 0.9371E-01 0.3548E-01 0.1630E+00 0.3316E+00 0.1389E+00 0.8065E-01 0.7711E-01 0.3780E-01 0.5203E-01 0.1280E+00 0.0000E+00
0.0000E+00 0.2229E+00 0.2225E-01 0.2696E-01 0.2495E+00 0.2011E+00 0.1803E+00 0.1538E+00 0.2051E+00 0.3134E-01 0.1153E+00 0.1743E+00 0.1007E-01 0.5909E-01 0.3064E+00 0.8430E-01 0.8556E-01 0.5258E-01 0.2659E-01 0.7109E-01 0.7293E-01 0.0000E+00
0.0000E+00 0.1731E+00 0.1774E-01 0.7584E-01 0.3301E+00 0.2340E+00 0.1173E+00 0.1164E+00 0.2552E+00 0.7920E-01 0.7862E-01 0.1275E+00 0.1698E-01 0.3600E-01 0.2732E+00 0.2669E+00 0.2876E+00 0.1252E+00 0.8280E-01 0.6569E-01 0.3434E-02 0.0000E+00
0.0000E+00 0.1247E+00 0.1015E+00 0.1072E+00 0.2825E+00 0.8860E-01 0.1171E+00 0.3774E-01 0.1767E+00 0.7393E-01 0.1079E+00 0.1390E+00 0.2749E-01 0.5103E-01 0.3801E-01 0.5990E-01 0.3231E+00 0.8807E-01 0.1569E+00 0.1474E+00 0.5899E-01 0.0000E+00
0.0000E+00 0.2985E-01 0.8421E-01 0.1194E+00 0.2430E+00 0.1589E+00 0.6975E-01 0.3962E-01 0.1812E+00 0.6825E-01 0.1843E+00 0.1754E+00 0.1005E+00 0.1193E+00 0.5539E-01 0.9305E-01 0.3258E+00 0.1406E+00 0.1568E+00 0.2013E+00 0.1896E+00 0.0000E+00
0.0000E+00 0.6478E-01 0.5632E-01 0.1482E+00 0.1833E+00 0.2211E+00 0.2393E+00 0.1443E+00 0.2076E+00 0.5987E-01 0.1596E+00 0.1624E+00 0.1255E+00 0.1481E+00 0.5126E-01 0.9872E-02 0.3073E+00 0.3455E+00 0.1956E+00 0.1582E+00 0.1891E+00 0.0000E+00
0.0000E+00 0.4362E-01 0.1068E+00 0.2187E+00 0.4596E-01 0.8722E-01 0.2449E+00 0.1754E+00 0.1579E+00 0.5467E-01 0.1484E+00 0.1584E+00 0.1130E+00 0.1424E+00 0.3286E-01 0.1105E-01 0.4080E-01 0.3230E+00 0.1405E+00 0.1512E+00 0.1852E+00 0.0000E+00
0.0000E+00 0.3676E-01 0.5819E-01 0.2307E+00 0.1109E+00 0.6343E-01 0.3519E+00 0.1676E+00 0.4537E-01 0.7505E-01 0.1726E+00 0.1928E+00 0.1340E+00 0.1238E+00 0.4360E-01 0.1693E-01 0.4481E-01 0.3297E+00 0.7364E-01 0.1816E+00 0.1405E+00 0.0000E+00
0.0000E+00 0.1853E-01 0.5373E-01 0.1936E+00 0.6194E-01 0.7852E-01 0.3483E+00 0.9086E-01 0.1910E-01 0.4637E-01 0.1439E+00 0.1258E+00 0.1116E+00 0.9955E-01 0.2022E-01 0.9750E-01 0.2233E-01 0.3606E+00 0.3930E-01 0.1434E+00 0.9802E-01 0.0000E+00
0.0000E+00 0.1025E-01 0.2862E-01 0.1663E+00 0.1210E+00 0.1503E+00 0.3429E+00 0.1053E+00 0.1377E-01 0.6439E-01 0.1380E+00 0.1956E+00 0.9332E-01 0.8918E-01 0.4514E-01 0.6753E-01 0.4494E-01 0.3652E+00 0.1073E-01 0.1605E+00 0.1055E+00 0.0000E+00
0.0000E+00 0.3811E-01 0.3926E-01 0.1548E+00 0.1476E+00 0.8549E-01 0.3708E+00 0.1226E+00 0.6759E-01 0.3413E-01 0.1338E+00 0.2007E+00 0.1270E+00 0.9281E-01 0.2360E-01 0.4479E-01 0.1421E+00 0.3600E+00 0.1021E+00 0.1543E+00 0.8418E-01 0.0000E+00
0.0000E+00 0.1499E+00 0.1312E+00 0.1737E+00 0.1421E+00 0.4146E+00 0.3791E+00 0.8825E-01 0.3353E-01 0.3320E-01 0.1533E+00 0.1546E+00 0.6154E-01 0.8305E-01 0.1183E+00 0.2588E-01 0.1336E+00 0.3346E+00 0.1414E+00 0.1215E+00 0.3692E-01 0.0000E+00
0.0000E+00 0.1419E+00 0.1587E+00 0.1600E+00 0.1370E+00 0.4504E+00 0.1475E+00 0.7930E-01 0.7678E-01 0.8411E-01 0.1859E+00 0.1941E+00 0.1133E+00 0.1412E+00 0.1339E+00 0.3116E+00 0.3231E+00 0.3192E+00 0.1052E+00 0.5325E-01 0.6209E-01 0.0000E+00
0.0000E+00 0.1098E+00 0.1255E+00 0.5506E+00 0.4571E+00 0.4150E+00 0.9601E-01 0.1570E-01 0.4343E-01 0.4855E-01 0.1426E+00 0.2175E+00 0.1762E+00 0.8003E-01 0.3728E+00 0.3478E+00 0.4008E-01 0.6655E-01 0.9119E-01 0.8636E-02 0.2302E-01 0.0000E+00
0.0000E+00 0.1177E+00 0.5459E+00 0.5260E+00 0.1077E+00 0.5139E-01 0.7604E-01 0.3199E-01 0.4025E-01 0.8039E-01 0.1508E+00 0.2669E+00 0.1289E+00 0.1333E+00 0.3569E+00 0.9378E-01 0.5777E-02 0.4447E-01 0.7392E-01 0.1109E-01 0.1268E-01 0.0000E+00
0.0000E+00 0.5599E+00 0.5227E+00 0.3281E-01 0.8117E-01 0.8916E-01 0.1616E+00 0.2628E-01 0.3610E-01 0.1507E+00 0.9685E-01 0.2425E+00 0.1555E+00 0.1045E+00 0.3746E+00 0.5821E-01 0.1578E-01 0.1041E-01 0.7356E-01 0.6026E-01 0.4166E-01 0.0000E+00
0.0000E+00 0.5681E+00 0.7273E-01 0.7751E-01 0.9697E-01 0.5047E-01 0.1000E+00 0.8811E-01 0.9458E-01 0.1106E+00 0.4656E-01 0.2194E+00 0.1467E+00 0.1480E+00 0.3869E+00 0.5109E-01 0.2578E-01 0.2063E-01 0.1476E+00 0.3762E-01 0.4780E-01 0.0000E+00
0.0000E+00 0.5644E+00 0.1303E+00 0.1031E+00 0.1089E+00 0.1023E+00 0.1282E+00 0.8370E-01 0.7926E-01 0.8379E-01 0.5390E-01 0.1995E+00 0.1298E+00 0.1060E+00 0.3888E+00 0.1063E+00 0.6843E-01 0.1765E-01 0.8175E-01 0.4890E-01 0.3523E-01 0.0000E+00
0.0000E+00 0.5990E+00 0.1374E+00 0.1072E+00 0.6879E-01 0.1420E+00 0.1690E+00 0.1034E+00 0.4281E-01 0.8559E-01 0.6437E-01 0.1843E+00 0.3743E+00 0.3280E+00 0.3278E+00 0.3671E-01 0.1141E+00 0.1530E+00 0.1248E+00 0.1107E+00 0.8934E-01 0.0000E+00
0.0000E+00 0.5845E+00 0.1299E+00 0.1268E+00 0.5632E-01 0.1345E+00 0.1834E+00 0.7900E-01 0.1603E-01 0.1493E+00 0.1430E+00 0.1915E+00 0.3622E+00 0.7124E-01 0.3666E-01 0.4319E-01 0.7450E-01 0.4040E-01 0.3827E-01 0.1673E+00 0.6991E-01 0.0000E+00
0.0000E+00 0.4611E+00 0.4232E+00 0.4267E+00 0.3112E-01 0.1439E+00 0.2357E+00 0.1153E+00 0.6367E-01 0.2094E+00 0.1768E+00 0.1666E+00 0.3817E+00 0.6344E-01 0.5970E-01 0.1293E+00 0.4992E-01 0.4660E-01 0.7558E-01 0.1439E+00 0.1005E+00 0.0000E+00
0.0000E+00 0.1426E-01 0.2163E-01 0.3946E+00 0.4370E-01 0.1463E+00 0.2750E+00 0.1231E+00 0.3348E-01 0.2091E+00 0.1603E+00 0.1484E+00 0.3782E+00 0.5060E-01 0.2817E-01 0.8339E-01 0.8699E-01 0.9138E-01 0.8166E-01 0.9839E-01 0.3187E-01 0.0000E+00
0.0000E+00 0.2897E-01 0.6152E-01 0.3723E+00 0.6249E-01 0.1333E+00 0.2347E+00 0.7438E-01 0.5617E-02 0.1696E+00 0.1439E+00 0.1253E+00 0.3722E+00 0.1857E-01 0.3943E-01 0.9609E-01 0.3481E-01 0.6896E-01 0.6338E-01 0.6313E-01 0.2049E-01 0.0000E+00
0.0000E+00 0.0000E+00 0.0000E+00 0.0000E+00 0.0000E+00 0.0000E+00 0.0000E+00 0.0000E+00 0.0000E+00 0.0000E+00 0.0000E+00 0.0000E+00 0.0000E+00 0.0000E+00 0.0000E+00 0.0000E+00 0.0000E+00 0.0000E+00 0.0000E+00 0.0000E+00 0.0000E+00 0.0000E+00
