p4_rainB_medsm_dschg.asc
ncols     22
nrows     62
xllcorner      0.00000000
yllcorner      0.00000000
cellsize      0.50000000
nodata_value -9999
0.0000E+00 0.0000E+00 0.0000E+00 0.0000E+00 0.0000E+00 0.0000E+00 0.0000E+00 0.0000E+00 0.0000E+00 0.0000E+00 0.0000E+00 0.0000E+00 0.0000E+00 0.0000E+00 0.0000E+00 0.0000E+00 0.0000E+00 0.0000E+00 0.0000E+00 0.0000E+00 0.0000E+00 0.0000E+00
0.0000E+00 0.1720E-02 0.4865E-02 0.1734E-02 0.2306E-02 0.4951E-02 0.2650E-02 0.2822E-02 0.1562E-02 0.2172E-02 0.3699E-02 0.2986E-02 0.3380E-02 0.2791E-02 0.3037E-02 0.2842E-02 0.3379E-02 0.2534E-02 0.1726E-02 0.3200E-02 0.1921E-02 0.0000E+00
0.0000E+00 0.1651E-02 0.7993E-02 0.1681E-02 0.3596E-02 0.1194E-01 0.1778E-01 0.5470E-02 0.3255E-02 0.5238E-02 0.6759E-02 0.5696E-02 0.1308E-01 0.5581E-02 0.4404E-02 0.7168E-02 0.1428E-01 0.5907E-02 0.1545E-02 0.6171E-02 0.4134E-02 0.0000E+00
0.0000E+00 0.3119E-02 0.9375E-02 0.1510E-02 0.1814E-02 0.3812E-02 0.2099E-01 0.2830E-01 0.4553E-02 0.8421E-02 0.7831E-02 0.1406E-02 0.1892E-01 0.7439E-02 0.5994E-02 0.1168E-01 0.1884E-01 0.1560E-02 0.1487E-02 0.1014E-01 0.8379E-02 0.0000E+00
0.0000E+00 0.4580E-02 0.1059E-01 0.3267E-02 0.3050E-02 0.7512E-02 0.1441E-02 0.2955E-01 0.8202E-02 0.1204E-01 0.1124E-01 0.2844E-02 0.2265E-01 0.1193E-01 0.8539E-02 0.1523E-01 0.3838E-01 0.4128E-01 0.2693E-01 0.2416E-01 0.1250E-01 0.0000E+00
0.0000E+00 0.6277E-02 0.2334E-01 0.1183E-01 0.6390E-02 0.9796E-02 0.2836E-02 0.3075E-01 0.1169E-01 0.1624E-01 0.1360E-01 0.3958E-02 0.2760E-01 0.1638E-01 0.1223E-01 0.1487E-02 0.3260E-02 0.4938E-01 0.8519E-01 0.4318E-02 0.3875E-02 0.0000E+00
0.0000E+00 0.8111E-02 0.2805E-01 0.2577E-02 0.2222E-02 0.1336E-01 0.6657E-02 0.3347E-01 0.1506E-01 0.1948E-01 0.1460E-01 0.2087E-01 0.5286E-01 0.2105E-01 0.1671E-01 0.1460E-02 0.1435E-02 0.4900E-02 0.9008E-01 0.2955E-02 0.4658E-02 0.0000E+00
0.0000E+00 0.1041E-01 0.3001E-01 0.1590E-02 0.3611E-02 0.1570E-01 0.1021E-01 0.3592E-01 0.4107E-01 0.2250E-01 0.1616E-02 0.4742E-02 0.5723E-01 0.2582E-01 0.2115E-01 0.2897E-02 0.2768E-02 0.6195E-02 0.1044E+00 0.9448E-02 0.5625E-02 0.0000E+00
0.0000E+00 0.1202E-01 0.3254E-01 0.2949E-02 0.7851E-02 0.1898E-01 0.1204E-01 0.3618E-01 0.4693E-01 0.2000E-02 0.3093E-02 0.6262E-02 0.6025E-01 0.2775E-01 0.2550E-01 0.5275E-02 0.4144E-02 0.1176E+00 0.1080E+00 0.4841E-02 0.3534E-02 0.0000E+00
0.0000E+00 0.1330E-01 0.3511E-01 0.5746E-02 0.1229E-01 0.2160E-01 0.1318E-01 0.3929E-01 0.5074E-01 0.4110E-02 0.5414E-02 0.7488E-02 0.6358E-01 0.2802E-01 0.3019E-01 0.1000E-01 0.8399E-02 0.1209E+00 0.1597E-02 0.5647E-02 0.6677E-02 0.0000E+00
0.0000E+00 0.1468E-01 0.3761E-01 0.8681E-02 0.1657E-01 0.2626E-01 0.1785E-01 0.4303E-01 0.5179E-01 0.7114E-02 0.1679E-01 0.1174E-01 0.9925E-01 0.3078E-01 0.3481E-01 0.1495E-01 0.1229E-01 0.1222E+00 0.3870E-02 0.6651E-02 0.8454E-02 0.0000E+00
0.0000E+00 0.1694E-01 0.4057E-01 0.1177E-01 0.2129E-01 0.3089E-01 0.5286E-01 0.4727E-01 0.5197E-01 0.3335E-02 0.2175E-01 0.1666E-01 0.1041E+00 0.1468E-02 0.3889E-01 0.1915E-01 0.1625E-01 0.1261E+00 0.8617E-02 0.1164E-01 0.1266E-01 0.0000E+00
0.0000E+00 0.1930E-01 0.4391E-01 0.1540E-01 0.2596E-01 0.4728E-02 0.5713E-01 0.1089E+00 0.1654E+00 0.4314E-02 0.2609E-01 0.2116E-01 0.1089E+00 0.1101E+00 0.1534E+00 0.2245E-01 0.1925E-01 0.1297E+00 0.1358E-01 0.1658E-01 0.1761E-01 0.0000E+00
0.0000E+00 0.2274E-01 0.4801E-01 0.1984E-01 0.3027E-01 0.9527E-02 0.4759E-02 0.4745E-02 0.1749E+00 0.6410E-02 0.6164E-01 0.3067E-01 0.4968E-02 0.4989E-02 0.1631E+00 0.1887E+00 0.2151E-01 0.1299E+00 0.6239E-01 0.4395E-01 0.2253E-01 0.0000E+00
0.0000E+00 0.2628E-01 0.7808E-01 0.2424E-01 0.3520E-01 0.1181E-01 0.9481E-02 0.4756E-02 0.1797E+00 0.9624E-02 0.6626E-01 0.4517E-02 0.1440E-02 0.2717E-02 0.7487E-02 0.2009E+00 0.2646E-01 0.1339E+00 0.6650E-01 0.4976E-02 0.5009E-02 0.0000E+00
0.0000E+00 0.3800E-02 0.8540E-01 0.2891E-01 0.4010E-01 0.1598E-01 0.1005E-01 0.5479E-02 0.1845E+00 0.1460E-01 0.7049E-01 0.5338E-02 0.2792E-02 0.3985E-02 0.4765E-02 0.2051E+00 0.2671E-01 0.1387E+00 0.7079E-01 0.9069E-02 0.6510E-02 0.0000E+00
0.0000E+00 0.1411E-02 0.8926E-01 0.3329E-01 0.4483E-01 0.1967E-01 0.1245E-01 0.8556E-02 0.1860E+00 0.1903E-01 0.7534E-01 0.2339E-01 0.1319E-01 0.8669E-02 0.1098E-01 0.2207E+00 0.2501E+00 0.1415E+00 0.7509E-01 0.1200E-01 0.7836E-02 0.0000E+00
0.0000E+00 0.2784E-02 0.9352E-01 0.1293E+00 0.4902E-01 0.4127E-01 0.1722E-01 0.1301E-01 0.1989E+00 0.2371E-01 0.1115E+00 0.3185E-01 0.4226E-02 0.2857E-02 0.1464E-02 0.4500E-02 0.2584E+00 0.1438E+00 0.7902E-01 0.1697E-01 0.1275E-01 0.0000E+00
0.0000E+00 0.6126E-02 0.2822E-02 0.1362E+00 0.5389E-01 0.4991E-01 0.3982E-02 0.4019E-02 0.2029E+00 0.2865E-01 0.1206E+00 0.6677E-02 0.2023E-02 0.1359E-02 0.1448E-02 0.2902E-02 0.2599E+00 0.1480E+00 0.8389E-01 0.1975E-01 0.1590E-01 0.0000E+00
0.0000E+00 0.8686E-02 0.3063E-02 0.1408E+00 0.5876E-01 0.5231E-01 0.1463E-02 0.4881E-02 0.2069E+00 0.3358E-01 0.1248E+00 0.2024E-02 0.1568E-02 0.1351E-02 0.1437E-02 0.5719E-02 0.5001E+00 0.2414E+00 0.8867E-01 0.2469E-01 0.2083E-01 0.0000E+00
0.0000E+00 0.1027E-01 0.5779E-02 0.1453E+00 0.6325E-01 0.5715E-01 0.4464E-02 0.1193E-01 0.2209E+00 0.3821E-01 0.1296E+00 0.6789E-02 0.2887E-02 0.2793E-02 0.1916E-02 0.7013E-02 0.5047E+00 0.4993E-02 0.4993E-02 0.2889E-01 0.2544E-01 0.0000E+00
0.0000E+00 0.1424E-01 0.7497E-02 0.2748E+00 0.1286E+00 0.6199E-01 0.4981E-02 0.8924E-02 0.2255E+00 0.2675E+00 0.1336E+00 0.1177E-01 0.4245E-02 0.4173E-02 0.6672E-02 0.8439E-02 0.5091E+00 0.9554E-02 0.5620E-02 0.3355E-01 0.2960E-01 0.0000E+00
0.0000E+00 0.1789E-01 0.1223E-01 0.2823E+00 0.3781E-02 0.4942E-02 0.8428E-02 0.1073E-01 0.2722E-02 0.2722E+00 0.1376E+00 0.1671E-01 0.9246E-02 0.7380E-02 0.1112E-01 0.1240E-01 0.5260E+00 0.1220E-01 0.7826E-02 0.3761E-01 0.3399E-01 0.0000E+00
0.0000E+00 0.2134E-01 0.1616E-01 0.2862E+00 0.1568E-02 0.1405E-02 0.1188E-01 0.1134E-01 0.3829E-02 0.2769E+00 0.1424E+00 0.2164E-01 0.1371E-01 0.1211E-01 0.1536E-01 0.1321E-01 0.5299E+00 0.4347E-02 0.1242E-01 0.4195E-01 0.3798E-01 0.0000E+00
0.0000E+00 0.2326E-01 0.1981E-01 0.2885E+00 0.2965E-02 0.2837E-02 0.1260E-01 0.1334E-01 0.8259E-02 0.2764E+00 0.1472E+00 0.1736E+00 0.1920E+00 0.1677E-01 0.1981E-01 0.1621E-01 0.5314E+00 0.5924E-02 0.1587E-01 0.4606E-01 0.4086E-01 0.0000E+00
0.0000E+00 0.2365E-01 0.2279E-01 0.2904E+00 0.2974E+00 0.3041E+00 0.3210E+00 0.1815E-01 0.1267E-01 0.2776E+00 0.4831E-02 0.4995E-02 0.2008E+00 0.2170E-01 0.4641E-01 0.2117E-01 0.5324E+00 0.8070E-02 0.1780E-01 0.4776E-01 0.4437E-01 0.0000E+00
0.0000E+00 0.2462E-01 0.2201E-01 0.2662E-02 0.3403E-02 0.4100E-02 0.3249E+00 0.2232E-01 0.1747E-01 0.2815E+00 0.9297E-02 0.3672E-02 0.2041E+00 0.2088E+00 0.2599E+00 0.2583E-01 0.5348E+00 0.1040E-01 0.2152E-01 0.5030E-01 0.4724E-01 0.0000E+00
0.0000E+00 0.2553E-01 0.2237E-01 0.5240E-02 0.6593E-02 0.7694E-02 0.3289E+00 0.2334E-01 0.1883E-01 0.2859E+00 0.1316E-01 0.1023E-01 0.2815E-02 0.3124E-02 0.2653E+00 0.3050E-01 0.5372E+00 0.1414E-01 0.2647E-01 0.5234E-01 0.4878E-01 0.0000E+00
0.0000E+00 0.2626E-01 0.2383E-01 0.8059E-02 0.1084E-01 0.3431E+00 0.3333E+00 0.2720E-01 0.2248E-01 0.2905E+00 0.1682E-01 0.1523E-01 0.1497E-02 0.1478E-02 0.2657E+00 0.3542E-01 0.5412E+00 0.1724E-01 0.2889E-01 0.5260E-01 0.5053E-01 0.0000E+00
0.0000E+00 0.2720E-01 0.2461E-01 0.1009E-01 0.1366E-01 0.3484E+00 0.3416E-02 0.3069E-01 0.5643E-01 0.2948E+00 0.3117E+00 0.1992E-01 0.3118E-02 0.2867E-02 0.2687E+00 0.4003E-01 0.5449E+00 0.2007E-01 0.3075E-01 0.5568E-01 0.5163E-01 0.0000E+00
0.0000E+00 0.2905E-01 0.2711E-01 0.1330E-01 0.1520E-01 0.3551E+00 0.3358E-02 0.1457E-02 0.5941E-01 0.2531E-02 0.3104E+00 0.2373E-01 0.3069E-01 0.4459E-02 0.2703E+00 0.4250E-01 0.5480E+00 0.2136E-01 0.8729E-01 0.5677E-01 0.5442E-01 0.0000E+00
0.0000E+00 0.3043E-01 0.2985E-01 0.1505E-01 0.1965E-01 0.3590E+00 0.1661E-02 0.2847E-02 0.5999E-01 0.4236E-02 0.3092E+00 0.4354E-02 0.3971E-01 0.2830E+00 0.2740E+00 0.4337E-01 0.5488E+00 0.2229E-01 0.8813E-01 0.3560E-02 0.5818E-01 0.0000E+00
0.0000E+00 0.3132E-01 0.3257E-01 0.1668E-01 0.2430E-01 0.3616E+00 0.1808E-02 0.6805E-02 0.6975E-01 0.7485E-01 0.3129E+00 0.3597E-02 0.4321E-01 0.2873E+00 0.3501E-02 0.4343E-01 0.5501E+00 0.2352E-01 0.8895E-01 0.7706E-02 0.6278E-01 0.0000E+00
0.0000E+00 0.3246E-01 0.3345E-01 0.1729E-01 0.2879E-01 0.3640E+00 0.3174E-02 0.2923E-02 0.3875E-02 0.7640E-01 0.3170E+00 0.5188E-02 0.4433E-01 0.2913E+00 0.7999E-02 0.5961E+00 0.5528E+00 0.2719E-01 0.1201E+00 0.1322E+00 0.1982E+00 0.0000E+00
0.0000E+00 0.3343E-01 0.3523E-01 0.2056E-01 0.3100E-01 0.3667E+00 0.6753E-02 0.7690E-02 0.7864E-02 0.8006E-01 0.3198E+00 0.8330E-02 0.5551E-01 0.2900E+00 0.1054E-01 0.6041E+00 0.7126E-02 0.3020E-02 0.2160E-02 0.1499E-02 0.2038E+00 0.0000E+00
0.0000E+00 0.3522E-01 0.3713E-01 0.2242E-01 0.3128E-01 0.3698E+00 0.1020E-01 0.1190E-01 0.9556E-02 0.8430E-01 0.3223E+00 0.3599E-02 0.6292E-01 0.3570E+00 0.6125E+00 0.6036E+00 0.3065E-02 0.1468E-02 0.1430E-02 0.2854E-02 0.2050E+00 0.0000E+00
0.0000E+00 0.9943E-01 0.6282E-01 0.2500E-01 0.3218E-01 0.3730E+00 0.1290E-01 0.1561E-01 0.9897E-01 0.8761E-01 0.3236E+00 0.2858E-02 0.2516E-02 0.3641E+00 0.6153E+00 0.2687E-02 0.4468E-02 0.1469E-02 0.1464E-02 0.4212E-02 0.2044E+00 0.0000E+00
0.0000E+00 0.1046E+00 0.4360E-02 0.2769E-02 0.3534E-01 0.3762E+00 0.1588E-01 0.1797E-01 0.1036E+00 0.3554E-02 0.3279E+00 0.7604E-02 0.1972E-02 0.3693E+00 0.6199E+00 0.5464E-02 0.6560E-02 0.2892E-02 0.2886E-02 0.6329E-02 0.2090E+00 0.0000E+00
0.0000E+00 0.1052E+00 0.1485E-02 0.1518E-02 0.3816E-01 0.3763E+00 0.1707E-01 0.1933E-01 0.1045E+00 0.2296E-02 0.3283E+00 0.1205E-01 0.2942E-02 0.3743E+00 0.9976E+00 0.7817E-02 0.9150E-02 0.7843E-02 0.4960E-02 0.8262E-02 0.2132E+00 0.0000E+00
0.0000E+00 0.1066E+00 0.2831E-02 0.2945E-02 0.4153E-01 0.3762E+00 0.2078E-01 0.2168E-01 0.1074E+00 0.4505E-02 0.3297E+00 0.1625E-01 0.1163E-02 0.2210E-02 0.9997E+00 0.9687E-02 0.1313E-01 0.2089E-01 0.9169E-02 0.2284E+00 0.2169E+00 0.0000E+00
0.0000E+00 0.1082E+00 0.4184E-02 0.6840E-02 0.4494E+00 0.4047E+00 0.2464E-01 0.2544E-01 0.1446E+00 0.8421E-02 0.3335E+00 0.1760E-01 0.2597E-02 0.3603E-02 0.1003E+01 0.1014E+01 0.1028E+01 0.2552E-01 0.4107E-02 0.2333E+00 0.4947E-02 0.0000E+00
0.0000E+00 0.1087E+00 0.1167E+00 0.1127E-01 0.4527E+00 0.2853E-02 0.4036E-02 0.2808E-02 0.1514E+00 0.2993E-02 0.3382E+00 0.2020E-01 0.4107E-02 0.6957E-02 0.1625E-02 0.2860E-02 0.1029E+01 0.2611E-01 0.8356E-02 0.2365E+00 0.3814E-02 0.0000E+00
0.0000E+00 0.2777E-02 0.1234E+00 0.1385E+00 0.4555E+00 0.6615E-02 0.4957E-02 0.1865E-02 0.1556E+00 0.4946E-02 0.3424E+00 0.2449E-01 0.5845E-02 0.1099E-01 0.2330E-02 0.1465E-02 0.1034E+01 0.3064E-01 0.1157E-01 0.2357E+00 0.7652E-02 0.0000E+00
0.0000E+00 0.1671E-02 0.2846E-02 0.1426E+00 0.4579E+00 0.4662E+00 0.4722E+00 0.5091E-02 0.1564E+00 0.8273E-02 0.3551E+00 0.2942E-01 0.9426E-02 0.1234E-01 0.2104E-02 0.1411E-02 0.1039E+01 0.1074E+01 0.1580E-01 0.2345E+00 0.9857E-02 0.0000E+00
0.0000E+00 0.3061E-02 0.1950E-02 0.1454E+00 0.2407E-02 0.4278E-02 0.4808E+00 0.1622E+00 0.1558E+00 0.1757E-02 0.3589E+00 0.3380E-01 0.1174E-01 0.1374E-01 0.3432E-02 0.1420E-02 0.1861E-02 0.1080E+01 0.1772E-01 0.2338E+00 0.1119E-01 0.0000E+00
0.0000E+00 0.4441E-02 0.3307E-02 0.1457E+00 0.2041E-02 0.2593E-02 0.6547E+00 0.1695E+00 0.2827E-02 0.3178E-02 0.3579E+00 0.3527E-01 0.1310E-01 0.1535E-01 0.4824E-02 0.2824E-02 0.1487E-02 0.1081E+01 0.2014E-01 0.2579E+00 0.1243E-01 0.0000E+00
0.0000E+00 0.6381E-02 0.6845E-02 0.1472E+00 0.3472E-02 0.4733E-02 0.6626E+00 0.3812E-02 0.1586E-02 0.6072E-02 0.3561E+00 0.3599E-01 0.1409E-01 0.1730E-01 0.6001E-02 0.1230E-01 0.2887E-02 0.1079E+01 0.1499E-02 0.2632E+00 0.1327E-01 0.0000E+00
0.0000E+00 0.7826E-02 0.1657E-01 0.1653E+00 0.5915E-02 0.7325E-02 0.6663E+00 0.4526E-02 0.1530E-02 0.9229E-02 0.3593E+00 0.5482E-01 0.1546E-01 0.1871E-01 0.1508E-02 0.1771E-01 0.2392E-01 0.1081E+01 0.1439E-02 0.2669E+00 0.1823E-01 0.0000E+00
0.0000E+00 0.1635E-02 0.1723E-02 0.1657E+00 0.7992E-02 0.8339E-02 0.6926E+00 0.2293E-01 0.1426E-01 0.1146E-01 0.3618E+00 0.8121E-01 0.2280E-01 0.1959E-01 0.1423E-02 0.1484E-02 0.2531E-01 0.1083E+01 0.4268E-02 0.2706E+00 0.2262E-01 0.0000E+00
0.0000E+00 0.3152E-02 0.3220E-02 0.1656E+00 0.1057E-01 0.7102E+00 0.7008E+00 0.4914E-02 0.1514E-02 0.1750E-02 0.3644E+00 0.8360E-01 0.2640E-02 0.1505E-02 0.2837E-02 0.2834E-02 0.2724E-01 0.1087E+01 0.2727E+00 0.2698E+00 0.2672E-01 0.0000E+00
0.0000E+00 0.4680E-02 0.4926E-02 0.1654E+00 0.1407E-01 0.7164E+00 0.5966E-02 0.2470E-02 0.1521E-02 0.1544E-02 0.3639E+00 0.8465E-01 0.4096E-02 0.2958E-02 0.4233E-02 0.1393E+01 0.1393E+01 0.1367E+01 0.2782E+00 0.2454E-02 0.2981E-01 0.0000E+00
0.0000E+00 0.6578E-02 0.6831E-02 0.9028E+00 0.7369E+00 0.7211E+00 0.2819E-02 0.1381E-02 0.2940E-02 0.2971E-02 0.3623E+00 0.8705E-01 0.5448E-02 0.4317E-02 0.1395E+01 0.1394E+01 0.1368E-02 0.2840E-02 0.2824E-02 0.1393E-02 0.2960E-01 0.0000E+00
0.0000E+00 0.8647E-02 0.9181E+00 0.9101E+00 0.5673E-02 0.2658E-02 0.2643E-02 0.2754E-02 0.4313E-02 0.4385E-02 0.3608E+00 0.4504E+00 0.7193E-02 0.6148E-02 0.1397E+01 0.3486E-02 0.1440E-02 0.5461E-02 0.1064E-01 0.1432E-02 0.2986E-01 0.0000E+00
0.0000E+00 0.9253E+00 0.9184E+00 0.2064E-02 0.3029E-02 0.2296E-02 0.5295E-02 0.4146E-02 0.5724E-02 0.5879E-02 0.1522E-02 0.4520E+00 0.1097E-01 0.9279E-02 0.1397E+01 0.4747E-02 0.1474E-02 0.1460E-02 0.1348E-01 0.1633E-02 0.2993E-01 0.0000E+00
0.0000E+00 0.9236E+00 0.1573E-02 0.1878E-02 0.6386E-02 0.3621E-02 0.6680E-02 0.7634E-02 0.9743E-02 0.7930E-02 0.2933E-02 0.4547E+00 0.1447E-01 0.1162E-01 0.1396E+01 0.6274E-02 0.2902E-02 0.1462E-02 0.1528E-01 0.3017E-02 0.3014E-01 0.0000E+00
0.0000E+00 0.9214E+00 0.3212E-02 0.3619E-02 0.9561E-02 0.7874E-02 0.1046E-01 0.1151E-01 0.1358E-01 0.1124E-01 0.7629E-02 0.4542E+00 0.1792E-01 0.1345E-01 0.1394E+01 0.1077E-01 0.5989E-02 0.2820E-02 0.1621E-01 0.4690E-02 0.3029E-01 0.0000E+00
0.0000E+00 0.9199E+00 0.4673E-02 0.5631E-02 0.1024E-01 0.1173E-01 0.4812E-01 0.3354E-01 0.1820E-01 0.1552E-01 0.1184E-01 0.4576E+00 0.1429E+01 0.1409E+01 0.1396E+01 0.1537E-01 0.3489E-01 0.2506E-01 0.1783E-01 0.3721E-01 0.3130E-01 0.0000E+00
0.0000E+00 0.9177E+00 0.6281E-02 0.7905E-02 0.1108E-01 0.1409E-01 0.5561E-01 0.3539E-02 0.3557E-02 0.2347E-01 0.1482E-01 0.4600E+00 0.1438E+01 0.6722E-02 0.3364E-02 0.1944E-01 0.4237E-01 0.4317E-02 0.1651E-02 0.3750E-01 0.2508E-02 0.0000E+00
0.0000E+00 0.9174E+00 0.9225E+00 0.9435E+00 0.1517E-01 0.1866E-01 0.6307E-01 0.3824E-02 0.2522E-02 0.3073E-01 0.1860E-01 0.4602E+00 0.1441E+01 0.1776E-02 0.1534E-02 0.6766E-01 0.4618E-01 0.1824E-02 0.3297E-02 0.4137E-01 0.3831E-02 0.0000E+00
0.0000E+00 0.1823E-02 0.1528E-02 0.9430E+00 0.4019E-02 0.2335E-01 0.7025E-01 0.3245E-02 0.1702E-02 0.3710E-01 0.2247E-01 0.4599E+00 0.1441E+01 0.1509E-02 0.2902E-02 0.6751E-01 0.1667E-02 0.1566E-02 0.5069E-02 0.4480E-01 0.1623E-02 0.0000E+00
0.0000E+00 0.1523E-02 0.2825E-02 0.9462E+00 0.6346E-02 0.2797E-01 0.7827E-01 0.3391E-02 0.1364E-02 0.4310E-01 0.2686E-01 0.4623E+00 0.1442E+01 0.2860E-02 0.4294E-02 0.7476E-01 0.2892E-02 0.3640E-02 0.6643E-02 0.4587E-01 0.1463E-02 0.0000E+00
0.0000E+00 0.0000E+00 0.0000E+00 0.0000E+00 0.0000E+00 0.0000E+00 0.0000E+00 0.0000E+00 0.0000E+00 0.0000E+00 0.0000E+00 0.0000E+00 0.0000E+00 0.0000E+00 0.0000E+00 0.0000E+00 0.0000E+00 0.0000E+00 0.0000E+00 0.0000E+00 0.0000E+00 0.0000E+00
